# Time (seconds),f0
0.0078125,953.3463745117188
0.0234375,953.2737426757812
0.0390625,953.2762451171875
0.0546875,953.2710571289062
0.0703125,953.2779541015625
0.0859375,953.279296875
0.1015625,953.2545166015625
0.1171875,953.2853393554688
0.1328125,953.278076171875
0.1484375,953.2990112304688
0.1640625,953.2741088867188
0.1796875,953.2796630859375
0.1953125,953.2697143554688
0.2109375,953.2715454101562
0.2265625,953.2794799804688
0.2421875,953.2604370117188
0.2578125,953.284912109375
0.2734375,953.2667846679688
0.2890625,953.280029296875
0.3046875,953.2780151367188
0.3203125,953.272216796875
0.3359375,953.2678833007812
0.3515625,953.2717895507812
0.3671875,953.2704467773438
0.3828125,953.2697143554688
0.3984375,953.2680053710938
0.4140625,953.2788696289062
0.4296875,953.282470703125
0.4453125,953.2770385742188
0.4609375,953.2693481445312
0.4765625,953.2548217773438
0.4921875,953.283203125
0.5078125,953.2490234375
0.5234375,953.2715454101562
0.5390625,953.2749633789062
0.5546875,953.2973022460938
0.5703125,953.2979736328125
0.5859375,953.3611450195312
0.6015625,953.3340454101562
0.6171875,953.3735961914062
0.6328125,953.369873046875
0.6484375,953.380859375
0.6640625,953.3712158203125
0.6796875,953.3963623046875
0.6953125,953.390625
0.7109375,953.388427734375
0.7265625,953.3994140625
0.7421875,953.3986206054688
0.7578125,953.3806762695312
0.7734375,953.3692016601562
0.7890625,953.4122924804688
0.8046875,953.4185791015625
0.8203125,953.433349609375
0.8359375,953.4671020507812
0.8515625,953.3945922851562
0.8671875,953.406005859375
0.8828125,953.443115234375
0.8984375,953.4345092773438
0.9140625,953.4097290039062
0.9296875,953.427490234375
0.9453125,953.43701171875
0.9609375,953.4205322265625
0.9765625,953.4053955078125
0.9921875,953.4244384765625
1.0078125,953.4591674804688
1.0234375,953.4696655273438
1.0390625,953.4239501953125
1.0546875,953.4592895507812
1.0703125,953.482421875
1.0859375,953.5181274414062
1.1015625,953.461669921875
1.1171875,953.45849609375
1.1328125,953.4771728515625
1.1484375,953.4409790039062
1.1640625,953.4509887695312
1.1796875,953.4521484375
1.1953125,953.4256591796875
1.2109375,953.4299926757812
1.2265625,953.4501953125
1.2421875,953.454833984375
1.2578125,953.4554443359375
1.2734375,953.4468383789062
1.2890625,953.4644165039062
1.3046875,953.4520263671875
1.3203125,953.4359741210938
1.3359375,953.4357299804688
1.3515625,953.4981689453125
1.3671875,953.4276123046875
1.3828125,953.4124145507812
1.3984375,953.4340209960938
1.4140625,953.4364624023438
1.4296875,953.432373046875
1.4453125,953.4572143554688
1.4609375,953.4412231445312
1.4765625,953.4384765625
1.4921875,953.4314575195312
1.5078125,953.43310546875
1.5234375,953.4578857421875
1.5390625,953.42333984375
1.5546875,953.4406127929688
1.5703125,953.4456176757812
1.5859375,953.428466796875
1.6015625,953.4296875
1.6171875,953.4158325195312
1.6328125,953.4111328125
1.6484375,953.4077758789062
1.6640625,953.40185546875
1.6796875,953.3864135742188
1.6953125,953.392578125
1.7109375,953.3829345703125
1.7265625,953.4112548828125
1.7421875,953.387451171875
1.7578125,953.3854370117188
1.7734375,953.3849487304688
1.7890625,953.375732421875
1.8046875,953.3659057617188
1.8203125,953.376220703125
1.8359375,953.3729248046875
1.8515625,953.3653564453125
1.8671875,953.3790893554688
1.8828125,953.3540649414062
1.8984375,953.3540649414062
1.9140625,953.3478393554688
1.9296875,953.3421630859375
1.9453125,953.3536376953125
1.9609375,953.345458984375
1.9765625,953.3441162109375
1.9921875,953.3418579101562
2.0078125,953.3356323242188
2.0234375,953.3410034179688
2.0390625,953.3412475585938
2.0546875,953.3267822265625
2.0703125,953.3439331054688
2.0859375,953.3440551757812
2.1015625,953.3153686523438
2.1171875,953.3413696289062
2.1328125,953.328857421875
2.1484375,953.343505859375
2.1640625,953.3263549804688
2.1796875,953.3394165039062
2.1953125,953.3422241210938
2.2109375,953.3189697265625
2.2265625,953.3331909179688
2.2421875,953.3274536132812
2.2578125,953.3449096679688
2.2734375,953.3270874023438
2.2890625,953.333740234375
2.3046875,953.3207397460938
2.3203125,953.328125
2.3359375,953.3212280273438
2.3515625,953.3184204101562
2.3671875,953.3165893554688
2.3828125,953.3234252929688
2.3984375,953.309814453125
2.4140625,953.3179321289062
2.4296875,953.3179321289062
2.4453125,953.3155517578125
2.4609375,953.3155517578125
2.4765625,953.31982421875
2.4921875,953.3296508789062
2.5078125,953.3185424804688
2.5234375,953.324951171875
2.5390625,953.319580078125
2.5546875,953.3356323242188
2.5703125,953.3170776367188
2.5859375,953.3313598632812
2.6015625,953.3185424804688
2.6171875,953.311767578125
2.6328125,953.3180541992188
2.6484375,953.3355102539062
2.6640625,953.3098754882812
2.6796875,953.3175048828125
2.6953125,953.3147583007812
2.7109375,953.3153686523438
2.7265625,953.3165283203125
2.7421875,953.3145141601562
2.7578125,953.3198852539062
2.7734375,953.3153076171875
2.7890625,953.316162109375
2.8046875,953.2907104492188
2.8203125,953.306396484375
2.8359375,953.3125610351562
2.8515625,953.2862548828125
2.8671875,953.3192138671875
2.8828125,953.290283203125
2.8984375,953.330078125
2.9140625,953.3126831054688
2.9296875,953.3109741210938
2.9453125,953.3104248046875
2.9609375,953.32177734375
2.9765625,953.3231201171875
2.9921875,953.322998046875
3.0078125,953.34765625
3.0234375,953.3387451171875
3.0390625,953.373046875
3.0546875,953.3380737304688
3.0703125,953.3569946289062
3.0859375,953.3489379882812
3.1015625,953.375732421875
3.1171875,953.3493041992188
3.1328125,953.425537109375
3.1484375,953.4397583007812
3.1640625,953.3775634765625
3.1796875,953.3595581054688
3.1953125,953.4147338867188
3.2109375,953.3975830078125
3.2265625,953.4005737304688
3.2421875,953.404052734375
3.2578125,953.3690185546875
3.2734375,953.3695678710938
3.2890625,953.3434448242188
3.3046875,953.348388671875
3.3203125,953.3832397460938
3.3359375,953.386474609375
3.3515625,953.3544311523438
3.3671875,953.372314453125
3.3828125,953.3500366210938
3.3984375,953.3627319335938
3.4140625,953.3732299804688
3.4296875,953.378662109375
3.4453125,953.3656005859375
3.4609375,953.3895263671875
3.4765625,953.3917236328125
3.4921875,953.35546875
3.5078125,953.3494873046875
3.5234375,953.3614501953125
3.5390625,953.3672485351562
3.5546875,953.3493041992188
3.5703125,953.3731079101562
3.5859375,953.3954467773438
3.6015625,953.36669921875
3.6171875,953.3633422851562
3.6328125,953.3722534179688
3.6484375,953.3716430664062
3.6640625,953.365966796875
3.6796875,953.3814086914062
3.6953125,953.4232788085938
3.7109375,953.4044799804688
3.7265625,953.3812866210938
3.7421875,953.419189453125
3.7578125,953.406982421875
3.7734375,953.4169311523438
3.7890625,953.392578125
3.8046875,953.4436645507812
3.8203125,953.3859252929688
3.8359375,953.4303588867188
3.8515625,953.4373168945312
3.8671875,953.4163818359375
3.8828125,953.4320678710938
3.8984375,953.4127197265625
3.9140625,953.4290161132812
3.9296875,953.4088134765625
3.9453125,953.423828125
3.9609375,953.4080200195312
3.9765625,953.4122924804688
3.9921875,953.408203125
4.0078125,953.3834838867188
4.0234375,953.3790283203125
4.0390625,953.39453125
4.0546875,953.3737182617188
4.0703125,953.3948364257812
4.0859375,953.37451171875
4.1015625,953.3793334960938
4.1171875,953.3673706054688
4.1328125,953.3675537109375
4.1484375,953.3692016601562
4.1640625,953.3574829101562
4.1796875,953.364013671875
4.1953125,953.3572387695312
4.2109375,953.3508911132812
4.2265625,953.3656005859375
4.2421875,953.363037109375
4.2578125,953.3482666015625
4.2734375,953.35302734375
4.2890625,953.350830078125
4.3046875,953.3485107421875
4.3203125,953.3430786132812
4.3359375,953.3328857421875
4.3515625,953.3364868164062
4.3671875,953.3429565429688
4.3828125,953.3434448242188
4.3984375,953.3361206054688
4.4140625,953.3350830078125
4.4296875,953.3272705078125
4.4453125,953.3412475585938
4.4609375,953.315673828125
4.4765625,953.3338012695312
4.4921875,953.3242797851562
4.5078125,953.3273315429688
4.5234375,953.3331298828125
4.5390625,953.345458984375
4.5546875,953.3270874023438
4.5703125,953.346435546875
4.5859375,953.3391723632812
4.6015625,953.315673828125
4.6171875,953.3409423828125
4.6328125,953.3226318359375
4.6484375,953.323974609375
4.6640625,953.3360595703125
4.6796875,953.3419189453125
4.6953125,953.3173217773438
4.7109375,953.3394165039062
4.7265625,953.3226318359375
4.7421875,953.3338623046875
4.7578125,953.3395385742188
4.7734375,953.3220825195312
4.7890625,953.3245849609375
4.8046875,953.3388061523438
4.8203125,953.3223876953125
4.8359375,953.3108520507812
4.8515625,953.325927734375
4.8671875,953.3074951171875
4.8828125,953.327392578125
4.8984375,953.3170776367188
4.9140625,953.3267211914062
4.9296875,953.3284301757812
4.9453125,953.3203125
4.9609375,953.3274536132812
4.9765625,953.3363037109375
4.9921875,953.327880859375
5.0078125,953.30859375
5.0234375,953.3116455078125
5.0390625,953.3195190429688
5.0546875,953.3126831054688
5.0703125,953.3208618164062
5.0859375,953.3226318359375
5.1015625,953.3203125
5.1171875,953.32958984375
5.1328125,953.3245849609375
5.1484375,953.323974609375
5.1640625,953.3291015625
5.1796875,953.33349609375
5.1953125,953.3400268554688
5.2109375,953.31396484375
5.2265625,953.3651123046875
5.2421875,953.365966796875
5.2578125,953.35498046875
5.2734375,953.3482666015625
5.2890625,953.3101196289062
5.3046875,953.3303833007812
5.3203125,953.3526611328125
5.3359375,953.3772583007812
5.3515625,953.3703002929688
5.3671875,953.311279296875
5.3828125,953.35546875
5.3984375,953.3616943359375
5.4140625,953.3677978515625
5.4296875,953.338623046875
5.4453125,953.3558349609375
5.4609375,953.3455200195312
5.4765625,953.3455200195312
5.4921875,953.3392944335938
5.5078125,953.3422241210938
5.5234375,953.3486328125
5.5390625,953.339111328125
5.5546875,953.3610229492188
5.5703125,953.3455810546875
5.5859375,953.3331909179688
5.6015625,953.3439331054688
5.6171875,953.3209228515625
5.6328125,953.3311767578125
5.6484375,953.3319091796875
5.6640625,953.3302001953125
5.6796875,953.337158203125
5.6953125,953.3244018554688
5.7109375,953.3479614257812
5.7265625,953.323486328125
5.7421875,953.3368530273438
5.7578125,953.3344116210938
5.7734375,953.328857421875
5.7890625,953.3260498046875
5.8046875,953.3273315429688
5.8203125,953.343505859375
5.8359375,953.3212890625
5.8515625,953.3360595703125
5.8671875,953.3362426757812
5.8828125,953.36083984375
5.8984375,953.351318359375
5.9140625,953.3547973632812
5.9296875,953.3385620117188
5.9453125,953.3265380859375
5.9609375,953.342529296875
5.9765625,953.3468627929688
5.9921875,953.3363647460938
6.0078125,953.3298950195312
6.0234375,953.3182373046875
6.0390625,953.3196411132812
6.0546875,953.3455810546875
6.0703125,953.3449096679688
6.0859375,953.3373413085938
6.1015625,953.345458984375
6.1171875,953.3345947265625
6.1328125,953.3341064453125
6.1484375,953.3094482421875
6.1640625,953.3270263671875
6.1796875,953.341552734375
6.1953125,953.327880859375
6.2109375,953.302001953125
6.2265625,953.3190307617188
6.2421875,953.3272705078125
6.2578125,953.3263549804688
6.2734375,953.3262939453125
6.2890625,953.3270874023438
6.3046875,953.3131103515625
6.3203125,953.3173217773438
6.3359375,953.3193359375
6.3515625,953.3175659179688
6.3671875,953.3262329101562
6.3828125,953.3239135742188
6.3984375,953.3106689453125
6.4140625,953.3121948242188
6.4296875,953.3204956054688
6.4453125,953.3159790039062
6.4609375,953.3264770507812
6.4765625,953.3080444335938
6.4921875,953.3125610351562
6.5078125,953.311767578125
6.5234375,953.3118286132812
6.5390625,953.3189086914062
6.5546875,953.323486328125
6.5703125,953.3052368164062
6.5859375,953.3175659179688
6.6015625,953.311767578125
6.6171875,953.3231811523438
6.6328125,953.3119506835938
6.6484375,953.3060913085938
6.6640625,953.3080444335938
6.6796875,953.3192749023438
6.6953125,953.306640625
6.7109375,953.3102416992188
6.7265625,953.3056030273438
6.7421875,953.3062133789062
6.7578125,953.3240356445312
6.7734375,953.3056030273438
6.7890625,953.2992553710938
6.8046875,953.3131713867188
6.8203125,953.2990112304688
6.8359375,953.303955078125
6.8515625,953.3042602539062
6.8671875,953.3095092773438
6.8828125,953.3067626953125
6.8984375,953.2899169921875
6.9140625,953.2836303710938
6.9296875,953.281982421875
6.9453125,953.2994995117188
6.9609375,953.3239135742188
6.9765625,953.2960815429688
6.9921875,953.3002319335938
7.0078125,953.3067626953125
7.0234375,953.2933959960938
7.0390625,953.3073120117188
7.0546875,953.284423828125
7.0703125,953.300048828125
7.0859375,953.2999877929688
7.1015625,953.3056030273438
7.1171875,953.2813720703125
7.1328125,953.30419921875
7.1484375,953.3067016601562
7.1640625,953.2990112304688
7.1796875,953.2971801757812
7.1953125,953.30419921875
7.2109375,953.3075561523438
7.2265625,953.302001953125
7.2421875,953.30859375
7.2578125,953.3239135742188
7.2734375,953.3026123046875
7.2890625,953.3253784179688
7.3046875,953.3558349609375
7.3203125,953.340576171875
7.3359375,953.3723754882812
7.3515625,953.3594360351562
7.3671875,953.3624877929688
7.3828125,953.4091186523438
7.3984375,953.3825073242188
7.4140625,953.377685546875
7.4296875,953.4005126953125
7.4453125,953.3938598632812
7.4609375,953.376220703125
7.4765625,953.3628540039062
7.4921875,953.4126586914062
7.5078125,953.3779296875
7.5234375,953.3994140625
7.5390625,953.3875732421875
7.5546875,953.415771484375
7.5703125,953.3768310546875
7.5859375,953.3678588867188
7.6015625,953.3663940429688
7.6171875,953.3959350585938
7.6328125,953.380615234375
7.6484375,953.4118041992188
7.6640625,953.3590698242188
7.6796875,953.39208984375
7.6953125,953.4292602539062
7.7109375,953.3887939453125
7.7265625,953.3973999023438
7.7421875,953.3614501953125
7.7578125,953.4873046875
7.7734375,953.4127807617188
7.7890625,953.4217529296875
7.8046875,953.4357299804688
7.8203125,953.4364013671875
7.8359375,953.3956909179688
7.8515625,953.3750610351562
7.8671875,953.414794921875
7.8828125,953.4052734375
7.8984375,953.415771484375
7.9140625,953.4114379882812
7.9296875,953.4487915039062
7.9453125,953.4238891601562
7.9609375,953.4052124023438
7.9765625,953.44140625
7.9921875,953.3897705078125
8.0078125,953.4194946289062
8.0234375,953.3988037109375
8.0390625,953.3876342773438
8.0546875,953.4065551757812
8.0703125,953.4147338867188
8.0859375,953.4009399414062
8.1015625,953.3909301757812
8.1171875,953.37060546875
8.1328125,953.3837280273438
8.1484375,953.3817138671875
8.1640625,953.3997192382812
8.1796875,953.3934326171875
8.1953125,953.3783569335938
8.2109375,953.3832397460938
8.2265625,953.3760986328125
8.2421875,953.3837890625
8.2578125,953.384765625
8.2734375,953.3692016601562
8.2890625,953.3674926757812
8.3046875,953.357421875
8.3203125,953.3861694335938
8.3359375,953.3737182617188
8.3515625,953.3745727539062
8.3671875,953.3722534179688
8.3828125,953.3832397460938
8.3984375,953.36328125
8.4140625,953.3516845703125
8.4296875,953.35498046875
8.4453125,953.351318359375
8.4609375,953.3576049804688
8.4765625,953.3453979492188
8.4921875,953.339111328125
8.5078125,953.3392944335938
8.5234375,953.3500366210938
8.5390625,953.3491821289062
8.5546875,953.34326171875
8.5703125,953.33935546875
8.5859375,953.333740234375
8.6015625,953.3359985351562
8.6171875,953.3341674804688
8.6328125,953.34130859375
8.6484375,953.3301391601562
8.6640625,953.3360595703125
8.6796875,953.3351440429688
8.6953125,953.3345947265625
8.7109375,953.3408203125
8.7265625,953.3316040039062
8.7421875,953.3360595703125
8.7578125,953.3304443359375
8.7734375,953.3234252929688
8.7890625,953.3336791992188
8.8046875,953.3175659179688
8.8203125,953.3324584960938
8.8359375,953.3311767578125
8.8515625,953.3203125
8.8671875,953.33740234375
8.8828125,953.3406982421875
8.8984375,953.3189086914062
8.9140625,953.3312377929688
8.9296875,953.3316040039062
8.9453125,953.3196411132812
8.9609375,953.3232421875
8.9765625,953.338623046875
8.9921875,953.3184204101562
9.0078125,953.3375854492188
9.0234375,953.3677368164062
9.0390625,953.4178466796875
9.0546875,953.4666748046875
9.0703125,953.5317993164062
9.0859375,953.4673461914062
9.1015625,953.4942016601562
9.1171875,953.5026245117188
9.1328125,953.4552001953125
9.1484375,953.5651245117188
9.1640625,953.5043334960938
9.1796875,953.5645751953125
9.1953125,953.5106201171875
9.2109375,953.4972534179688
9.2265625,953.4712524414062
9.2421875,953.5595703125
9.2578125,953.6217041015625
9.2734375,953.5241088867188
9.2890625,953.6968383789062
9.3046875,953.5922241210938
9.3203125,953.738037109375
9.3359375,953.655517578125
9.3515625,953.7659912109375
9.3671875,953.67919921875
9.3828125,953.6593627929688
9.3984375,953.6826171875
9.4140625,953.6829223632812
9.4296875,953.6915283203125
9.4453125,953.7489013671875
9.4609375,953.6092529296875
9.4765625,953.6912231445312
9.4921875,953.6802368164062
9.5078125,953.7055053710938
9.5234375,953.6494140625
9.5390625,953.6014404296875
9.5546875,953.6925659179688
9.5703125,953.7201538085938
9.5859375,953.56982421875
9.6015625,953.709716796875
9.6171875,953.5794067382812
9.6328125,953.5968627929688
9.6484375,953.624755859375
9.6640625,953.6275634765625
9.6796875,953.6509399414062
9.6953125,953.6364135742188
9.7109375,953.6546630859375
9.7265625,953.625732421875
9.7421875,953.6604614257812
9.7578125,953.6171875
9.7734375,953.6094970703125
9.7890625,953.6281127929688
9.8046875,953.5888671875
9.8203125,953.54296875
9.8359375,953.5934448242188
9.8515625,953.5159912109375
9.8671875,953.5867919921875
9.8828125,953.5357666015625
9.8984375,953.4839477539062
9.9140625,953.484375
9.9296875,953.46240234375
9.9453125,953.4805908203125
9.9609375,953.4757080078125
9.9765625,953.4112548828125
9.9921875,953.4041748046875
10.0078125,953.4384155273438
10.0234375,953.4205932617188
10.0390625,953.4212036132812
10.0546875,953.41748046875
10.0703125,953.4110717773438
10.0859375,953.4125366210938
10.1015625,953.40380859375
10.1171875,953.4044799804688
10.1328125,953.4252319335938
10.1484375,953.4423828125
10.1640625,953.41015625
10.1796875,953.4116821289062
10.1953125,953.4091186523438
10.2109375,953.4073486328125
10.2265625,953.4067993164062
10.2421875,953.413818359375
10.2578125,953.4364624023438
10.2734375,953.4140625
10.2890625,953.412841796875
10.3046875,953.4344482421875
10.3203125,953.408935546875
10.3359375,953.4002075195312
10.3515625,953.4225463867188
10.3671875,953.4088745117188
10.3828125,953.4096069335938
10.3984375,953.4266967773438
10.4140625,953.4207763671875
10.4296875,953.4274291992188
10.4453125,953.4267578125
10.4609375,953.4328002929688
10.4765625,953.423095703125
10.4921875,953.4141235351562
10.5078125,953.397705078125
10.5234375,953.3956298828125
10.5390625,953.4169311523438
10.5546875,953.41552734375
10.5703125,953.4096069335938
10.5859375,953.412109375
10.6015625,953.4177856445312
10.6171875,953.4191284179688
10.6328125,953.4219360351562
10.6484375,953.4255981445312
10.6640625,953.4223022460938
10.6796875,953.4244384765625
10.6953125,953.4080200195312
10.7109375,953.4307861328125
10.7265625,953.4317016601562
10.7421875,953.4049682617188
10.7578125,953.4141845703125
10.7734375,953.40625
10.7890625,953.4099731445312
10.8046875,953.42333984375
10.8203125,953.412841796875
10.8359375,953.4037475585938
10.8515625,953.4041137695312
10.8671875,953.4158325195312
10.8828125,953.4149169921875
10.8984375,953.4194946289062
10.9140625,953.4188232421875
10.9296875,953.4063110351562
10.9453125,953.4157104492188
10.9609375,953.4122314453125
10.9765625,953.419677734375
10.9921875,953.4214477539062
11.0078125,953.4225463867188
11.0234375,953.4110107421875
11.0390625,953.422607421875
11.0546875,953.4789428710938
11.0703125,953.4847412109375
11.0859375,953.5238647460938
11.1015625,953.4966430664062
11.1171875,953.5958251953125
11.1328125,953.5625
11.1484375,953.63232421875
11.1640625,953.6607666015625
11.1796875,953.6381225585938
11.1953125,953.6731567382812
11.2109375,953.692138671875
11.2265625,953.7528076171875
11.2421875,953.57177734375
11.2578125,953.5748901367188
11.2734375,953.7172241210938
11.2890625,953.645751953125
11.3046875,953.6016845703125
11.3203125,953.6925048828125
11.3359375,953.6621704101562
11.3515625,953.6849975585938
11.3671875,953.620361328125
11.3828125,953.5806884765625
11.3984375,953.6603393554688
11.4140625,953.6987915039062
11.4296875,953.6234130859375
11.4453125,953.6258544921875
11.4609375,953.6560668945312
11.4765625,953.6608276367188
11.4921875,953.7100830078125
11.5078125,953.7219848632812
11.5234375,953.6295776367188
11.5390625,953.6177368164062
11.5546875,953.638671875
11.5703125,953.5927734375
11.5859375,953.6502685546875
11.6015625,953.583984375
11.6171875,953.6404418945312
11.6328125,953.6184692382812
11.6484375,953.6371459960938
11.6640625,953.5835571289062
11.6796875,953.6753540039062
11.6953125,953.6392822265625
11.7109375,953.6806030273438
11.7265625,953.599609375
11.7421875,953.6007690429688
11.7578125,953.6069946289062
11.7734375,953.5611572265625
11.7890625,953.4943237304688
11.8046875,953.50341796875
11.8203125,953.51953125
11.8359375,953.4954223632812
11.8515625,953.5050048828125
11.8671875,953.5025634765625
11.8828125,953.5010986328125
11.8984375,953.5099487304688
11.9140625,953.4972534179688
11.9296875,953.5112915039062
11.9453125,953.5
11.9609375,953.4683227539062
11.9765625,953.4944458007812
11.9921875,953.46826171875
12.0078125,953.4633178710938
12.0234375,953.4635009765625
12.0390625,953.44140625
12.0546875,953.4386596679688
12.0703125,953.4141235351562
12.0859375,953.4281616210938
12.1015625,953.4327392578125
12.1171875,953.4130859375
12.1328125,953.415771484375
12.1484375,953.4064331054688
12.1640625,953.4259033203125
12.1796875,953.4345092773438
12.1953125,953.4103393554688
12.2109375,953.4323120117188
12.2265625,953.4176635742188
12.2421875,953.42919921875
12.2578125,953.4057006835938
12.2734375,953.4255981445312
12.2890625,953.4158325195312
12.3046875,953.4099731445312
12.3203125,953.4151611328125
12.3359375,953.4285888671875
12.3515625,953.4150390625
12.3671875,953.4036254882812
12.3828125,953.4149780273438
12.3984375,953.4138793945312
12.4140625,953.4142456054688
12.4296875,953.399658203125
12.4453125,953.3954467773438
12.4609375,953.4202270507812
12.4765625,953.4191284179688
12.4921875,953.4330444335938
12.5078125,953.4185180664062
12.5234375,953.4169311523438
12.5390625,953.4251098632812
12.5546875,953.413330078125
12.5703125,953.4119873046875
12.5859375,953.4053955078125
12.6015625,953.4205322265625
12.6171875,953.4147338867188
12.6328125,953.419921875
12.6484375,953.4330444335938
12.6640625,953.4150390625
12.6796875,953.4308471679688
12.6953125,953.4373168945312
12.7109375,953.4286499023438
12.7265625,953.4246826171875
12.7421875,953.403076171875
12.7578125,953.4169921875
12.7734375,953.4220581054688
12.7890625,953.43115234375
12.8046875,953.4278564453125
12.8203125,953.4223022460938
12.8359375,953.4169921875
12.8515625,953.4146118164062
12.8671875,953.4378662109375
12.8828125,953.418701171875
12.8984375,953.4178466796875
12.9140625,953.4208984375
12.9296875,953.4091186523438
12.9453125,953.4339599609375
12.9609375,953.427001953125
12.9765625,953.4202880859375
12.9921875,953.4182739257812
13.0078125,953.4137573242188
13.0234375,953.43359375
13.0390625,953.4298095703125
13.0546875,953.49169921875
13.0703125,953.4887084960938
13.0859375,953.5033569335938
13.1015625,953.4884643554688
13.1171875,953.5645751953125
13.1328125,953.6376342773438
13.1484375,953.615966796875
13.1640625,953.6298217773438
13.1796875,953.7127075195312
13.1953125,953.7372436523438
13.2109375,953.7682495117188
13.2265625,953.7640380859375
13.2421875,953.6310424804688
13.2578125,953.6572265625
13.2734375,953.8253784179688
13.2890625,953.8056640625
13.3046875,953.7603149414062
13.3203125,953.6124267578125
13.3359375,953.6161499023438
13.3515625,953.6856689453125
13.3671875,953.7149047851562
13.3828125,953.6331176757812
13.3984375,953.7470703125
13.4140625,953.6571044921875
13.4296875,953.6866455078125
13.4453125,953.5927124023438
13.4609375,953.6521606445312
13.4765625,953.6076049804688
13.4921875,953.673583984375
13.5078125,953.5680541992188
13.5234375,953.612548828125
13.5390625,953.6370849609375
13.5546875,953.6716918945312
13.5703125,953.6261596679688
13.5859375,953.6002197265625
13.6015625,953.6790161132812
13.6171875,953.610595703125
13.6328125,953.5796508789062
13.6484375,953.6158447265625
13.6640625,953.6403198242188
13.6796875,953.5799560546875
13.6953125,953.6495971679688
13.7109375,953.6216430664062
13.7265625,953.5994262695312
13.7421875,953.5657348632812
13.7578125,953.6171875
13.7734375,953.5642700195312
13.7890625,953.5204467773438
13.8046875,953.5145874023438
13.8203125,953.536376953125
13.8359375,953.5353393554688
13.8515625,953.5199584960938
13.8671875,953.5464477539062
13.8828125,953.5444946289062
13.8984375,953.53125
13.9140625,953.4611206054688
13.9296875,953.4666137695312
13.9453125,953.4555053710938
13.9609375,953.4368286132812
13.9765625,953.4241943359375
13.9921875,953.420654296875
14.0078125,953.4160766601562
14.0234375,953.4099731445312
14.0390625,953.4471435546875
14.0546875,953.4073486328125
14.0703125,953.4224243164062
14.0859375,953.4229736328125
14.1015625,953.41162109375
14.1171875,953.4275512695312
14.1328125,953.39990234375
14.1484375,953.4161376953125
14.1640625,953.4254760742188
14.1796875,953.3928833007812
14.1953125,953.4183349609375
14.2109375,953.4116821289062
14.2265625,953.4140625
14.2421875,953.4027099609375
14.2578125,953.4406127929688
14.2734375,953.4152221679688
14.2890625,953.435302734375
14.3046875,953.4122314453125
14.3203125,953.4176635742188
14.3359375,953.4392700195312
14.3515625,953.4293823242188
14.3671875,953.4241333007812
14.3828125,953.4309692382812
14.3984375,953.4064331054688
14.4140625,953.41796875
14.4296875,953.428466796875
14.4453125,953.4118041992188
14.4609375,953.4105224609375
14.4765625,953.4346923828125
14.4921875,953.4064331054688
14.5078125,953.4210815429688
14.5234375,953.4102783203125
14.5390625,953.421875
14.5546875,953.4251098632812
14.5703125,953.4244384765625
14.5859375,953.41357421875
14.6015625,953.4237060546875
14.6171875,953.4222412109375
14.6328125,953.421630859375
14.6484375,953.425048828125
14.6640625,953.425048828125
14.6796875,953.4097290039062
14.6953125,953.4202270507812
14.7109375,953.4132690429688
14.7265625,953.4249267578125
14.7421875,953.4270629882812
14.7578125,953.4203491210938
14.7734375,953.4190673828125
14.7890625,953.415771484375
14.8046875,953.4072265625
14.8203125,953.407958984375
14.8359375,953.4364624023438
14.8515625,953.4132080078125
14.8671875,953.4153442382812
14.8828125,953.4334106445312
14.8984375,953.4313354492188
14.9140625,953.4295043945312
14.9296875,953.4293823242188
14.9453125,953.430419921875
14.9609375,953.4288330078125
14.9765625,953.4224853515625
14.9921875,953.4307861328125
15.0078125,953.4434204101562
15.0234375,953.44482421875
15.0390625,953.4476318359375
15.0546875,953.435302734375
15.0703125,953.4462280273438
15.0859375,953.4574584960938
15.1015625,953.4666748046875
15.1171875,953.4613647460938
15.1328125,953.4864501953125
15.1484375,953.518310546875
15.1640625,953.5794067382812
15.1796875,953.6158447265625
15.1953125,953.68359375
15.2109375,953.6729736328125
15.2265625,953.6298828125
15.2421875,953.8329467773438
15.2578125,953.7467651367188
15.2734375,953.705810546875
15.2890625,953.7926635742188
15.3046875,953.694091796875
15.3203125,953.8010864257812
15.3359375,953.7847290039062
15.3515625,953.8240356445312
15.3671875,953.6705322265625
15.3828125,953.7203979492188
15.3984375,953.7338256835938
15.4140625,953.6969604492188
15.4296875,953.7196655273438
15.4453125,953.7138061523438
15.4609375,953.6509399414062
15.4765625,953.610595703125
15.4921875,953.6520385742188
15.5078125,953.530029296875
15.5234375,953.5635986328125
15.5390625,953.7405395507812
15.5546875,953.638671875
15.5703125,953.5972290039062
15.5859375,953.6378173828125
15.6015625,953.5425415039062
15.6171875,953.7115478515625
15.6328125,953.6300659179688
15.6484375,953.5969848632812
15.6640625,953.6675415039062
15.6796875,953.6038818359375
15.6953125,953.637939453125
15.7109375,953.609130859375
15.7265625,953.5867919921875
15.7421875,953.4946899414062
15.7578125,953.5266723632812
15.7734375,953.5668334960938
15.7890625,953.5923461914062
15.8046875,953.55029296875
15.8203125,953.4610595703125
15.8359375,953.5167236328125
15.8515625,953.519287109375
15.8671875,953.508544921875
15.8828125,953.49560546875
15.8984375,953.4830322265625
15.9140625,953.4716186523438
15.9296875,953.4896850585938
15.9453125,953.4649047851562
15.9609375,953.4884033203125
15.9765625,953.4342651367188
15.9921875,953.4716186523438
16.0078125,953.4536743164062
16.0234375,953.4340209960938
16.0390625,953.4376220703125
16.0546875,953.4213256835938
16.0703125,953.4364624023438
16.0859375,953.41162109375
16.1015625,953.4135131835938
16.1171875,953.4146728515625
16.1328125,953.4298095703125
16.1484375,953.4234008789062
16.1640625,953.4247436523438
16.1796875,953.4149780273438
16.1953125,953.4281005859375
16.2109375,953.4221801757812
16.2265625,953.4208374023438
16.2421875,953.4165649414062
16.2578125,953.4197387695312
16.2734375,953.4208374023438
16.2890625,953.4207763671875
16.3046875,953.4189453125
16.3203125,953.4208984375
16.3359375,953.4158325195312
16.3515625,953.4214477539062
16.3671875,953.4158935546875
16.3828125,953.4122924804688
16.3984375,953.4177856445312
16.4140625,953.4125366210938
16.4296875,953.41748046875
16.4453125,953.4229736328125
16.4609375,953.4113159179688
16.4765625,953.40966796875
16.4921875,953.4185791015625
16.5078125,953.418701171875
16.5234375,953.4293823242188
16.5390625,953.4142456054688
16.5546875,953.4122314453125
16.5703125,953.4115600585938
16.5859375,953.4069213867188
16.6015625,953.4047241210938
16.6171875,953.4246826171875
16.6328125,953.4313354492188
16.6484375,953.416015625
16.6640625,953.4047241210938
16.6796875,953.4091186523438
16.6953125,953.4164428710938
16.7109375,953.4320068359375
16.7265625,953.4240112304688
16.7421875,953.4110717773438
16.7578125,953.4281616210938
16.7734375,953.421630859375
16.7890625,953.4234008789062
16.8046875,953.4196166992188
16.8203125,953.4200439453125
16.8359375,953.4175415039062
16.8515625,953.412109375
16.8671875,953.4171752929688
16.8828125,953.42138671875
16.8984375,953.4118041992188
16.9140625,953.4132080078125
16.9296875,953.4083251953125
16.9453125,953.4407348632812
16.9609375,953.434814453125
16.9765625,953.4113159179688
16.9921875,953.4048461914062
17.0078125,953.4241943359375
17.0234375,953.4318237304688
17.0390625,953.4381103515625
17.0546875,953.4560546875
17.0703125,953.4609985351562
17.0859375,953.5023803710938
17.1015625,953.5177001953125
17.1171875,953.4796142578125
17.1328125,953.572265625
17.1484375,953.5464477539062
17.1640625,953.5291137695312
17.1796875,953.5252075195312
17.1953125,953.5159301757812
17.2109375,953.5592041015625
17.2265625,953.5948486328125
17.2421875,953.5025024414062
17.2578125,953.5275268554688
17.2734375,953.5372314453125
17.2890625,953.549560546875
17.3046875,953.4963989257812
17.3203125,953.5184936523438
17.3359375,953.5670776367188
17.3515625,953.5069580078125
17.3671875,953.5056762695312
17.3828125,953.5675659179688
17.3984375,953.5155029296875
17.4140625,953.5874633789062
17.4296875,953.5294799804688
17.4453125,953.6021118164062
17.4609375,953.5717163085938
17.4765625,953.589111328125
17.4921875,953.5379638671875
17.5078125,953.4871826171875
17.5234375,953.5399780273438
17.5390625,953.5520629882812
17.5546875,953.5458374023438
17.5703125,953.5563354492188
17.5859375,953.5358276367188
17.6015625,953.5079345703125
17.6171875,953.5814819335938
17.6328125,953.5773315429688
17.6484375,953.6046752929688
17.6640625,953.5751953125
17.6796875,953.5430297851562
17.6953125,953.5156860351562
17.7109375,953.510986328125
17.7265625,953.4869995117188
17.7421875,953.5369262695312
17.7578125,953.4896850585938
17.7734375,953.487060546875
17.7890625,953.5337524414062
17.8046875,953.5255126953125
17.8203125,953.509033203125
17.8359375,953.5047607421875
17.8515625,953.5360717773438
17.8671875,953.5059204101562
17.8828125,953.5180053710938
17.8984375,953.4908447265625
17.9140625,953.50732421875
17.9296875,953.5189819335938
17.9453125,953.4638671875
17.9609375,953.527099609375
17.9765625,953.4469604492188
17.9921875,953.4411010742188
18.0078125,953.4239501953125
18.0234375,953.4053955078125
18.0390625,953.4065551757812
18.0546875,953.425537109375
18.0703125,953.4149169921875
18.0859375,953.4085083007812
18.1015625,953.407958984375
18.1171875,953.4114379882812
18.1328125,953.4144287109375
18.1484375,953.4133911132812
18.1640625,953.4236450195312
18.1796875,953.426513671875
18.1953125,953.4186401367188
18.2109375,953.4267578125
18.2265625,953.4219970703125
18.2421875,953.43505859375
18.2578125,953.4239501953125
18.2734375,953.403076171875
18.2890625,953.408935546875
18.3046875,953.4009399414062
18.3203125,953.4002075195312
18.3359375,953.42529296875
18.3515625,953.4240112304688
18.3671875,953.4308471679688
18.3828125,953.4273071289062
18.3984375,953.4052734375
18.4140625,953.4266357421875
18.4296875,953.4227905273438
18.4453125,953.415771484375
18.4609375,953.4261474609375
18.4765625,953.4033203125
18.4921875,953.4249267578125
18.5078125,953.427001953125
18.5234375,953.4249267578125
18.5390625,953.4216918945312
18.5546875,953.42138671875
18.5703125,953.3984375
18.5859375,953.4196166992188
18.6015625,953.4224853515625
18.6171875,953.4202270507812
18.6328125,953.3941040039062
18.6484375,953.4185180664062
18.6640625,953.4185180664062
18.6796875,953.4161987304688
18.6953125,953.4373168945312
18.7109375,953.4450073242188
18.7265625,953.419189453125
18.7421875,953.4093627929688
18.7578125,953.40966796875
18.7734375,953.416015625
18.7890625,953.4144287109375
18.8046875,953.408203125
18.8203125,953.4357299804688
18.8359375,953.41357421875
18.8515625,953.4336547851562
18.8671875,953.4259643554688
18.8828125,953.4044799804688
18.8984375,953.409423828125
18.9140625,953.4315185546875
18.9296875,953.4080810546875
18.9453125,953.430419921875
18.9609375,953.4320678710938
18.9765625,953.4296875
18.9921875,953.4270629882812
19.0078125,953.4344482421875
19.0234375,953.4336547851562
19.0390625,953.4323120117188
19.0546875,953.4451293945312
19.0703125,953.4494018554688
19.0859375,953.4619140625
19.1015625,953.505859375
19.1171875,953.5567626953125
19.1328125,953.4950561523438
19.1484375,953.569091796875
19.1640625,953.4546508789062
19.1796875,953.5299072265625
19.1953125,953.5305786132812
19.2109375,953.4974975585938
19.2265625,953.4933471679688
19.2421875,953.4907836914062
19.2578125,953.5938720703125
19.2734375,953.5563354492188
19.2890625,953.5050048828125
19.3046875,953.5827026367188
19.3203125,953.565185546875
19.3359375,953.5961303710938
19.3515625,953.4906005859375
19.3671875,953.5469360351562
19.3828125,953.5779418945312
19.3984375,953.4810791015625
19.4140625,953.5807495117188
19.4296875,953.6044311523438
19.4453125,953.587158203125
19.4609375,953.5721435546875
19.4765625,953.5736694335938
19.4921875,953.58349609375
19.5078125,953.5360717773438
19.5234375,953.5352783203125
19.5390625,953.5806274414062
19.5546875,953.5739135742188
19.5703125,953.537841796875
19.5859375,953.5966796875
19.6015625,953.5433959960938
19.6171875,953.5626831054688
19.6328125,953.5450439453125
19.6484375,953.4945068359375
19.6640625,953.5508422851562
19.6796875,953.5297241210938
19.6953125,953.5631713867188
19.7109375,953.5505981445312
19.7265625,953.5497436523438
19.7421875,953.5360107421875
19.7578125,953.5257568359375
19.7734375,953.5775756835938
19.7890625,953.5626220703125
19.8046875,953.4815673828125
19.8203125,953.49560546875
19.8359375,953.49365234375
19.8515625,953.4515991210938
19.8671875,953.5054321289062
19.8828125,953.44287109375
19.8984375,953.4855346679688
19.9140625,953.4942626953125
19.9296875,953.4358520507812
19.9453125,953.4669189453125
19.9609375,953.4786987304688
19.9765625,953.444580078125
19.9921875,953.4412841796875
20.0078125,953.4337768554688
20.0234375,953.4163208007812
20.0390625,953.4216918945312
20.0546875,953.4166870117188
20.0703125,953.4146728515625
20.0859375,953.4306640625
20.1015625,953.4161987304688
20.1171875,953.4242553710938
20.1328125,953.4192504882812
20.1484375,953.4258422851562
20.1640625,953.41943359375
20.1796875,953.4278564453125
20.1953125,953.42333984375
20.2109375,953.409912109375
20.2265625,953.4239501953125
20.2421875,953.4107666015625
20.2578125,953.4300537109375
20.2734375,953.411376953125
20.2890625,953.4191284179688
20.3046875,953.4288330078125
20.3203125,953.41552734375
20.3359375,953.42529296875
20.3515625,953.421875
20.3671875,953.4121704101562
20.3828125,953.4183959960938
20.3984375,953.4202880859375
20.4140625,953.419677734375
20.4296875,953.4258422851562
20.4453125,953.4270629882812
20.4609375,953.4246826171875
20.4765625,953.4182739257812
20.4921875,953.4119873046875
20.5078125,953.4196166992188
20.5234375,953.4298706054688
20.5390625,953.4169311523438
20.5546875,953.437255859375
20.5703125,953.4127197265625
20.5859375,953.429443359375
20.6015625,953.4263916015625
20.6171875,953.4275512695312
20.6328125,953.4083251953125
20.6484375,953.4007568359375
20.6640625,953.4203491210938
20.6796875,953.4203491210938
20.6953125,953.4152221679688
20.7109375,953.4216918945312
20.7265625,953.4176635742188
20.7421875,953.425048828125
20.7578125,953.4440307617188
20.7734375,953.4290161132812
20.7890625,953.4436645507812
20.8046875,953.4459838867188
20.8203125,953.4317626953125
20.8359375,953.4276123046875
20.8515625,953.4268798828125
20.8671875,953.4125366210938
20.8828125,953.4096069335938
20.8984375,953.4087524414062
20.9140625,953.416015625
20.9296875,953.42578125
20.9453125,953.4385986328125
20.9609375,953.4141845703125
20.9765625,953.4320068359375
20.9921875,953.4241333007812
21.0078125,953.4341430664062
21.0234375,953.4327392578125
21.0390625,953.4381103515625
21.0546875,953.4320678710938
21.0703125,953.4197387695312
21.0859375,953.4464111328125
21.1015625,953.4585571289062
21.1171875,953.4774780273438
21.1328125,953.4841918945312
21.1484375,953.5452880859375
21.1640625,953.5646362304688
21.1796875,953.5502319335938
21.1953125,953.534423828125
21.2109375,953.5363159179688
21.2265625,953.5729370117188
21.2421875,953.5881958007812
21.2578125,953.5682373046875
21.2734375,953.6182861328125
21.2890625,953.64453125
21.3046875,953.59130859375
21.3203125,953.5595703125
21.3359375,953.5851440429688
21.3515625,953.537841796875
21.3671875,953.5675048828125
21.3828125,953.55419921875
21.3984375,953.5899658203125
21.4140625,953.491455078125
21.4296875,953.5294799804688
21.4453125,953.5891723632812
21.4609375,953.5349731445312
21.4765625,953.5489501953125
21.4921875,953.5490112304688
21.5078125,953.5181884765625
21.5234375,953.5747680664062
21.5390625,953.5543823242188
21.5546875,953.5350341796875
21.5703125,953.6669921875
21.5859375,953.6663818359375
21.6015625,953.5910034179688
21.6171875,953.5796508789062
21.6328125,953.5271606445312
21.6484375,953.5841674804688
21.6640625,953.6123046875
21.6796875,953.6404418945312
21.6953125,953.6033325195312
21.7109375,953.5966796875
21.7265625,953.5466918945312
21.7421875,953.5490112304688
21.7578125,953.5604248046875
21.7734375,953.577392578125
21.7890625,953.6207885742188
21.8046875,953.5130004882812
21.8203125,953.5278930664062
21.8359375,953.539794921875
21.8515625,953.5489501953125
21.8671875,953.5174560546875
21.8828125,953.4515380859375
21.8984375,953.4342651367188
21.9140625,953.465576171875
21.9296875,953.4484252929688
21.9453125,953.4544067382812
21.9609375,953.4359130859375
21.9765625,953.4180297851562
21.9921875,953.4231567382812
22.0078125,953.40966796875
22.0234375,953.4032592773438
22.0390625,953.430908203125
22.0546875,953.4376220703125
22.0703125,953.4169921875
22.0859375,953.4107666015625
22.1015625,953.4140625
22.1171875,953.4307861328125
22.1328125,953.4277954101562
22.1484375,953.425048828125
22.1640625,953.4249877929688
22.1796875,953.4324951171875
22.1953125,953.4140625
22.2109375,953.4243774414062
22.2265625,953.4393310546875
22.2421875,953.4141235351562
22.2578125,953.4234008789062
22.2734375,953.439453125
22.2890625,953.4303588867188
22.3046875,953.40771484375
22.3203125,953.4197998046875
22.3359375,953.43359375
22.3515625,953.4412231445312
22.3671875,953.4238891601562
22.3828125,953.4221801757812
22.3984375,953.4076538085938
22.4140625,953.4288330078125
22.4296875,953.4002685546875
22.4453125,953.4328002929688
22.4609375,953.4434204101562
22.4765625,953.418701171875
22.4921875,953.4146728515625
22.5078125,953.4259033203125
22.5234375,953.4183349609375
22.5390625,953.427001953125
22.5546875,953.4098510742188
22.5703125,953.4246826171875
22.5859375,953.4053955078125
22.6015625,953.4285888671875
22.6171875,953.411376953125
22.6328125,953.4132080078125
22.6484375,953.41943359375
22.6640625,953.4139404296875
22.6796875,953.428466796875
22.6953125,953.4306030273438
22.7109375,953.4338989257812
22.7265625,953.4054565429688
22.7421875,953.425048828125
22.7578125,953.4230346679688
22.7734375,953.4219360351562
22.7890625,953.430419921875
22.8046875,953.4161987304688
22.8203125,953.4231567382812
22.8359375,953.421630859375
22.8515625,953.4261474609375
22.8671875,953.425048828125
22.8828125,953.4165649414062
22.8984375,953.4146728515625
22.9140625,953.4241333007812
22.9296875,953.416015625
22.9453125,953.4201049804688
22.9609375,953.4400634765625
22.9765625,953.429443359375
22.9921875,953.4693603515625
23.0078125,953.4442138671875
23.0234375,953.4646606445312
23.0390625,953.4763793945312
23.0546875,953.4943237304688
23.0703125,953.5955200195312
23.0859375,953.5349731445312
23.1015625,953.5079345703125
23.1171875,953.614990234375
23.1328125,953.5493774414062
23.1484375,953.5458374023438
23.1640625,953.5514526367188
23.1796875,953.6494140625
23.1953125,953.6242065429688
23.2109375,953.6525268554688
23.2265625,953.6058349609375
23.2421875,953.6815185546875
23.2578125,953.60888671875
23.2734375,953.5372924804688
23.2890625,953.6055297851562
23.3046875,953.58154296875
23.3203125,953.6283569335938
23.3359375,953.5804443359375
23.3515625,953.5115356445312
23.3671875,953.5987548828125
23.3828125,953.5809326171875
23.3984375,953.5379638671875
23.4140625,953.5910034179688
23.4296875,953.5850830078125
23.4453125,953.614013671875
23.4609375,953.5513916015625
23.4765625,953.593017578125
23.4921875,953.6222534179688
23.5078125,953.5982055664062
23.5234375,953.4913940429688
23.5390625,953.593017578125
23.5546875,953.5575561523438
23.5703125,953.5952758789062
23.5859375,953.589599609375
23.6015625,953.5376586914062
23.6171875,953.5389404296875
23.6328125,953.5665893554688
23.6484375,953.5842895507812
23.6640625,953.6095581054688
23.6796875,953.564208984375
23.6953125,953.58154296875
23.7109375,953.56787109375
23.7265625,953.5573120117188
23.7421875,953.557861328125
23.7578125,953.5809936523438
23.7734375,953.5307006835938
23.7890625,953.5415649414062
23.8046875,953.5283203125
23.8203125,953.515625
23.8359375,953.4776611328125
23.8515625,953.4682006835938
23.8671875,953.5518798828125
23.8828125,953.4939575195312
23.8984375,953.4406127929688
23.9140625,953.4473266601562
23.9296875,953.4360961914062
23.9453125,953.4188232421875
23.9609375,953.415771484375
23.9765625,953.4246826171875
23.9921875,953.4165649414062
24.0078125,953.41748046875
24.0234375,953.4104614257812
24.0390625,953.42919921875
24.0546875,953.4171752929688
24.0703125,953.4183959960938
24.0859375,953.4254760742188
24.1015625,953.4182739257812
24.1171875,953.4177856445312
24.1328125,953.4234008789062
24.1484375,953.416015625
24.1640625,953.4240112304688
24.1796875,953.4241943359375
24.1953125,953.4227905273438
24.2109375,953.4164428710938
24.2265625,953.4087524414062
24.2421875,953.414794921875
24.2578125,953.4216918945312
24.2734375,953.4136352539062
24.2890625,953.413330078125
24.3046875,953.431396484375
24.3203125,953.4080810546875
24.3359375,953.4212036132812
24.3515625,953.4197387695312
24.3671875,953.4121704101562
24.3828125,953.4185791015625
24.3984375,953.4186401367188
24.4140625,953.419677734375
24.4296875,953.4253540039062
24.4453125,953.4137573242188
24.4609375,953.419189453125
24.4765625,953.4183349609375
24.4921875,953.41015625
24.5078125,953.4262084960938
24.5234375,953.4314575195312
24.5390625,953.4069213867188
24.5546875,953.4168701171875
24.5703125,953.4111328125
24.5859375,953.4261474609375
24.6015625,953.4067993164062
24.6171875,953.4107666015625
24.6328125,953.4219970703125
24.6484375,953.4149169921875
24.6640625,953.4076538085938
24.6796875,953.4080200195312
24.6953125,953.4102172851562
24.7109375,953.4235229492188
24.7265625,953.4010009765625
24.7421875,953.4266357421875
24.7578125,953.4207763671875
24.7734375,953.4253540039062
24.7890625,953.4356689453125
24.8046875,953.4674682617188
24.8203125,953.4451904296875
24.8359375,953.4210205078125
24.8515625,953.4464111328125
24.8671875,953.418701171875
24.8828125,953.4723510742188
24.8984375,953.471923828125
24.9140625,953.441162109375
24.9296875,953.44921875
24.9453125,953.44921875
24.9609375,953.4763793945312
24.9765625,953.464111328125
24.9921875,953.4305419921875
25.0078125,953.403564453125
25.0234375,953.4904174804688
25.0390625,953.455810546875
25.0546875,953.4774169921875
25.0703125,953.5285034179688
25.0859375,953.465576171875
25.1015625,953.4020385742188
25.1171875,953.452880859375
25.1328125,953.4769897460938
25.1484375,953.46044921875
25.1640625,953.5433959960938
25.1796875,953.4127197265625
25.1953125,953.52490234375
25.2109375,953.48388671875
25.2265625,953.5122680664062
25.2421875,953.509521484375
25.2578125,953.5242919921875
25.2734375,953.5765991210938
25.2890625,953.4501953125
25.3046875,953.474365234375
25.3203125,953.52880859375
25.3359375,953.4722290039062
25.3515625,953.5211791992188
25.3671875,953.46875
25.3828125,953.4928588867188
25.3984375,953.4677124023438
25.4140625,953.4435424804688
25.4296875,953.5802001953125
25.4453125,953.5057373046875
25.4609375,953.5625610351562
25.4765625,953.5215454101562
25.4921875,953.4590454101562
25.5078125,953.4848022460938
25.5234375,953.4959106445312
25.5390625,953.46875
25.5546875,953.4622192382812
25.5703125,953.4365234375
25.5859375,953.4868774414062
25.6015625,953.4638671875
25.6171875,953.4824829101562
25.6328125,953.45654296875
25.6484375,953.44677734375
25.6640625,953.4384155273438
25.6796875,953.4342651367188
25.6953125,953.4362182617188
25.7109375,953.431396484375
25.7265625,953.4228515625
25.7421875,953.4116821289062
25.7578125,953.4244384765625
25.7734375,953.4362182617188
25.7890625,953.4242553710938
25.8046875,953.436279296875
25.8203125,953.4366455078125
25.8359375,953.420654296875
25.8515625,953.4188842773438
25.8671875,953.4043579101562
25.8828125,953.4362182617188
25.8984375,953.4228515625
25.9140625,953.4246826171875
25.9296875,953.4165649414062
25.9453125,953.4047241210938
25.9609375,953.417724609375
25.9765625,953.4213256835938
25.9921875,953.412109375
26.0078125,953.4137573242188
26.0234375,953.4166259765625
26.0390625,953.4401245117188
26.0546875,953.4256591796875
26.0703125,953.43115234375
26.0859375,953.4188232421875
26.1015625,953.4063720703125
26.1171875,953.421630859375
26.1328125,953.4208984375
26.1484375,953.419189453125
26.1640625,953.4183349609375
26.1796875,953.4224243164062
26.1953125,953.4073486328125
26.2109375,953.4149169921875
26.2265625,953.4259033203125
26.2421875,953.419189453125
26.2578125,953.4146728515625
26.2734375,953.4161376953125
26.2890625,953.4356689453125
26.3046875,953.4284057617188
26.3203125,953.4221801757812
26.3359375,953.4262084960938
26.3515625,953.4230346679688
26.3671875,953.4130859375
26.3828125,953.416015625
26.3984375,953.4362182617188
26.4140625,953.4322509765625
26.4296875,953.4242553710938
26.4453125,953.4186401367188
26.4609375,953.4124755859375
26.4765625,953.4216918945312
26.4921875,953.4336547851562
26.5078125,953.4110717773438
26.5234375,953.4244995117188
26.5390625,953.43115234375
26.5546875,953.4222412109375
26.5703125,953.4325561523438
26.5859375,953.415771484375
26.6015625,953.4317626953125
26.6171875,953.4512329101562
26.6328125,953.4135131835938
26.6484375,953.4266357421875
26.6640625,953.4347534179688
26.6796875,953.4182739257812
26.6953125,953.4210815429688
26.7109375,953.4153442382812
26.7265625,953.42529296875
26.7421875,953.4282836914062
26.7578125,953.4301147460938
26.7734375,953.4608154296875
26.7890625,953.4891967773438
26.8046875,953.497314453125
26.8203125,953.442138671875
26.8359375,953.5276489257812
26.8515625,953.5549926757812
26.8671875,953.4829711914062
26.8828125,953.647216796875
26.8984375,953.5831909179688
26.9140625,953.7315673828125
26.9296875,953.64404296875
26.9453125,953.6150512695312
26.9609375,953.5844116210938
26.9765625,953.6082763671875
26.9921875,953.59521484375
27.0078125,953.4957885742188
27.0234375,953.5774536132812
27.0390625,953.5404663085938
27.0546875,953.6144409179688
27.0703125,953.5690307617188
27.0859375,953.6166381835938
27.1015625,953.4844360351562
27.1171875,953.6171875
27.1328125,953.4201049804688
27.1484375,953.5849609375
27.1640625,953.4749145507812
27.1796875,953.5166015625
27.1953125,953.5482788085938
27.2109375,953.5843505859375
27.2265625,953.520263671875
27.2421875,953.5972290039062
27.2578125,953.631591796875
27.2734375,953.5781860351562
27.2890625,953.5075073242188
27.3046875,953.550048828125
27.3203125,953.5391845703125
27.3359375,953.4811401367188
27.3515625,953.5538330078125
27.3671875,953.5558471679688
27.3828125,953.567626953125
27.3984375,953.5045166015625
27.4140625,953.5076293945312
27.4296875,953.5458374023438
27.4453125,953.4977416992188
27.4609375,953.5813598632812
27.4765625,953.4970703125
27.4921875,953.4916381835938
27.5078125,953.5244140625
27.5234375,953.5352172851562
27.5390625,953.5890502929688
27.5546875,953.5308227539062
27.5703125,953.442138671875
27.5859375,953.447265625
27.6015625,953.5289916992188
27.6171875,953.4568481445312
27.6328125,953.4938354492188
27.6484375,953.4735107421875
27.6640625,953.4409790039062
27.6796875,953.446044921875
27.6953125,953.4481201171875
27.7109375,953.4309692382812
27.7265625,953.4287109375
27.7421875,953.4217529296875
27.7578125,953.4256591796875
27.7734375,953.4160766601562
27.7890625,953.416748046875
27.8046875,953.4220581054688
27.8203125,953.4358520507812
27.8359375,953.428466796875
27.8515625,953.4271850585938
27.8671875,953.42724609375
27.8828125,953.4161987304688
27.8984375,953.4275512695312
27.9140625,953.421630859375
27.9296875,953.424560546875
27.9453125,953.4238891601562
27.9609375,953.42333984375
27.9765625,953.4241333007812
27.9921875,953.4227905273438
28.0078125,953.4152221679688
28.0234375,953.4193725585938
28.0390625,953.4268798828125
28.0546875,953.4197998046875
28.0703125,953.4248046875
28.0859375,953.4186401367188
28.1015625,953.4201049804688
28.1171875,953.414794921875
28.1328125,953.421142578125
28.1484375,953.434814453125
28.1640625,953.4177856445312
28.1796875,953.428955078125
28.1953125,953.4249877929688
28.2109375,953.4307861328125
28.2265625,953.4337158203125
28.2421875,953.41796875
28.2578125,953.4345703125
28.2734375,953.4204711914062
28.2890625,953.4199829101562
28.3046875,953.4180908203125
28.3203125,953.4121704101562
28.3359375,953.4147338867188
28.3515625,953.435302734375
28.3671875,953.4340209960938
28.3828125,953.4194946289062
28.3984375,953.4300537109375
28.4140625,953.4259033203125
28.4296875,953.4283447265625
28.4453125,953.4197998046875
28.4609375,953.43115234375
28.4765625,953.43505859375
28.4921875,953.41162109375
28.5078125,953.4266357421875
28.5234375,953.417236328125
28.5390625,953.4337158203125
28.5546875,953.4326171875
28.5703125,953.436279296875
28.5859375,953.4496459960938
28.6015625,953.4906616210938
28.6171875,953.5176391601562
28.6328125,953.4351196289062
28.6484375,953.5255126953125
28.6640625,953.490234375
28.6796875,953.5156860351562
28.6953125,953.6220703125
28.7109375,953.4924926757812
28.7265625,953.5564575195312
28.7421875,953.5542602539062
28.7578125,953.587890625
28.7734375,953.5731811523438
28.7890625,953.5265502929688
28.8046875,953.56591796875
28.8203125,953.564453125
28.8359375,953.6329956054688
28.8515625,953.6152954101562
28.8671875,953.6370849609375
28.8828125,953.6603393554688
28.8984375,953.5787353515625
28.9140625,953.6514892578125
28.9296875,953.7023315429688
28.9453125,953.5270385742188
28.9609375,953.5891723632812
28.9765625,953.5563354492188
28.9921875,953.6181030273438
29.0078125,953.593017578125
29.0234375,953.633544921875
29.0390625,953.613037109375
29.0546875,953.6069946289062
29.0703125,953.5909423828125
29.0859375,953.6046752929688
29.1015625,953.5848999023438
29.1171875,953.5739135742188
29.1328125,953.5675659179688
29.1484375,953.6171875
29.1640625,953.5664672851562
29.1796875,953.5576171875
29.1953125,953.5621948242188
29.2109375,953.560302734375
29.2265625,953.5792846679688
29.2421875,953.5389404296875
29.2578125,953.6119384765625
29.2734375,953.5126342773438
29.2890625,953.527099609375
29.3046875,953.5242919921875
29.3203125,953.4646606445312
29.3359375,953.5357666015625
29.3515625,953.630859375
29.3671875,953.5789794921875
29.3828125,953.5303955078125
29.3984375,953.576904296875
29.4140625,953.5079345703125
29.4296875,953.5188598632812
29.4453125,953.4827270507812
29.4609375,953.4839477539062
29.4765625,953.450439453125
29.4921875,953.4269409179688
29.5078125,953.4306640625
29.5234375,953.4385986328125
29.5390625,953.4337768554688
29.5546875,953.4142456054688
29.5703125,953.4133911132812
29.5859375,953.4190673828125
29.6015625,953.4317626953125
29.6171875,953.4297485351562
29.6328125,953.4205322265625
29.6484375,953.4323120117188
29.6640625,953.4252319335938
29.6796875,953.408935546875
29.6953125,953.4357299804688
29.7109375,953.42529296875
29.7265625,953.4199829101562
29.7421875,953.4448852539062
29.7578125,953.435302734375
29.7734375,953.4264526367188
29.7890625,953.4176635742188
29.8046875,953.4200439453125
29.8203125,953.435546875
29.8359375,953.4277954101562
29.8515625,953.4205932617188
29.8671875,953.4476928710938
29.8828125,953.4518432617188
29.8984375,953.4110107421875
29.9140625,953.4175415039062
29.9296875,953.4303588867188
29.9453125,953.4331665039062
29.9609375,953.415283203125
29.9765625,953.4080810546875
29.9921875,953.4228515625
30.0078125,953.4230346679688
30.0234375,953.4277954101562
30.0390625,953.421630859375
30.0546875,953.435546875
30.0703125,953.4503784179688
30.0859375,953.4326171875
30.1015625,953.4398193359375
30.1171875,953.4151611328125
30.1328125,953.4093627929688
30.1484375,953.4255981445312
30.1640625,953.4291381835938
30.1796875,953.4176635742188
30.1953125,953.41748046875
30.2109375,953.444091796875
30.2265625,953.4309692382812
30.2421875,953.4396362304688
30.2578125,953.4376831054688
30.2734375,953.4378051757812
30.2890625,953.4236450195312
30.3046875,953.420654296875
30.3203125,953.442138671875
30.3359375,953.4210815429688
30.3515625,953.4258422851562
30.3671875,953.4303588867188
30.3828125,953.424560546875
30.3984375,953.4395751953125
30.4140625,953.4169311523438
30.4296875,953.4303588867188
30.4453125,953.436767578125
30.4609375,953.4332885742188
30.4765625,953.4191284179688
30.4921875,953.4362182617188
30.5078125,953.4107666015625
30.5234375,953.4334106445312
30.5390625,953.4295043945312
30.5546875,953.4330444335938
30.5703125,953.415283203125
30.5859375,953.415771484375
30.6015625,953.5221557617188
30.6171875,953.5316162109375
30.6328125,953.63818359375
30.6484375,953.8290405273438
30.6640625,953.7850341796875
30.6796875,953.8837890625
30.6953125,953.589111328125
30.7109375,953.4696044921875
30.7265625,953.659423828125
30.7421875,953.499267578125
30.7578125,953.484375
30.7734375,953.4652099609375
30.7890625,953.477783203125
30.8046875,953.4859008789062
30.8203125,953.4338989257812
30.8359375,953.4534912109375
