# Time (seconds),f0
0.0078125,27.293365478515625
0.0234375,27.295570373535156
0.0390625,27.28748321533203
0.0546875,27.295570373535156
0.0703125,27.28675079345703
0.0859375,27.297775268554688
0.1015625,27.297042846679688
0.1171875,27.294097900390625
0.1328125,27.2845458984375
0.1484375,27.292633056640625
0.1640625,27.30328369140625
0.1796875,27.28675079345703
0.1953125,27.289329528808594
0.2109375,27.287124633789062
0.2265625,27.28271484375
0.2421875,27.293739318847656
0.2578125,27.290428161621094
0.2734375,27.29998016357422
0.2890625,27.286376953125
0.3046875,27.293365478515625
0.3203125,27.297401428222656
0.3359375,27.297775268554688
0.3515625,27.297042846679688
0.3671875,27.292991638183594
0.3828125,27.28601837158203
0.3984375,27.297775268554688
0.4140625,27.28858184814453
0.4296875,27.28601837158203
0.4453125,27.295944213867188
0.4609375,27.299606323242188
0.4765625,27.30145263671875
0.4921875,27.290428161621094
0.5078125,27.293365478515625
0.5234375,27.30145263671875
0.5390625,27.292633056640625
0.5546875,27.297775268554688
0.5703125,27.295944213867188
0.5859375,27.295944213867188
0.6015625,27.29998016357422
0.6171875,27.290428161621094
0.6328125,27.295944213867188
0.6484375,27.297401428222656
0.6640625,27.28601837158203
0.6796875,27.28675079345703
0.6953125,27.292266845703125
0.7109375,27.297775268554688
0.7265625,27.308425903320312
0.7421875,27.294097900390625
0.7578125,27.289688110351562
0.7734375,27.288955688476562
0.7890625,27.292633056640625
0.8046875,27.29924774169922
0.8203125,27.290428161621094
0.8359375,27.311737060546875
0.8515625,27.30438995361328
0.8671875,27.30035400390625
0.8828125,27.30035400390625
0.8984375,27.30512237548828
0.9140625,27.30218505859375
0.9296875,27.31578826904297
0.9453125,27.32019805908203
0.9609375,27.3209228515625
0.9765625,27.33746337890625
0.9921875,27.33673095703125
1.0078125,27.342971801757812
1.0234375,27.33673095703125
1.0390625,27.341873168945312
1.0546875,27.349220275878906
1.0703125,27.35913848876953
1.0859375,27.366500854492188
1.1015625,27.384140014648438
1.1171875,27.383392333984375
1.1328125,27.396621704101562
1.1484375,27.402877807617188
1.1640625,27.411697387695312
1.1796875,27.433006286621094
1.1953125,27.432273864746094
1.2109375,27.42859649658203
1.2265625,27.450645446777344
1.2421875,27.454322814941406
1.2578125,27.474166870117188
1.2734375,27.492904663085938
1.2890625,27.516433715820312
1.3046875,27.525611877441406
1.3203125,27.531494140625
1.3359375,27.54509735107422
1.3515625,27.56456756591797
1.3671875,27.58403778076172
1.3828125,27.60167694091797
1.3984375,27.611244201660156
1.4140625,27.624473571777344
1.4296875,27.627410888671875
1.4453125,27.65606689453125
1.4609375,27.680328369140625
1.4765625,27.696128845214844
1.4921875,27.71082305908203
1.5078125,27.736549377441406
1.5234375,27.74095916748047
1.5390625,27.752716064453125
1.5546875,27.76483917236328
1.5703125,27.781021118164062
1.5859375,27.803070068359375
1.6015625,27.808937072753906
1.6171875,27.820335388183594
1.6328125,27.84937286376953
1.6484375,27.85009765625
1.6640625,27.859649658203125
1.6796875,27.873626708984375
1.6953125,27.89897918701172
1.7109375,27.908905029296875
1.7265625,27.923965454101562
1.7421875,27.928375244140625
1.7578125,27.949325561523438
1.7734375,27.967330932617188
1.7890625,27.97394561767578
1.8046875,27.99304962158203
1.8203125,27.998558044433594
1.8359375,28.00481414794922
1.8515625,28.022811889648438
1.8671875,28.035682678222656
1.8828125,28.050018310546875
1.8984375,28.066551208496094
1.9140625,28.0595703125
1.9296875,28.067283630371094
1.9453125,28.09632110595703
1.9609375,28.092636108398438
1.9765625,28.11175537109375
1.9921875,28.13416290283203
2.0078125,28.143722534179688
2.0234375,28.145553588867188
2.0390625,28.172386169433594
2.0546875,28.176055908203125
2.0703125,28.18120574951172
2.0859375,28.18817901611328
2.1015625,28.202880859375
2.1171875,28.222000122070312
2.1328125,28.222732543945312
2.1484375,28.23743438720703
2.1640625,28.248085021972656
2.1796875,28.276748657226562
2.1953125,28.294387817382812
2.2109375,28.29107666015625
2.2265625,28.295860290527344
2.2421875,28.29291534423828
2.2578125,28.295486450195312
2.2734375,28.314964294433594
2.2890625,28.314605712890625
2.3046875,28.321578979492188
2.3203125,28.328933715820312
2.3359375,28.3436279296875
2.3515625,28.335906982421875
2.3671875,28.357955932617188
2.3828125,28.364944458007812
2.3984375,28.35832977294922
2.4140625,28.386993408203125
2.4296875,28.385894775390625
2.4453125,28.385162353515625
2.4609375,28.386993408203125
2.4765625,28.387725830078125
2.4921875,28.401695251464844
2.5078125,28.404632568359375
2.5234375,28.407569885253906
2.5390625,28.41124725341797
2.5546875,28.415283203125
2.5703125,28.41455078125
2.5859375,28.41492462158203
2.6015625,28.416763305664062
2.6171875,28.404258728027344
2.6328125,28.41492462158203
2.6484375,28.401695251464844
2.6640625,28.401695251464844
2.6796875,28.391029357910156
2.6953125,28.391029357910156
2.7109375,28.37523651123047
2.7265625,28.371559143066406
2.7421875,28.35906219482422
2.7578125,28.356124877929688
2.7734375,28.339218139648438
2.7890625,28.320472717285156
2.8046875,28.317909240722656
2.8203125,28.299896240234375
2.8359375,28.29071044921875
2.8515625,28.303207397460938
2.8671875,28.274917602539062
2.8828125,28.2716064453125
2.8984375,28.244781494140625
2.9140625,28.24109649658203
2.9296875,28.205093383789062
2.9453125,28.19774627685547
2.9609375,28.158058166503906
2.9765625,28.155479431152344
2.9921875,28.139671325683594
3.0078125,28.123878479003906
3.0234375,28.118728637695312
3.0390625,28.106239318847656
3.0546875,28.105140686035156
3.0703125,28.087860107421875
3.0859375,28.07904052734375
3.1015625,28.07793426513672
3.1171875,28.069114685058594
3.1328125,28.055160522460938
3.1484375,28.045608520507812
3.1640625,28.051116943359375
3.1796875,28.0272216796875
3.1953125,28.02391815185547
3.2109375,28.0264892578125
3.2265625,28.00922393798828
3.2421875,28.017303466796875
3.2578125,28.00775146484375
3.2734375,27.9912109375
3.2890625,28.002967834472656
3.3046875,27.97467803955078
3.3203125,27.97137451171875
3.3359375,27.961074829101562
3.3515625,27.97320556640625
3.3671875,27.948219299316406
3.3828125,27.943809509277344
3.3984375,27.948951721191406
3.4140625,27.93646240234375
3.4296875,27.922866821289062
3.4453125,27.927276611328125
3.4609375,27.929847717285156
3.4765625,27.914047241210938
3.4921875,27.925437927246094
3.5078125,27.916244506835938
3.5234375,27.907058715820312
3.5390625,27.90338897705078
3.5546875,27.90264892578125
3.5703125,27.90485382080078
3.5859375,27.889419555664062
3.6015625,27.88721466064453
3.6171875,27.893096923828125
3.6328125,27.876556396484375
3.6484375,27.88024139404297
3.6640625,27.878395080566406
3.6796875,27.872879028320312
3.6953125,27.86737060546875
3.7109375,27.856719970703125
3.7265625,27.855613708496094
3.7421875,27.852676391601562
3.7578125,27.861129760742188
3.7734375,27.855613708496094
3.7890625,27.85120391845703
3.8046875,27.85009765625
3.8203125,27.836502075195312
3.8359375,27.82988739013672
3.8515625,27.83026123046875
3.8671875,27.826576232910156
3.8828125,27.83283233642578
3.8984375,27.820335388183594
3.9140625,27.805633544921875
3.9296875,27.805633544921875
3.9453125,27.781021118164062
3.9609375,27.787994384765625
3.9765625,27.789466857910156
3.9921875,27.785789489746094
4.0078125,27.781021118164062
4.0234375,27.769996643066406
4.0390625,27.763381958007812
4.0546875,27.763381958007812
4.0703125,27.751251220703125
4.0859375,27.764114379882812
4.1015625,27.754188537597656
4.1171875,27.75676727294922
4.1328125,27.750152587890625
4.1484375,27.748306274414062
4.1640625,27.74536895751953
4.1796875,27.74095916748047
4.1953125,27.731765747070312
4.2109375,27.72148895263672
4.2265625,27.722946166992188
4.2421875,27.72735595703125
4.2578125,27.721847534179688
4.2734375,27.719284057617188
4.2890625,27.715232849121094
4.3046875,27.7086181640625
4.3203125,27.714500427246094
4.3359375,27.70935821533203
4.3515625,27.7078857421875
4.3671875,27.695388793945312
4.3828125,27.696128845214844
4.3984375,27.692825317382812
4.4140625,27.685104370117188
4.4296875,27.683631896972656
4.4453125,27.693557739257812
4.4609375,27.679595947265625
4.4765625,27.679595947265625
4.4921875,27.684005737304688
4.5078125,27.671875
4.5234375,27.6715087890625
4.5390625,27.6707763671875
4.5546875,27.67040252685547
4.5703125,27.679595947265625
4.5859375,27.6707763671875
4.6015625,27.667098999023438
4.6171875,27.659378051757812
4.6328125,27.650558471679688
4.6484375,27.663414001464844
4.6640625,27.657546997070312
4.6796875,27.649459838867188
4.6953125,27.65570068359375
4.7109375,27.651290893554688
4.7265625,27.642112731933594
4.7421875,27.643211364746094
4.7578125,27.646148681640625
4.7734375,27.648727416992188
4.7890625,27.649459838867188
4.8046875,27.647979736328125
4.8203125,27.631820678710938
4.8359375,27.642837524414062
4.8515625,27.6365966796875
4.8671875,27.647621154785156
4.8828125,27.645774841308594
4.8984375,27.641738891601562
4.9140625,27.65570068359375
4.9296875,27.65203094482422
4.9453125,27.643211364746094
4.9609375,27.65679931640625
4.9765625,27.660110473632812
4.9921875,27.660476684570312
5.0078125,27.675918579101562
5.0234375,27.697235107421875
5.0390625,27.685836791992188
5.0546875,27.709716796875
5.0703125,27.716331481933594
5.0859375,27.738021850585938
5.1015625,27.72625732421875
5.1171875,27.738380432128906
5.1328125,27.757125854492188
5.1484375,27.76483917236328
5.1640625,27.769996643066406
5.1796875,27.789466857910156
5.1953125,27.79901885986328
5.2109375,27.81519317626953
5.2265625,27.826950073242188
5.2421875,27.836502075195312
5.2578125,27.854141235351562
5.2734375,27.870315551757812
5.2890625,27.88721466064453
5.3046875,27.895675659179688
5.3203125,27.915878295898438
5.3359375,27.914772033691406
5.3515625,27.932785034179688
5.3671875,27.952255249023438
5.3828125,27.977981567382812
5.3984375,27.986434936523438
5.4140625,27.99048614501953
5.4296875,28.015098571777344
5.4453125,28.030174255371094
5.4609375,28.045608520507812
5.4765625,28.051475524902344
5.4921875,28.06214141845703
5.5078125,28.081619262695312
5.5234375,28.070960998535156
5.5390625,28.091537475585938
5.5546875,28.087860107421875
5.5703125,28.09300994873047
5.5859375,28.116165161132812
5.6015625,28.126083374023438
5.6171875,28.13526153564453
5.6328125,28.14849090576172
5.6484375,28.158058166503906
5.6640625,28.167236328125
5.6796875,28.176795959472656
5.6953125,28.18634796142578
5.7109375,28.196273803710938
5.7265625,28.209129333496094
5.7421875,28.209503173828125
5.7578125,28.225303649902344
5.7734375,28.246978759765625
5.7890625,28.25322723388672
5.8046875,28.27454376220703
5.8203125,28.285568237304688
5.8359375,28.28924560546875
5.8515625,28.30467987060547
5.8671875,28.295486450195312
5.8828125,28.313125610351562
5.8984375,28.317169189453125
5.9140625,28.32708740234375
5.9296875,28.337753295898438
5.9453125,28.349136352539062
5.9609375,28.349884033203125
5.9765625,28.35980224609375
5.9921875,28.369728088378906
6.0078125,28.38220977783203
6.0234375,28.374496459960938
6.0390625,28.385520935058594
6.0546875,28.388465881347656
6.0703125,28.39543914794922
6.0859375,28.392501831054688
6.1015625,28.410873413085938
6.1171875,28.403533935546875
6.1328125,28.41162109375
6.1484375,28.415283203125
6.1640625,28.42999267578125
6.1796875,28.41565704345703
6.1953125,28.41565704345703
6.2109375,28.41124725341797
6.2265625,28.43109130859375
6.2421875,28.44652557373047
6.2578125,28.43109130859375
6.2734375,28.439910888671875
6.2890625,28.44579315185547
6.3046875,28.442115783691406
6.3203125,28.453140258789062
6.3359375,28.44910430908203
6.3515625,28.474815368652344
6.3671875,28.474456787109375
6.3828125,28.46527099609375
6.3984375,28.47997283935547
6.4140625,28.48180389404297
6.4296875,28.489891052246094
6.4453125,28.48438262939453
6.4609375,28.496139526367188
6.4765625,28.50312042236328
6.4921875,28.512298583984375
6.5078125,28.526275634765625
6.5234375,28.540603637695312
6.5390625,28.550155639648438
6.5546875,28.541709899902344
6.5703125,28.547950744628906
6.5859375,28.558242797851562
6.6015625,28.562652587890625
6.6171875,28.579193115234375
6.6328125,28.584701538085938
6.6484375,28.589111328125
6.6640625,28.597190856933594
6.6796875,28.602699279785156
6.6953125,28.583229064941406
6.7109375,28.600135803222656
6.7265625,28.600135803222656
6.7421875,28.603073120117188
6.7578125,28.580291748046875
6.7734375,28.580291748046875
6.7890625,28.57330322265625
6.8046875,28.564857482910156
6.8203125,28.543914794921875
6.8359375,28.53472137451172
6.8515625,28.526275634765625
6.8671875,28.524795532226562
6.8828125,28.49871063232422
6.8984375,28.50312042236328
6.9140625,28.47997283935547
6.9296875,28.46710205078125
6.9453125,28.457550048828125
6.9609375,28.4476318359375
6.9765625,28.443222045898438
6.9921875,28.439178466796875
7.0078125,28.438079833984375
7.0234375,28.43402862548828
7.0390625,28.416763305664062
7.0546875,28.39764404296875
7.0703125,28.39801788330078
7.0859375,28.389572143554688
7.1015625,28.385162353515625
7.1171875,28.384056091308594
7.1328125,28.35980224609375
7.1484375,28.355026245117188
7.1640625,28.345474243164062
7.1796875,28.33885955810547
7.1953125,28.330398559570312
7.2109375,28.310195922851562
7.2265625,28.3094482421875
7.2421875,28.312026977539062
7.2578125,28.295486450195312
7.2734375,28.297325134277344
7.2890625,28.299530029296875
7.3046875,28.277847290039062
7.3203125,28.281158447265625
7.3359375,28.25579833984375
7.3515625,28.241844177246094
7.3671875,28.241844177246094
7.3828125,28.23668670654297
7.3984375,28.228973388671875
7.4140625,28.209503173828125
7.4296875,28.207664489746094
7.4453125,28.206192016601562
7.4609375,28.192962646484375
7.4765625,28.20140838623047
7.4921875,28.194793701171875
7.5078125,28.199951171875
7.5234375,28.181564331054688
7.5390625,28.175697326660156
7.5546875,28.169082641601562
7.5703125,28.163192749023438
7.5859375,28.153648376464844
7.6015625,28.153648376464844
7.6171875,28.14776611328125
7.6328125,28.13343048095703
7.6484375,28.139671325683594
7.6640625,28.136367797851562
7.6796875,28.123138427734375
7.6953125,28.119827270507812
7.7109375,28.102561950683594
7.7265625,28.099258422851562
7.7421875,28.091163635253906
7.7578125,28.109176635742188
7.7734375,28.0966796875
7.7890625,28.091163635253906
7.8046875,28.089706420898438
7.8203125,28.098526000976562
7.8359375,28.091537475585938
7.8515625,28.088226318359375
7.8671875,28.08124542236328
7.8828125,28.083816528320312
7.8984375,28.087127685546875
7.9140625,28.075729370117188
7.9296875,28.098526000976562
7.9453125,28.081619262695312
7.9609375,28.081619262695312
7.9765625,28.069862365722656
7.9921875,28.07978057861328
8.0078125,28.067657470703125
8.0234375,28.069114685058594
8.0390625,28.07610321044922
8.0546875,28.075729370117188
8.0703125,28.068389892578125
8.0859375,28.063980102539062
8.1015625,28.055160522460938
8.1171875,28.07757568359375
8.1328125,28.0614013671875
8.1484375,28.055160522460938
8.1640625,28.063980102539062
8.1796875,28.055160522460938
8.1953125,28.053680419921875
8.2109375,28.06214141845703
8.2265625,28.06214141845703
8.2421875,28.06470489501953
8.2578125,28.04706573486328
8.2734375,28.05773162841797
8.2890625,28.0595703125
8.3046875,28.04706573486328
8.3203125,28.049270629882812
8.3359375,28.05773162841797
8.3515625,28.053321838378906
8.3671875,28.056259155273438
8.3828125,28.053321838378906
8.3984375,28.050750732421875
8.4140625,28.056991577148438
8.4296875,28.04523468017578
8.4453125,28.0606689453125
8.4609375,28.04523468017578
8.4765625,28.049270629882812
8.4921875,28.04009246826172
8.5078125,28.048538208007812
8.5234375,28.04265594482422
8.5390625,28.034584045410156
8.5546875,28.045608520507812
8.5703125,28.030174255371094
8.5859375,28.027969360351562
8.6015625,28.022811889648438
8.6171875,28.0272216796875
8.6328125,28.0272216796875
8.6484375,28.020980834960938
8.6640625,28.015838623046875
8.6796875,28.029067993164062
8.6953125,28.013992309570312
8.7109375,28.025390625
8.7265625,28.022811889648438
8.7421875,28.0272216796875
8.7578125,28.016197204589844
8.7734375,28.024658203125
8.7890625,28.021713256835938
8.8046875,28.02391815185547
8.8203125,28.022811889648438
8.8359375,28.02832794189453
8.8515625,28.024658203125
8.8671875,28.036788940429688
8.8828125,28.049270629882812
8.8984375,28.049270629882812
8.9140625,28.051116943359375
8.9296875,28.050018310546875
8.9453125,28.05846405029297
8.9609375,28.06214141845703
8.9765625,28.06470489501953
8.9921875,28.06029510498047
9.0078125,28.08124542236328
9.0234375,28.067283630371094
9.0390625,28.07757568359375
9.0546875,28.088226318359375
9.0703125,28.087860107421875
9.0859375,28.089706420898438
9.1015625,28.103294372558594
9.1171875,28.103294372558594
9.1328125,28.11248779296875
9.1484375,28.121307373046875
9.1640625,28.137107849121094
9.1796875,28.144454956054688
9.1953125,28.14886474609375
9.2109375,28.14923858642578
9.2265625,28.160621643066406
9.2421875,28.16650390625
9.2578125,28.171287536621094
9.2734375,28.18817901611328
9.2890625,28.187454223632812
9.3046875,28.20068359375
9.3203125,28.20030975341797
9.3359375,28.208770751953125
9.3515625,28.213912963867188
9.3671875,28.2359619140625
9.3828125,28.248085021972656
9.3984375,28.258010864257812
9.4140625,28.263145446777344
9.4296875,28.274169921875
9.4453125,28.278579711914062
9.4609375,28.302833557128906
9.4765625,28.30908966064453
9.4921875,28.314964294433594
9.5078125,28.331138610839844
9.5234375,28.331138610839844
9.5390625,28.36016082763672
9.5546875,28.365676879882812
9.5703125,28.37670135498047
9.5859375,28.386993408203125
9.6015625,28.407569885253906
9.6171875,28.41124725341797
9.6328125,28.420066833496094
9.6484375,28.43182373046875
9.6640625,28.437332153320312
9.6796875,28.454971313476562
9.6953125,28.457550048828125
9.7109375,28.478500366210938
9.7265625,28.48180389404297
9.7421875,28.48621368408203
9.7578125,28.515609741210938
9.7734375,28.526275634765625
9.7890625,28.531784057617188
9.8046875,28.545372009277344
9.8203125,28.541709899902344
9.8359375,28.56816864013672
9.8515625,28.57330322265625
9.8671875,28.578445434570312
9.8828125,28.583229064941406
9.8984375,28.5916748046875
9.9140625,28.60344696044922
9.9296875,28.619979858398438
9.9453125,28.626953125
9.9609375,28.626220703125
9.9765625,28.64423370361328
9.9921875,28.646438598632812
10.0078125,28.65746307373047
10.0234375,28.664810180664062
10.0390625,28.67877197265625
10.0546875,28.688331604003906
10.0703125,28.686485290527344
10.0859375,28.687957763671875
10.1015625,28.69715118408203
10.1171875,28.716629028320312
10.1328125,28.710739135742188
10.1484375,28.705596923828125
10.1640625,28.724342346191406
10.1796875,28.741607666015625
10.1953125,28.739044189453125
10.2109375,28.755584716796875
10.2265625,28.76403045654297
10.2421875,28.776153564453125
10.2578125,28.777259826660156
10.2734375,28.788658142089844
10.2890625,28.80224609375
10.3046875,28.806297302246094
10.3203125,28.821731567382812
10.3359375,28.81915283203125
10.3515625,28.824661254882812
10.3671875,28.827239990234375
10.3828125,28.825035095214844
10.3984375,28.841934204101562
10.4140625,28.85149383544922
10.4296875,28.857742309570312
10.4453125,28.85405731201172
10.4609375,28.8720703125
10.4765625,28.865455627441406
10.4921875,28.879058837890625
10.5078125,28.8739013671875
10.5234375,28.88750457763672
10.5390625,28.88861083984375
10.5546875,28.900733947753906
10.5703125,28.898155212402344
10.5859375,28.919845581054688
10.6015625,28.92315673828125
10.6171875,28.934181213378906
10.6328125,28.922409057617188
10.6484375,28.931228637695312
10.6640625,28.953277587890625
10.6796875,28.931976318359375
10.6953125,28.945205688476562
10.7109375,28.952919006347656
10.7265625,28.949974060058594
10.7421875,28.943359375
10.7578125,28.931228637695312
10.7734375,28.934906005859375
10.7890625,28.949615478515625
10.8046875,28.945205688476562
10.8203125,28.930130004882812
10.8359375,28.920204162597656
10.8515625,28.92646026611328
10.8671875,28.90955352783203
10.8828125,28.89191436767578
10.8984375,28.88750457763672
10.9140625,28.898529052734375
10.9296875,28.860671997070312
10.9453125,28.85260009765625
10.9609375,28.847816467285156
10.9765625,28.847816467285156
10.9921875,28.830551147460938
11.0078125,28.8367919921875
11.0234375,28.830177307128906
11.0390625,28.808128356933594
11.0546875,28.804824829101562
11.0703125,28.789756774902344
11.0859375,28.78166961669922
11.1015625,28.774322509765625
11.1171875,28.7662353515625
11.1328125,28.753379821777344
11.1484375,28.741607666015625
11.1640625,28.731689453125
11.1796875,28.725448608398438
11.1953125,28.71514892578125
11.2109375,28.704124450683594
11.2265625,28.687232971191406
11.2421875,28.67913818359375
11.2578125,28.681716918945312
11.2734375,28.672157287597656
11.2890625,28.668846130371094
11.3046875,28.663711547851562
11.3203125,28.66443634033203
11.3359375,28.66333770751953
11.3515625,28.646072387695312
11.3671875,28.627700805664062
11.3828125,28.621444702148438
11.3984375,28.611892700195312
11.4140625,28.601600646972656
11.4296875,28.590576171875
11.4453125,28.58580780029297
11.4609375,28.57514190673828
11.4765625,28.566322326660156
11.4921875,28.57330322265625
11.5078125,28.57330322265625
11.5234375,28.5556640625
11.5390625,28.546119689941406
11.5546875,28.541709899902344
11.5703125,28.531417846679688
11.5859375,28.516708374023438
11.6015625,28.525169372558594
11.6171875,28.506431579589844
11.6328125,28.49981689453125
11.6484375,28.506431579589844
11.6640625,28.50164794921875
11.6796875,28.493202209472656
11.6953125,28.489517211914062
11.7109375,28.4832763671875
11.7265625,28.470779418945312
11.7421875,28.47997283935547
11.7578125,28.4832763671875
11.7734375,28.463790893554688
11.7890625,28.460861206054688
11.8046875,28.476661682128906
11.8203125,28.457550048828125
11.8359375,28.46563720703125
11.8515625,28.454238891601562
11.8671875,28.457550048828125
11.8828125,28.474090576171875
11.8984375,28.451309204101562
11.9140625,28.457550048828125
11.9296875,28.443222045898438
11.9453125,28.456817626953125
11.9609375,28.456817626953125
11.9765625,28.451309204101562
11.9921875,28.442489624023438
12.0078125,28.44579315185547
12.0234375,28.44652557373047
12.0390625,28.443946838378906
12.0546875,28.44579315185547
12.0703125,28.436973571777344
12.0859375,28.438438415527344
12.1015625,28.434402465820312
12.1171875,28.425209045410156
12.1328125,28.43182373046875
12.1484375,28.41638946533203
12.1640625,28.41565704345703
12.1796875,28.426307678222656
12.1953125,28.42815399169922
12.2109375,28.415283203125
12.2265625,28.41124725341797
12.2421875,28.4127197265625
12.2578125,28.41492462158203
12.2734375,28.41492462158203
12.2890625,28.403533935546875
12.3046875,28.410873413085938
12.3203125,28.401695251464844
12.3359375,28.401695251464844
12.3515625,28.402053833007812
12.3671875,28.401321411132812
12.3828125,28.388092041015625
12.3984375,28.401695251464844
12.4140625,28.39177703857422
12.4296875,28.389572143554688
12.4453125,28.388092041015625
12.4609375,28.39543914794922
12.4765625,28.391029357910156
12.4921875,28.386993408203125
12.5078125,28.386619567871094
12.5234375,28.386260986328125
12.5390625,28.392135620117188
12.5546875,28.373390197753906
12.5703125,28.366775512695312
12.5859375,28.35943603515625
12.6015625,28.364944458007812
12.6171875,28.373390197753906
12.6328125,28.35906219482422
12.6484375,28.367523193359375
12.6640625,28.370452880859375
12.6796875,28.370452880859375
12.6953125,28.368621826171875
12.7109375,28.366416931152344
12.7265625,28.373390197753906
12.7421875,28.368255615234375
12.7578125,28.3770751953125
12.7734375,28.388465881347656
12.7890625,28.391029357910156
12.8046875,28.39543914794922
12.8203125,28.388092041015625
12.8359375,28.392501831054688
12.8515625,28.406105041503906
12.8671875,28.419692993164062
12.8828125,28.41748809814453
12.8984375,28.438812255859375
12.9140625,28.436233520507812
12.9296875,28.453140258789062
12.9453125,28.473358154296875
12.9609375,28.48180389404297
12.9765625,28.492454528808594
12.9921875,28.49944305419922
13.0078125,28.519287109375
13.0234375,28.51891326904297
13.0390625,28.531784057617188
13.0546875,28.558975219726562
13.0703125,28.564483642578125
13.0859375,28.583229064941406
13.1015625,28.583961486816406
13.1171875,28.601974487304688
13.1328125,28.616676330566406
13.1484375,28.637977600097656
13.1640625,28.636520385742188
13.1796875,28.6593017578125
13.1953125,28.669952392578125
13.2109375,28.664810180664062
13.2265625,28.6956787109375
13.2421875,28.681716918945312
13.2578125,28.705596923828125
13.2734375,28.726547241210938
13.2890625,28.7298583984375
13.3046875,28.740875244140625
13.3203125,28.7662353515625
13.3359375,28.771018981933594
13.3515625,28.789016723632812
13.3671875,28.813270568847656
13.3828125,28.811805725097656
13.3984375,28.827598571777344
13.4140625,28.83531951904297
13.4296875,28.849288940429688
13.4453125,28.85846710205078
13.4609375,28.85149383544922
13.4765625,28.863250732421875
13.4921875,28.881988525390625
13.5078125,28.879417419433594
13.5234375,28.876480102539062
13.5390625,28.89044189453125
13.5546875,28.90441131591797
13.5703125,28.920204162597656
13.5859375,28.917266845703125
13.6015625,28.938217163085938
13.6171875,28.92498779296875
13.6328125,28.940048217773438
13.6484375,28.937118530273438
13.6640625,28.945205688476562
13.6796875,28.94189453125
13.6953125,28.94666290283203
13.7109375,28.945938110351562
13.7265625,28.933433532714844
13.7421875,28.930496215820312
13.7578125,28.955123901367188
13.7734375,28.95806121826172
13.7890625,28.95989227294922
13.8046875,28.955123901367188
13.8203125,28.952178955078125
13.8359375,28.96173858642578
13.8515625,28.96099853515625
13.8671875,28.96320343017578
13.8828125,28.949241638183594
13.8984375,28.95879364013672
13.9140625,28.95953369140625
13.9296875,28.953277587890625
13.9453125,28.96173858642578
13.9609375,28.96247100830078
13.9765625,28.953277587890625
13.9921875,28.96063995361328
14.0078125,28.96173858642578
14.0234375,28.963577270507812
14.0390625,28.95916748046875
14.0546875,28.95806121826172
14.0703125,28.946304321289062
14.0859375,28.954383850097656
14.1015625,28.957687377929688
14.1171875,28.952545166015625
14.1328125,28.95623016357422
14.1484375,28.955123901367188
14.1640625,28.950714111328125
14.1796875,28.945205688476562
14.1953125,28.947769165039062
14.2109375,28.943359375
14.2265625,28.93859100341797
14.2421875,28.943359375
14.2578125,28.948867797851562
14.2734375,28.930130004882812
14.2890625,28.932334899902344
14.3046875,28.94225311279297
14.3203125,28.927566528320312
14.3359375,28.921676635742188
14.3515625,28.917266845703125
14.3671875,28.90955352783203
14.3828125,28.900733947753906
14.3984375,28.894851684570312
14.4140625,28.901107788085938
14.4296875,28.87169647216797
14.4453125,28.85663604736328
14.4609375,28.85149383544922
14.4765625,28.83641815185547
14.4921875,28.845985412597656
14.5078125,28.835693359375
14.5234375,28.835693359375
14.5390625,28.8360595703125
14.5546875,28.81988525390625
14.5703125,28.823562622070312
14.5859375,28.823562622070312
14.6015625,28.804824829101562
14.6171875,28.78240203857422
14.6328125,28.795272827148438
14.6484375,28.776153564453125
14.6640625,28.771743774414062
14.6796875,28.759620666503906
14.6953125,28.762557983398438
14.7109375,28.771743774414062
14.7265625,28.75006866455078
14.7421875,28.757041931152344
14.7578125,28.743812561035156
14.7734375,28.738677978515625
14.7890625,28.734268188476562
14.8046875,28.7291259765625
14.8203125,28.722137451171875
14.8359375,28.719932556152344
14.8515625,28.707077026367188
14.8671875,28.701187133789062
14.8828125,28.697509765625
14.8984375,28.69164276123047
14.9140625,28.690895080566406
14.9296875,28.683547973632812
14.9453125,28.682449340820312
14.9609375,28.672157287597656
14.9765625,28.672157287597656
14.9921875,28.672897338867188
15.0078125,28.66260528564453
15.0234375,28.668121337890625
15.0390625,28.665184020996094
15.0546875,28.667388916015625
15.0703125,28.664077758789062
15.0859375,28.653411865234375
15.1015625,28.6611328125
15.1171875,28.650482177734375
15.1328125,28.653411865234375
15.1484375,28.63872528076172
15.1640625,28.649749755859375
15.1796875,28.653411865234375
15.1953125,28.637977600097656
15.2109375,28.633567810058594
15.2265625,28.619613647460938
15.2421875,28.631004333496094
15.2578125,28.64238739013672
15.2734375,28.63872528076172
15.2890625,28.62549591064453
15.3046875,28.614830017089844
15.3203125,28.62291717529297
15.3359375,28.60344696044922
15.3515625,28.61042022705078
15.3671875,28.619979858398438
15.3828125,28.617774963378906
15.3984375,28.60710906982422
15.4140625,28.599395751953125
15.4296875,28.602699279785156
15.4453125,28.60344696044922
15.4609375,28.60710906982422
15.4765625,28.599395751953125
15.4921875,28.599395751953125
15.5078125,28.597190856933594
15.5234375,28.603073120117188
15.5390625,28.597190856933594
15.5546875,28.597190856933594
15.5703125,28.587265014648438
15.5859375,28.59278106689453
15.6015625,28.583961486816406
15.6171875,28.5916748046875
15.6328125,28.58580780029297
15.6484375,28.5916748046875
15.6640625,28.580291748046875
15.6796875,28.582855224609375
15.6953125,28.58690643310547
15.7109375,28.5880126953125
15.7265625,28.583961486816406
15.7421875,28.582855224609375
15.7578125,28.57330322265625
15.7734375,28.581024169921875
15.7890625,28.59204864501953
15.8046875,28.583229064941406
15.8203125,28.57330322265625
15.8359375,28.576614379882812
15.8515625,28.57073211669922
15.8671875,28.564483642578125
15.8828125,28.57220458984375
15.8984375,28.579193115234375
15.9140625,28.561912536621094
15.9296875,28.563758850097656
15.9453125,28.564117431640625
15.9609375,28.55750274658203
15.9765625,28.57147216796875
15.9921875,28.57330322265625
16.0078125,28.5538330078125
16.0234375,28.551254272460938
16.0390625,28.53472137451172
16.0546875,28.564483642578125
16.0703125,28.545013427734375
16.0859375,28.546844482421875
16.1015625,28.542808532714844
16.1171875,28.53730010986328
16.1328125,28.542068481445312
16.1484375,28.544273376464844
16.1640625,28.549781799316406
16.1796875,28.548324584960938
16.1953125,28.547950744628906
16.2109375,28.543540954589844
16.2265625,28.55236053466797
16.2421875,28.55309295654297
16.2578125,28.564483642578125
16.2734375,28.549781799316406
16.2890625,28.5556640625
16.3046875,28.56816864013672
16.3203125,28.576614379882812
16.3359375,28.57514190673828
16.3515625,28.5909423828125
16.3671875,28.600135803222656
16.3828125,28.597190856933594
16.3984375,28.60344696044922
16.4140625,28.6243896484375
16.4296875,28.60454559326172
16.4453125,28.626220703125
16.4609375,28.6243896484375
16.4765625,28.632843017578125
16.4921875,28.649749755859375
16.5078125,28.657089233398438
16.5234375,28.663711547851562
16.5390625,28.657821655273438
16.5546875,28.669593811035156
16.5703125,28.68207550048828
16.5859375,28.67730712890625
16.6015625,28.697509765625
16.6171875,28.69164276123047
16.6328125,28.707809448242188
16.6484375,28.707077026367188
16.6640625,28.708908081054688
16.6796875,28.722137451171875
16.6953125,28.727279663085938
16.7109375,28.7298583984375
16.7265625,28.740875244140625
16.7421875,28.74712371826172
16.7578125,28.74897003173828
16.7734375,28.74897003173828
16.7890625,28.76586151123047
16.8046875,28.771743774414062
16.8203125,28.777992248535156
16.8359375,28.791221618652344
16.8515625,28.80188751220703
16.8671875,28.80004119873047
16.8828125,28.804824829101562
16.8984375,28.811805725097656
16.9140625,28.823562622070312
16.9296875,28.821731567382812
16.9453125,28.8360595703125
16.9609375,28.833114624023438
16.9765625,28.832008361816406
16.9921875,28.847442626953125
17.0078125,28.860313415527344
17.0234375,28.87244415283203
17.0390625,28.88861083984375
17.0546875,28.89044189453125
17.0703125,28.882362365722656
17.0859375,28.897056579589844
17.1015625,28.916900634765625
17.1171875,28.917999267578125
17.1328125,28.945205688476562
17.1484375,28.936744689941406
17.1640625,28.92498779296875
17.1796875,28.9444580078125
17.1953125,28.95879364013672
17.2109375,28.96247100830078
17.2265625,28.96099853515625
17.2421875,28.96430206298828
17.2578125,28.97643280029297
17.2734375,28.96099853515625
17.2890625,28.97827911376953
17.3046875,28.987098693847656
17.3203125,28.989303588867188
17.3359375,28.99664306640625
17.3515625,28.99664306640625
17.3671875,29.01097869873047
17.3828125,29.005836486816406
17.3984375,29.01538848876953
17.4140625,29.023475646972656
17.4296875,29.02788543701172
17.4453125,29.035606384277344
17.4609375,29.02788543701172
17.4765625,29.038543701171875
17.4921875,29.046630859375
17.5078125,29.043319702148438
17.5234375,29.035606384277344
17.5390625,29.0477294921875
17.5546875,29.052871704101562
17.5703125,29.051040649414062
17.5859375,29.05066680908203
17.6015625,29.06427001953125
17.6171875,29.055450439453125
17.6328125,29.060958862304688
17.6484375,29.062789916992188
17.6640625,29.055076599121094
17.6796875,29.06316375732422
17.6953125,29.068679809570312
17.7109375,29.06610107421875
17.7265625,29.06793212890625
17.7421875,29.04993438720703
17.7578125,29.061691284179688
17.7734375,29.06903839111328
17.7890625,29.08336639404297
17.8046875,29.059112548828125
17.8203125,29.060958862304688
17.8359375,29.061317443847656
17.8515625,29.056182861328125
17.8671875,29.060218811035156
17.8828125,29.041114807128906
17.8984375,29.0491943359375
17.9140625,29.04625701904297
17.9296875,29.038543701171875
17.9453125,29.044052124023438
17.9609375,29.039268493652344
17.9765625,29.03265380859375
17.9921875,29.023475646972656
18.0078125,29.027145385742188
18.0234375,29.023475646972656
18.0390625,29.006942749023438
18.0546875,29.003990173339844
18.0703125,28.99737548828125
18.0859375,29.002532958984375
18.1015625,28.97753143310547
18.1171875,28.99444580078125
18.1328125,28.9771728515625
18.1484375,28.96026611328125
18.1640625,28.967254638671875
18.1796875,28.95623016357422
18.1953125,28.96173858642578
18.2109375,28.955123901367188
18.2265625,28.963577270507812
18.2421875,28.954383850097656
18.2578125,28.947036743164062
18.2734375,28.951446533203125
18.2890625,28.948867797851562
18.3046875,28.92498779296875
18.3203125,28.916168212890625
18.3359375,28.90882110595703
18.3515625,28.914337158203125
18.3671875,28.88677215576172
18.3828125,28.88933563232422
18.3984375,28.877578735351562
18.4140625,28.875747680664062
18.4296875,28.8702392578125
18.4453125,28.875381469726562
18.4609375,28.8702392578125
18.4765625,28.863250732421875
18.4921875,28.864723205566406
18.5078125,28.860313415527344
18.5234375,28.840103149414062
18.5390625,28.841934204101562
18.5546875,28.843406677246094
18.5703125,28.83972930908203
18.5859375,28.825393676757812
18.6015625,28.840103149414062
18.6171875,28.8360595703125
18.6328125,28.8367919921875
18.6484375,28.822830200195312
18.6640625,28.824295043945312
18.6796875,28.81805419921875
18.6953125,28.808502197265625
18.7109375,28.821731567382812
18.7265625,28.810707092285156
18.7421875,28.823562622070312
18.7578125,28.81732177734375
18.7734375,28.804824829101562
18.7890625,28.792320251464844
18.8046875,28.807022094726562
18.8203125,28.80078125
18.8359375,28.78534698486328
18.8515625,28.790115356445312
18.8671875,28.78534698486328
18.8828125,28.78534698486328
18.8984375,28.774681091308594
18.9140625,28.776527404785156
18.9296875,28.76844024658203
18.9453125,28.753379821777344
18.9609375,28.755210876464844
18.9765625,28.733535766601562
18.9921875,28.737571716308594
19.0078125,28.736099243164062
19.0234375,28.739044189453125
19.0390625,28.74456024169922
19.0546875,28.725448608398438
19.0703125,28.7298583984375
19.0859375,28.723236083984375
19.1015625,28.719200134277344
19.1171875,28.71148681640625
19.1328125,28.710006713867188
19.1484375,28.701560974121094
19.1640625,28.708175659179688
19.1796875,28.697509765625
19.1953125,28.683921813964844
19.2109375,28.68207550048828
19.2265625,28.67400360107422
19.2421875,28.674728393554688
19.2578125,28.664077758789062
19.2734375,28.687591552734375
19.2890625,28.671798706054688
19.3046875,28.68097686767578
19.3203125,28.670318603515625
19.3359375,28.657821655273438
19.3515625,28.668121337890625
19.3671875,28.669952392578125
19.3828125,28.66443634033203
19.3984375,28.651580810546875
19.4140625,28.647171020507812
19.4296875,28.6593017578125
19.4453125,28.647171020507812
19.4609375,28.653411865234375
19.4765625,28.64496612548828
19.4921875,28.655990600585938
19.5078125,28.64569854736328
19.5234375,28.64496612548828
19.5390625,28.653411865234375
19.5546875,28.653411865234375
19.5703125,28.649749755859375
19.5859375,28.64166259765625
19.6015625,28.632110595703125
19.6171875,28.64055633544922
19.6328125,28.64496612548828
19.6484375,28.64385986328125
19.6640625,28.64093017578125
19.6796875,28.647544860839844
19.6953125,28.649749755859375
19.7109375,28.65746307373047
19.7265625,28.66187286376953
19.7421875,28.66443634033203
19.7578125,28.668121337890625
19.7734375,28.663711547851562
19.7890625,28.67913818359375
19.8046875,28.688331604003906
19.8203125,28.686126708984375
19.8359375,28.710739135742188
19.8515625,28.719200134277344
19.8671875,28.74456024169922
19.8828125,28.739402770996094
19.8984375,28.758148193359375
19.9140625,28.76770782470703
19.9296875,28.80078125
19.9453125,28.82135772705078
19.9609375,28.81877899169922
19.9765625,28.828704833984375
19.9921875,28.85663604736328
20.0078125,28.88823699951172
20.0234375,28.904037475585938
20.0390625,28.915069580078125
20.0546875,28.953277587890625
20.0703125,28.974227905273438
20.0859375,28.986724853515625
20.1015625,29.003990173339844
20.1171875,29.046630859375
20.1328125,29.060218811035156
20.1484375,29.094764709472656
20.1640625,29.12305450439453
20.1796875,29.139968872070312
20.1953125,29.160179138183594
20.2109375,29.19104766845703
20.2265625,29.213455200195312
20.2421875,29.24211883544922
20.2578125,29.250579833984375
20.2734375,29.291000366210938
20.2890625,29.31378173828125
20.3046875,29.34685516357422
20.3203125,29.376258850097656
20.3359375,29.40087127685547
20.3515625,29.423667907714844
20.3671875,29.457839965820312
20.3828125,29.4710693359375
20.3984375,29.50745391845703
20.4140625,29.530227661132812
20.4296875,29.554489135742188
20.4453125,29.589035034179688
20.4609375,29.602996826171875
20.4765625,29.626876831054688
20.4921875,29.653335571289062
20.5078125,29.678329467773438
20.5234375,29.697799682617188
20.5390625,29.7169189453125
20.5546875,29.744476318359375
20.5703125,29.766159057617188
20.5859375,29.80694580078125
20.6015625,29.82752227783203
20.6171875,29.84039306640625
20.6328125,29.862442016601562
20.6484375,29.886695861816406
20.6640625,29.903587341308594
20.6796875,29.922332763671875
20.6953125,29.94879150390625
20.7109375,29.975990295410156
20.7265625,29.990325927734375
20.7421875,30.001708984375
20.7578125,30.031471252441406
20.7734375,30.048011779785156
20.7890625,30.061981201171875
20.8046875,30.07115936279297
20.8203125,30.099464416503906
20.8359375,30.114158630371094
20.8515625,30.128128051757812
20.8671875,30.15789794921875
20.8828125,30.180679321289062
20.8984375,30.191696166992188
20.9140625,30.215957641601562
20.9296875,30.216323852539062
20.9453125,30.234695434570312
20.9609375,30.256011962890625
20.9765625,30.262252807617188
20.9921875,30.296432495117188
21.0078125,30.30046844482422
21.0234375,30.339797973632812
21.0390625,30.331336975097656
21.0546875,30.35779571533203
21.0703125,30.357070922851562
21.0859375,30.37139892578125
21.1015625,30.383155822753906
21.1171875,30.409988403320312
21.1328125,30.419906616210938
21.1484375,30.44268798828125
21.1640625,30.449302673339844
21.1796875,30.466583251953125
21.1953125,30.470993041992188
21.2109375,30.49449920654297
21.2265625,30.49634552001953
21.2421875,30.508834838867188
21.2578125,30.516189575195312
21.2734375,30.519126892089844
21.2890625,30.536392211914062
21.3046875,30.5294189453125
21.3203125,30.52867889404297
21.3359375,30.517654418945312
21.3515625,30.5301513671875
21.3671875,30.517654418945312
21.3828125,30.51361083984375
21.3984375,30.494873046875
21.4140625,30.480911254882812
21.4296875,30.47760772705078
21.4453125,30.470993041992188
21.4609375,30.452606201171875
21.4765625,30.42578887939453
21.4921875,30.411819458007812
21.5078125,30.396385192871094
21.5234375,30.373977661132812
21.5390625,30.35413360595703
21.5546875,30.35155487060547
21.5703125,30.326927185058594
21.5859375,30.295700073242188
21.6015625,30.2813720703125
21.6171875,30.252334594726562
21.6328125,30.233596801757812
21.6484375,30.217056274414062
21.6640625,30.19573974609375
21.6796875,30.17884063720703
21.6953125,30.165969848632812
21.7109375,30.146499633789062
21.7265625,30.12335205078125
21.7421875,30.113052368164062
21.7578125,30.09064483642578
21.7734375,30.059402465820312
21.7890625,30.044700622558594
21.8046875,30.048751831054688
21.8203125,30.005760192871094
21.8359375,30.01567840576172
21.8515625,29.993255615234375
21.8671875,29.98443603515625
21.8828125,29.972312927246094
21.8984375,29.943275451660156
21.9140625,29.953567504882812
21.9296875,29.920867919921875
21.9453125,29.904335021972656
21.9609375,29.8958740234375
21.9765625,29.880813598632812
21.9921875,29.87640380859375
22.0078125,29.863174438476562
22.0234375,29.84222412109375
22.0390625,29.816864013671875
22.0546875,29.82678985595703
22.0703125,29.815391540527344
22.0859375,29.803634643554688
22.1015625,29.792617797851562
22.1171875,29.77570343017578
22.1328125,29.774246215820312
22.1484375,29.75440216064453
22.1640625,29.73676300048828
22.1796875,29.724258422851562
22.1953125,29.70404815673828
22.2109375,29.698532104492188
22.2265625,29.672447204589844
22.2421875,29.669509887695312
22.2578125,29.662155151367188
22.2734375,29.652603149414062
22.2890625,29.657012939453125
22.3046875,29.643783569335938
22.3203125,29.627243041992188
22.3359375,29.627975463867188
22.3515625,29.61328887939453
22.3671875,29.621360778808594
22.3828125,29.6136474609375
22.3984375,29.597854614257812
22.4140625,29.590492248535156
22.4296875,29.586082458496094
22.4453125,29.583877563476562
22.4609375,29.583145141601562
22.4765625,29.57801055908203
22.4921875,29.572494506835938
22.5078125,29.575057983398438
22.5234375,29.566986083984375
22.5390625,29.56072998046875
22.5546875,29.55889892578125
22.5703125,29.546035766601562
22.5859375,29.538681030273438
22.6015625,29.529502868652344
22.6171875,29.546768188476562
22.6328125,29.54015350341797
22.6484375,29.535743713378906
22.6640625,29.546768188476562
22.6796875,29.515899658203125
22.6953125,29.52765655517578
22.7109375,29.530601501464844
22.7265625,29.516998291015625
22.7421875,29.515167236328125
22.7578125,29.500839233398438
22.7734375,29.5081787109375
22.7890625,29.48981475830078
22.8046875,29.497161865234375
22.8203125,29.495323181152344
22.8359375,29.502296447753906
22.8515625,29.49347686767578
22.8671875,29.482452392578125
22.8828125,29.48944091796875
22.8984375,29.482452392578125
22.9140625,29.48944091796875
22.9296875,29.47583770751953
22.9453125,29.48870849609375
22.9609375,29.476585388183594
22.9765625,29.476585388183594
22.9921875,29.484657287597656
23.0078125,29.484298706054688
23.0234375,29.477684020996094
23.0390625,29.464454650878906
23.0546875,29.476585388183594
23.0703125,29.47217559814453
23.0859375,29.468490600585938
23.1015625,29.46886444091797
23.1171875,29.472900390625
23.1328125,29.46776580810547
23.1484375,29.450851440429688
23.1640625,29.449378967285156
23.1796875,29.442764282226562
23.1953125,29.422561645507812
23.2109375,29.412269592285156
23.2265625,29.423294067382812
23.2421875,29.426605224609375
23.2578125,29.41925811767578
23.2734375,29.41851043701172
23.2890625,29.41594696044922
23.3046875,29.423667907714844
23.3203125,29.42292022705078
23.3359375,29.42292022705078
23.3515625,29.43689727783203
23.3671875,29.427330017089844
23.3828125,29.443138122558594
23.3984375,29.433944702148438
23.4140625,29.442764282226562
23.4296875,29.450851440429688
23.4453125,29.462982177734375
23.4609375,29.462608337402344
23.4765625,29.47142791748047
23.4921875,29.47400665283203
23.5078125,29.482452392578125
23.5234375,29.482826232910156
23.5390625,29.509658813476562
23.5546875,29.50745391845703
23.5703125,29.52324676513672
23.5859375,29.529502868652344
23.6015625,29.538681030273438
23.6171875,29.55596160888672
23.6328125,29.56072998046875
23.6484375,29.566986083984375
23.6640625,29.589035034179688
23.6796875,29.591598510742188
23.6953125,29.609237670898438
23.7109375,29.603363037109375
23.7265625,29.619529724121094
23.7421875,29.623207092285156
23.7578125,29.643409729003906
23.7734375,29.662155151367188
23.7890625,29.672821044921875
23.8046875,29.675025939941406
23.8203125,29.69707489013672
23.8359375,29.721328735351562
23.8515625,29.71581268310547
23.8671875,29.727943420410156
23.8828125,29.73748779296875
23.8984375,29.7532958984375
23.9140625,29.762474060058594
23.9296875,29.76983642578125
23.9453125,29.7911376953125
23.9609375,29.797393798828125
23.9765625,29.813186645507812
23.9921875,29.82605743408203
24.0078125,29.84222412109375
24.0234375,29.862442016601562
24.0390625,29.870513916015625
24.0546875,29.880813598632812
24.0703125,29.8951416015625
24.0859375,29.908370971679688
24.1015625,29.909469604492188
24.1171875,29.924537658691406
24.1328125,29.951370239257812
24.1484375,29.9638671875
24.1640625,29.96790313720703
24.1796875,29.978553771972656
24.1953125,29.998397827148438
24.2109375,30.007591247558594
24.2265625,30.027809143066406
24.2421875,30.044342041015625
24.2578125,30.047653198242188
24.2734375,30.05095672607422
24.2890625,30.059402465820312
24.3046875,30.080726623535156
24.3203125,30.08879852294922
24.3359375,30.09137725830078
24.3515625,30.108642578125
24.3671875,30.12151336669922
24.3828125,30.113052368164062
24.3984375,30.1439208984375
24.4140625,30.149078369140625
24.4296875,30.170753479003906
24.4453125,30.168174743652344
24.4609375,30.17443084716797
24.4765625,30.187660217285156
24.4921875,30.19280242919922
24.5078125,30.199417114257812
24.5234375,30.205299377441406
24.5390625,30.220733642578125
24.5546875,30.217430114746094
24.5703125,30.23028564453125
24.5859375,30.240203857421875
24.6015625,30.251235961914062
24.6171875,30.255645751953125
24.6328125,30.26556396484375
24.6484375,30.273284912109375
24.6640625,30.26409149169922
24.6796875,30.275115966796875
24.6953125,30.2843017578125
24.7109375,30.30267333984375
24.7265625,30.292396545410156
24.7421875,30.3177490234375
24.7578125,30.326927185058594
24.7734375,30.329505920410156
24.7890625,30.33685302734375
24.8046875,30.344207763671875
24.8203125,30.350448608398438
24.8359375,30.35338592529297
24.8515625,30.357437133789062
24.8671875,30.366256713867188
24.8828125,30.364784240722656
24.8984375,30.381690979003906
24.9140625,30.382049560546875
24.9296875,30.382797241210938
24.9453125,30.402267456054688
24.9609375,30.38683319091797
24.9765625,30.404098510742188
24.9921875,30.396759033203125
25.0078125,30.415122985839844
25.0234375,30.417327880859375
25.0390625,30.409988403320312
25.0546875,30.419906616210938
25.0703125,30.419906616210938
25.0859375,30.429824829101562
25.1015625,30.428726196289062
25.1171875,30.4224853515625
25.1328125,30.419174194335938
25.1484375,30.42578887939453
25.1640625,30.419906616210938
25.1796875,30.419906616210938
25.1953125,30.419906616210938
25.2109375,30.417327880859375
25.2265625,30.38720703125
25.2421875,30.384628295898438
25.2578125,30.382423400878906
25.2734375,30.37102508544922
25.2890625,30.367721557617188
25.3046875,30.358543395996094
25.3203125,30.3548583984375
25.3359375,30.33391571044922
25.3515625,30.33502197265625
25.3671875,30.307456970214844
25.3828125,30.30267333984375
25.3984375,30.272178649902344
25.4140625,30.26666259765625
25.4296875,30.259681701660156
25.4453125,30.253067016601562
25.4609375,30.239105224609375
25.4765625,30.23065948486328
25.4921875,30.216323852539062
25.5078125,30.204200744628906
25.5234375,30.187286376953125
25.5390625,30.186187744140625
25.5546875,30.170753479003906
25.5703125,30.15972900390625
25.5859375,30.150909423828125
25.6015625,30.139511108398438
25.6171875,30.109390258789062
25.6328125,30.1068115234375
25.6484375,30.100196838378906
25.6640625,30.083663940429688
25.6796875,30.066749572753906
25.6953125,30.062713623046875
25.7109375,30.05095672607422
25.7265625,30.045074462890625
25.7421875,30.029640197753906
25.7578125,29.99950408935547
25.7734375,30.014938354492188
25.7890625,30.011627197265625
25.8046875,29.997299194335938
25.8203125,29.991058349609375
25.8359375,29.98296356201172
25.8515625,29.98150634765625
25.8671875,29.96166229248047
25.8828125,29.943275451660156
25.8984375,29.94915771484375
25.9140625,29.92821502685547
25.9296875,29.925636291503906
25.9453125,29.922698974609375
25.9609375,29.90874481201172
25.9765625,29.903228759765625
25.9921875,29.888900756835938
26.0078125,29.87750244140625
26.0234375,29.889633178710938
26.0390625,29.889259338378906
26.0546875,29.856185913085938
26.0703125,29.870513916015625
26.0859375,29.856185913085938
26.1015625,29.84039306640625
26.1171875,29.85692596435547
26.1328125,29.820907592773438
26.1484375,29.81098175048828
26.1640625,29.80621337890625
26.1796875,29.802162170410156
26.1953125,29.78968048095703
26.2109375,29.784896850585938
26.2265625,29.784896850585938
26.2421875,29.77570343017578
26.2578125,29.77313995361328
26.2734375,29.77570343017578
26.2890625,29.760643005371094
26.3046875,29.749244689941406
26.3203125,29.749244689941406
26.3359375,29.75109100341797
26.3515625,29.73345184326172
26.3671875,29.742271423339844
26.3828125,29.728668212890625
26.3984375,29.73491668701172
26.4140625,29.723533630371094
26.4296875,29.729774475097656
26.4453125,29.708831787109375
26.4609375,29.715438842773438
26.4765625,29.710304260253906
26.4921875,29.70514678955078
26.5078125,29.712135314941406
26.5234375,29.711029052734375
26.5390625,29.697799682617188
26.5546875,29.710304260253906
26.5703125,29.688613891601562
26.5859375,29.711402893066406
26.6015625,29.693389892578125
26.6171875,29.705520629882812
26.6328125,29.678329467773438
26.6484375,29.68750762939453
26.6640625,29.673179626464844
26.6796875,29.669143676757812
26.6953125,29.669509887695312
26.7109375,29.658485412597656
26.7265625,29.651504516601562
26.7421875,29.643409729003906
26.7578125,29.638641357421875
26.7734375,29.63202667236328
26.7890625,29.625411987304688
26.8046875,29.616592407226562
26.8203125,29.608131408691406
26.8359375,29.616592407226562
26.8515625,29.603721618652344
26.8671875,29.59380340576172
26.8828125,29.59931182861328
26.8984375,29.590133666992188
26.9140625,29.590866088867188
26.9296875,29.59527587890625
26.9453125,29.583145141601562
26.9609375,29.583145141601562
26.9765625,29.582046508789062
26.9921875,29.597854614257812
27.0078125,29.59380340576172
27.0234375,29.57984161376953
27.0390625,29.585357666015625
27.0546875,29.57910919189453
27.0703125,29.5787353515625
27.0859375,29.584251403808594
27.1015625,29.57616424560547
27.1171875,29.57763671875
27.1328125,29.590866088867188
27.1484375,29.587188720703125
27.1640625,29.591964721679688
27.1796875,29.582420349121094
27.1953125,29.600784301757812
27.2109375,29.601516723632812
27.2265625,29.605567932128906
27.2421875,29.603363037109375
27.2578125,29.592697143554688
27.2734375,29.604469299316406
27.2890625,29.611083984375
27.3046875,29.603721618652344
27.3203125,29.604469299316406
27.3359375,29.611083984375
27.3515625,29.60997772216797
27.3671875,29.604827880859375
27.3828125,29.59564971923828
27.3984375,29.606300354003906
27.4140625,29.619529724121094
27.4296875,29.617324829101562
27.4453125,29.619529724121094
27.4609375,29.61511993408203
27.4765625,29.603363037109375
27.4921875,29.618797302246094
27.5078125,29.61585235595703
27.5234375,29.623939514160156
27.5390625,29.621002197265625
27.5546875,29.620262145996094
27.5703125,29.638275146484375
27.5859375,29.63202667236328
27.6015625,29.62834930419922
27.6171875,29.622467041015625
27.6328125,29.625411987304688
27.6484375,29.63202667236328
27.6640625,29.61695098876953
27.6796875,29.603721618652344
27.6953125,29.619529724121094
27.7109375,29.619529724121094
27.7265625,29.604469299316406
27.7421875,29.617698669433594
27.7578125,29.61695098876953
27.7734375,29.617698669433594
27.7890625,29.609603881835938
27.8046875,29.61585235595703
27.8203125,29.616226196289062
27.8359375,29.606300354003906
27.8515625,29.6136474609375
27.8671875,29.617698669433594
27.8828125,29.603363037109375
27.8984375,29.617698669433594
27.9140625,29.617698669433594
27.9296875,29.61474609375
27.9453125,29.617698669433594
27.9609375,29.617698669433594
27.9765625,29.619529724121094
27.9921875,29.624671936035156
28.0078125,29.63092803955078
28.0234375,29.617698669433594
28.0390625,29.614013671875
28.0546875,29.619529724121094
28.0703125,29.62651824951172
28.0859375,29.63092803955078
28.1015625,29.627975463867188
28.1171875,29.614013671875
28.1328125,29.634963989257812
28.1484375,29.63092803955078
28.1640625,29.636795043945312
28.1796875,29.64966583251953
28.1953125,29.642684936523438
28.2109375,29.64781951904297
28.2265625,29.64525604248047
28.2421875,29.66400146484375
28.2578125,29.669143676757812
28.2734375,29.66656494140625
28.2890625,29.670616149902344
28.3046875,29.672821044921875
28.3203125,29.695968627929688
28.3359375,29.712509155273438
28.3515625,29.690086364746094
28.3671875,29.713607788085938
28.3828125,29.725738525390625
28.3984375,29.73418426513672
28.4140625,29.73235321044922
28.4296875,29.742271423339844
28.4453125,29.746307373046875
28.4609375,29.7529296875
28.4765625,29.77239990234375
28.4921875,29.776451110839844
28.5078125,29.784164428710938
28.5234375,29.800704956054688
28.5390625,29.803268432617188
28.5546875,29.819442749023438
28.5703125,29.836341857910156
28.5859375,29.851417541503906
28.6015625,29.847732543945312
28.6171875,29.864646911621094
28.6328125,29.870887756347656
28.6484375,29.8944091796875
28.6640625,29.89917755126953
28.6796875,29.91057586669922
28.6953125,29.917564392089844
28.7109375,29.92821502685547
28.7265625,29.924179077148438
28.7421875,29.939971923828125
28.7578125,29.94989013671875
28.7734375,29.975990295410156
28.7890625,29.978927612304688
28.8046875,29.970840454101562
28.8203125,29.978553771972656
28.8359375,30.00318145751953
28.8515625,30.01678466796875
28.8671875,30.031471252441406
28.8828125,30.025230407714844
28.8984375,30.05316162109375
28.9140625,30.050216674804688
28.9296875,30.05792999267578
28.9453125,30.05095672607422
28.9609375,30.059402465820312
28.9765625,30.05389404296875
28.9921875,30.061241149902344
29.0078125,30.048385620117188
29.0234375,30.05316162109375
29.0390625,30.059402465820312
29.0546875,30.05499267578125
29.0703125,30.049484252929688
29.0859375,30.044700622558594
29.1015625,30.023025512695312
29.1171875,30.027809143066406
29.1328125,30.013107299804688
29.1484375,30.008697509765625
29.1640625,29.97930145263672
29.1796875,29.98296356201172
29.1953125,29.98333740234375
29.2109375,29.988479614257812
29.2265625,29.972312927246094
29.2421875,29.9638671875
29.2578125,29.954299926757812
29.2734375,29.956878662109375
29.2890625,29.93262481689453
29.3046875,29.93189239501953
29.3203125,29.922698974609375
29.3359375,29.919395446777344
29.3515625,29.903587341308594
29.3671875,29.902488708496094
29.3828125,29.8958740234375
29.3984375,29.882644653320312
29.4140625,29.87933349609375
29.4296875,29.869781494140625
29.4453125,29.85692596435547
29.4609375,29.8580322265625
29.4765625,29.847732543945312
29.4921875,29.84039306640625
29.5078125,29.839645385742188
29.5234375,29.814292907714844
29.5390625,29.82495880126953
29.5546875,29.804367065429688
29.5703125,29.80584716796875
29.5859375,29.809524536132812
29.6015625,29.796653747558594
29.6171875,29.7874755859375
29.6328125,29.779388427734375
29.6484375,29.77349853515625
29.6640625,29.763221740722656
29.6796875,29.756607055664062
29.6953125,29.744110107421875
29.7109375,29.732711791992188
29.7265625,29.727943420410156
29.7421875,29.710662841796875
29.7578125,29.7198486328125
29.7734375,29.712867736816406
29.7890625,29.714340209960938
29.8046875,29.708831787109375
29.8203125,29.693389892578125
29.8359375,29.678329467773438
29.8515625,29.68750762939453
29.8671875,29.66766357421875
29.8828125,29.669509887695312
29.8984375,29.66400146484375
29.9140625,29.662155151367188
29.9296875,29.64856719970703
29.9453125,29.640846252441406
29.9609375,29.640106201171875
29.9765625,29.64966583251953
29.9921875,29.641204833984375
30.0078125,29.636436462402344
30.0234375,29.633865356445312
30.0390625,29.634963989257812
30.0546875,29.622467041015625
30.0703125,29.608131408691406
30.0859375,29.606300354003906
30.1015625,29.607406616210938
30.1171875,29.60887908935547
30.1328125,29.604469299316406
30.1484375,29.600784301757812
30.1640625,29.606300354003906
30.1796875,29.609237670898438
30.1953125,29.59931182861328
30.2109375,29.603363037109375
30.2265625,29.607406616210938
30.2421875,29.59674835205078
30.2578125,29.59674835205078
30.2734375,29.59600830078125
30.2890625,29.597854614257812
30.3046875,29.59821319580078
30.3203125,29.599685668945312
30.3359375,29.589035034179688
30.3515625,29.57616424560547
30.3671875,29.591964721679688
30.3828125,29.582778930664062
30.3984375,29.58167266845703
30.4140625,29.564407348632812
30.4296875,29.566986083984375
30.4453125,29.553382873535156
30.4609375,29.5423583984375
30.4765625,29.55596160888672
30.4921875,29.535011291503906
30.5078125,29.536849975585938
30.5234375,29.529502868652344
30.5390625,29.52765655517578
30.5546875,29.50414276123047
30.5703125,29.512962341308594
30.5859375,29.504501342773438
30.6015625,29.48870849609375
30.6171875,29.480995178222656
30.6328125,29.47400665283203
30.6484375,29.480995178222656
30.6640625,29.45563507080078
30.6796875,29.45233154296875
30.6953125,29.444610595703125
30.7109375,29.4376220703125
30.7265625,29.429908752441406
30.7421875,29.432846069335938
30.7578125,29.422561645507812
30.7734375,29.41667938232422
30.7890625,29.404556274414062
30.8046875,29.38581085205078
30.8203125,29.40271759033203
30.8359375,29.40087127685547
30.8515625,29.388015747070312
30.8671875,29.386917114257812
30.8828125,29.38433837890625
30.8984375,29.371475219726562
30.9140625,29.372581481933594
30.9296875,29.376258850097656
30.9453125,29.38433837890625
30.9609375,29.365966796875
30.9765625,29.358978271484375
30.9921875,29.358978271484375
31.0078125,29.3641357421875
31.0234375,29.36449432373047
31.0390625,29.389488220214844
31.0546875,29.38507843017578
31.0703125,29.386917114257812
31.0859375,29.404556274414062
31.1015625,29.400146484375
31.1171875,29.413002014160156
31.1328125,29.41888427734375
31.1484375,29.447547912597656
31.1640625,29.446815490722656
31.1796875,29.462249755859375
31.1953125,29.47473907470703
31.2109375,29.485031127929688
31.2265625,29.499359130859375
31.2421875,29.5081787109375
31.2578125,29.516273498535156
31.2734375,29.530601501464844
31.2890625,29.54345703125
31.3046875,29.55889892578125
31.3203125,29.58167266845703
31.3359375,29.587928771972656
31.3515625,29.606300354003906
31.3671875,29.601516723632812
31.3828125,29.605567932128906
31.3984375,29.63459014892578
31.4140625,29.652603149414062
31.4296875,29.658485412597656
31.4453125,29.678329467773438
31.4609375,29.698532104492188
31.4765625,29.715072631835938
31.4921875,29.710304260253906
31.5078125,29.7198486328125
31.5234375,29.744476318359375
31.5390625,29.744476318359375
31.5546875,29.75440216064453
31.5703125,29.777549743652344
31.5859375,29.80474090576172
31.6015625,29.800331115722656
31.6171875,29.822006225585938
31.6328125,29.835983276367188
31.6484375,29.8580322265625
31.6640625,29.86133575439453
31.6796875,29.87712860107422
31.6953125,29.87933349609375
31.7109375,29.89293670654297
31.7265625,29.916458129882812
31.7421875,29.922698974609375
31.7578125,29.935928344726562
31.7734375,29.94915771484375
31.7890625,29.958351135253906
31.8046875,29.976348876953125
31.8203125,29.990325927734375
31.8359375,30.005386352539062
31.8515625,30.005760192871094
31.8671875,30.01678466796875
31.8828125,30.031471252441406
31.8984375,30.046173095703125
31.9140625,30.051315307617188
31.9296875,30.061981201171875
31.9453125,30.066749572753906
31.9609375,30.0726318359375
31.9765625,30.099464416503906
31.9921875,30.1060791015625
32.0078125,30.114898681640625
32.0234375,30.14246368408203
32.0390625,30.137306213378906
32.0546875,30.156051635742188
32.0703125,30.170021057128906
32.0859375,30.171485900878906
32.1015625,30.163406372070312
32.1171875,30.201622009277344
32.1328125,30.19207000732422
32.1484375,30.216323852539062
32.1640625,30.21411895751953
32.1796875,30.219635009765625
32.1953125,30.23211669921875
32.2109375,30.234695434570312
32.2265625,30.236526489257812
32.2421875,30.240203857421875
32.2578125,30.242782592773438
32.2734375,30.243141174316406
32.2890625,30.236900329589844
32.3046875,30.236167907714844
32.3203125,30.218528747558594
32.3359375,30.217056274414062
32.3515625,30.207862854003906
32.3671875,30.21044158935547
32.3828125,30.200889587402344
32.3984375,30.17589569091797
32.4140625,30.171485900878906
32.4296875,30.15569305419922
32.4453125,30.154586791992188
32.4609375,30.135475158691406
32.4765625,30.119308471679688
32.4921875,30.096519470214844
32.5078125,30.081825256347656
32.5234375,30.0726318359375
32.5390625,30.067855834960938
32.5546875,30.05352020263672
32.5703125,30.028533935546875
32.5859375,30.01457977294922
