# Time (seconds),f0
0.0078125,952.7268676757812
0.0234375,952.7383422851562
0.0390625,952.7286376953125
0.0546875,952.741943359375
0.0703125,952.739501953125
0.0859375,952.7263793945312
0.1015625,952.728271484375
0.1171875,952.7317504882812
0.1328125,952.743896484375
0.1484375,952.7386474609375
0.1640625,952.7366333007812
0.1796875,952.731201171875
0.1953125,952.73779296875
0.2109375,952.7332763671875
0.2265625,952.729248046875
0.2421875,952.7431030273438
0.2578125,952.7191772460938
0.2734375,952.751953125
0.2890625,952.7466430664062
0.3046875,952.7462158203125
0.3203125,952.7218017578125
0.3359375,952.73388671875
0.3515625,952.7371826171875
0.3671875,952.734130859375
0.3828125,952.737548828125
0.3984375,952.7306518554688
0.4140625,952.7335205078125
0.4296875,952.7384643554688
0.4453125,952.7346801757812
0.4609375,952.7385864257812
0.4765625,952.73779296875
0.4921875,952.7486572265625
0.5078125,952.7537841796875
0.5234375,952.7360229492188
0.5390625,952.724609375
0.5546875,952.7428588867188
0.5703125,952.7139892578125
0.5859375,952.7330322265625
0.6015625,952.7444458007812
0.6171875,952.7250366210938
0.6328125,952.7283325195312
0.6484375,952.7059936523438
0.6640625,952.7352294921875
0.6796875,952.73779296875
0.6953125,952.7537841796875
0.7109375,952.7249755859375
0.7265625,952.744140625
0.7421875,952.7349243164062
0.7578125,952.7467041015625
0.7734375,952.7477416992188
0.7890625,952.741943359375
0.8046875,952.785888671875
0.8203125,952.7688598632812
0.8359375,952.7755126953125
0.8515625,952.8018798828125
0.8671875,952.7891235351562
0.8828125,952.7925415039062
0.8984375,952.7935791015625
0.9140625,952.7925415039062
0.9296875,952.7678833007812
0.9453125,952.7910766601562
0.9609375,952.7974243164062
0.9765625,952.8165283203125
0.9921875,952.8228149414062
1.0078125,952.775390625
1.0234375,952.8172607421875
1.0390625,952.80419921875
1.0546875,952.7981567382812
1.0703125,952.8297729492188
1.0859375,952.7913208007812
1.1015625,952.811279296875
1.1171875,952.8186645507812
1.1328125,952.8045043945312
1.1484375,952.8077392578125
1.1640625,952.8251342773438
1.1796875,952.8059692382812
1.1953125,952.804443359375
1.2109375,952.8035888671875
1.2265625,952.7894287109375
1.2421875,952.8320922851562
1.2578125,952.8173217773438
1.2734375,952.8024291992188
1.2890625,952.7960205078125
1.3046875,952.784912109375
1.3203125,952.8036499023438
1.3359375,952.7885131835938
1.3515625,952.7896728515625
1.3671875,952.811279296875
1.3828125,952.7857666015625
1.3984375,952.799560546875
1.4140625,952.7862548828125
1.4296875,952.798583984375
1.4453125,952.8049926757812
1.4609375,952.7802124023438
1.4765625,952.7869262695312
1.4921875,952.793701171875
1.5078125,952.791015625
1.5234375,952.7953491210938
1.5390625,952.7989501953125
1.5546875,952.7891235351562
1.5703125,952.792724609375
1.5859375,952.7778930664062
1.6015625,952.792236328125
1.6171875,952.7994384765625
1.6328125,952.7893676757812
1.6484375,952.7982788085938
1.6640625,952.8001098632812
1.6796875,952.7933349609375
1.6953125,952.7774658203125
1.7109375,952.7913208007812
1.7265625,952.7902221679688
1.7421875,952.7774047851562
1.7578125,952.7974853515625
1.7734375,952.7756958007812
1.7890625,952.7882690429688
1.8046875,952.7843017578125
1.8203125,952.7969360351562
1.8359375,952.7835083007812
1.8515625,952.7915649414062
1.8671875,952.782470703125
1.8828125,952.7893676757812
1.8984375,952.782958984375
1.9140625,952.7904663085938
1.9296875,952.7608642578125
1.9453125,952.7938232421875
1.9609375,952.7899169921875
1.9765625,952.782958984375
1.9921875,952.7824096679688
2.0078125,952.7944946289062
2.0234375,952.7532348632812
2.0390625,952.7819213867188
2.0546875,952.7939453125
2.0703125,952.7862548828125
2.0859375,952.7723388671875
2.1015625,952.7791748046875
2.1171875,952.7698974609375
2.1328125,952.7837524414062
2.1484375,952.77490234375
2.1640625,952.7821044921875
2.1796875,952.7915649414062
2.1953125,952.7711791992188
2.2109375,952.7724609375
2.2265625,952.7823486328125
2.2421875,952.7693481445312
2.2578125,952.7748413085938
2.2734375,952.7728881835938
2.2890625,952.781005859375
2.3046875,952.7772216796875
2.3203125,952.7818603515625
2.3359375,952.774169921875
2.3515625,952.7744140625
2.3671875,952.7620239257812
2.3828125,952.7735595703125
2.3984375,952.7576904296875
2.4140625,952.7742919921875
2.4296875,952.775390625
2.4453125,952.7568359375
2.4609375,952.7760009765625
2.4765625,952.7692260742188
2.4921875,952.792236328125
2.5078125,952.7955322265625
2.5234375,952.7913208007812
2.5390625,952.7838134765625
2.5546875,952.8133544921875
2.5703125,952.8220825195312
2.5859375,952.8123779296875
2.6015625,952.8263549804688
2.6171875,952.8482666015625
2.6328125,952.8394165039062
2.6484375,952.8453979492188
2.6640625,952.8555908203125
2.6796875,952.8658447265625
2.6953125,952.8571166992188
2.7109375,952.846435546875
2.7265625,952.8370361328125
2.7421875,952.827392578125
2.7578125,952.8446655273438
2.7734375,952.8805541992188
2.7890625,952.8639526367188
2.8046875,952.8787841796875
2.8203125,952.865234375
2.8359375,952.8775634765625
2.8515625,952.882080078125
2.8671875,952.854736328125
2.8828125,952.8909912109375
2.8984375,952.869140625
2.9140625,952.877685546875
2.9296875,952.9201049804688
2.9453125,952.875732421875
2.9609375,952.8850708007812
2.9765625,952.8413696289062
2.9921875,952.8302001953125
3.0078125,952.844970703125
3.0234375,952.8610229492188
3.0390625,952.8605346679688
3.0546875,952.8564453125
3.0703125,952.83984375
3.0859375,952.8662109375
3.1015625,952.8627319335938
3.1171875,952.8353881835938
3.1328125,952.8709106445312
3.1484375,952.8727416992188
3.1640625,952.8690185546875
3.1796875,952.861083984375
3.1953125,952.8512573242188
3.2109375,952.8358154296875
3.2265625,952.8715209960938
3.2421875,952.838623046875
3.2578125,952.8663330078125
3.2734375,952.83349609375
3.2890625,952.854248046875
3.3046875,952.8458862304688
3.3203125,952.8623046875
3.3359375,952.8274536132812
3.3515625,952.8446655273438
3.3671875,952.8294067382812
3.3828125,952.8388061523438
3.3984375,952.8267211914062
3.4140625,952.8223266601562
3.4296875,952.826904296875
3.4453125,952.8244018554688
3.4609375,952.8206787109375
3.4765625,952.8121948242188
3.4921875,952.8508911132812
3.5078125,952.815185546875
3.5234375,952.824951171875
3.5390625,952.8350830078125
3.5546875,952.8345947265625
3.5703125,952.8458862304688
3.5859375,952.8334350585938
3.6015625,952.8328857421875
3.6171875,952.8225708007812
3.6328125,952.8448486328125
3.6484375,952.8111572265625
3.6640625,952.8223266601562
3.6796875,952.8326416015625
3.6953125,952.8232421875
3.7109375,952.8363647460938
3.7265625,952.8323974609375
3.7421875,952.8244018554688
3.7578125,952.8228759765625
3.7734375,952.8275756835938
3.7890625,952.8114624023438
3.8046875,952.823974609375
3.8203125,952.8145751953125
3.8359375,952.8141479492188
3.8515625,952.8203735351562
3.8671875,952.812255859375
3.8828125,952.8077392578125
3.8984375,952.80419921875
3.9140625,952.79052734375
3.9296875,952.7872314453125
3.9453125,952.794189453125
3.9609375,952.79443359375
3.9765625,952.7974853515625
3.9921875,952.7951049804688
4.0078125,952.7848510742188
4.0234375,952.7930297851562
4.0390625,952.7877197265625
4.0546875,952.7736206054688
4.0703125,952.7742919921875
4.0859375,952.7793579101562
4.1015625,952.7809448242188
4.1171875,952.7796020507812
4.1328125,952.7726440429688
4.1484375,952.77294921875
4.1640625,952.7796630859375
4.1796875,952.7664794921875
4.1953125,952.7799682617188
4.2109375,952.780517578125
4.2265625,952.7860717773438
4.2421875,952.7787475585938
4.2578125,952.77490234375
4.2734375,952.7711791992188
4.2890625,952.7741088867188
4.3046875,952.77880859375
4.3203125,952.780517578125
4.3359375,952.779296875
4.3515625,952.7779541015625
4.3671875,952.762939453125
4.3828125,952.77880859375
4.3984375,952.7720336914062
4.4140625,952.7664794921875
4.4296875,952.7702026367188
4.4453125,952.75390625
4.4609375,952.7684326171875
4.4765625,952.7642211914062
4.4921875,952.7685546875
4.5078125,952.7677001953125
4.5234375,952.7545776367188
4.5390625,952.7693481445312
4.5546875,952.7600708007812
4.5703125,952.75390625
4.5859375,952.7466430664062
4.6015625,952.7796020507812
4.6171875,952.7713623046875
4.6328125,952.7619018554688
4.6484375,952.761474609375
4.6640625,952.7525634765625
4.6796875,952.766357421875
4.6953125,952.7545166015625
4.7109375,952.7528686523438
4.7265625,952.760986328125
4.7421875,952.7514038085938
4.7578125,952.75390625
4.7734375,952.7531127929688
4.7890625,952.7532348632812
4.8046875,952.7628784179688
4.8203125,952.7942504882812
4.8359375,952.8244018554688
4.8515625,952.8045043945312
4.8671875,952.835205078125
4.8828125,952.8745727539062
4.8984375,952.8626098632812
4.9140625,952.821533203125
4.9296875,952.8721923828125
4.9453125,952.8633422851562
4.9609375,952.8853149414062
4.9765625,952.87646484375
4.9921875,952.8577270507812
5.0078125,952.864013671875
5.0234375,952.8555297851562
5.0390625,952.8574829101562
5.0546875,952.8634033203125
5.0703125,952.8421630859375
5.0859375,952.8508911132812
5.1015625,952.8585205078125
5.1171875,952.8642578125
5.1328125,952.8699951171875
5.1484375,952.8618774414062
5.1640625,952.9124755859375
5.1796875,952.8663940429688
5.1953125,952.8580322265625
5.2109375,952.8504638671875
5.2265625,952.867919921875
5.2421875,952.862548828125
5.2578125,952.8532104492188
5.2734375,952.9030151367188
5.2890625,952.8760986328125
5.3046875,952.8927001953125
5.3203125,952.8707885742188
5.3359375,952.822265625
5.3515625,952.8634643554688
5.3671875,952.87451171875
5.3828125,952.88232421875
5.3984375,952.8713989257812
5.4140625,952.8689575195312
5.4296875,952.8731689453125
5.4453125,952.8840942382812
5.4609375,952.8590698242188
5.4765625,952.85302734375
5.4921875,952.8973999023438
5.5078125,952.84765625
5.5234375,952.862060546875
5.5390625,952.8641357421875
5.5546875,952.8426513671875
5.5703125,952.8493041992188
5.5859375,952.8457641601562
5.6015625,952.875
5.6171875,952.8541259765625
5.6328125,952.8487548828125
5.6484375,952.8663940429688
5.6640625,952.8478393554688
5.6796875,952.8614501953125
5.6953125,952.8380737304688
5.7109375,952.8524169921875
5.7265625,952.8374633789062
5.7421875,952.8590698242188
5.7578125,952.8283081054688
5.7734375,952.8402709960938
5.7890625,952.8485717773438
5.8046875,952.8295288085938
5.8203125,952.825439453125
5.8359375,952.8209838867188
5.8515625,952.8165283203125
5.8671875,952.8064575195312
5.8828125,952.8121948242188
5.8984375,952.7989501953125
5.9140625,952.8009643554688
5.9296875,952.7935180664062
5.9453125,952.8006591796875
5.9609375,952.7858276367188
5.9765625,952.7758178710938
5.9921875,952.7896728515625
6.0078125,952.7754516601562
6.0234375,952.781982421875
6.0390625,952.7880249023438
6.0546875,952.778564453125
6.0703125,952.7766723632812
6.0859375,952.78271484375
6.1015625,952.7803955078125
6.1171875,952.7720947265625
6.1328125,952.7755737304688
6.1484375,952.7774658203125
6.1640625,952.7635498046875
6.1796875,952.7708129882812
6.1953125,952.7639770507812
6.2109375,952.77490234375
6.2265625,952.76513671875
6.2421875,952.7651977539062
6.2578125,952.780517578125
6.2734375,952.7655029296875
6.2890625,952.764404296875
6.3046875,952.7489624023438
6.3203125,952.7781982421875
6.3359375,952.7640991210938
6.3515625,952.7544555664062
6.3671875,952.7725830078125
6.3828125,952.7516479492188
6.3984375,952.7734985351562
6.4140625,952.7737426757812
6.4296875,952.7642211914062
6.4453125,952.76318359375
6.4609375,952.7420654296875
6.4765625,952.7633666992188
6.4921875,952.7505493164062
6.5078125,952.7645874023438
6.5234375,952.7678833007812
6.5390625,952.7544555664062
6.5546875,952.7567138671875
6.5703125,952.7611694335938
6.5859375,952.7470703125
6.6015625,952.7485961914062
6.6171875,952.7607421875
6.6328125,952.7439575195312
6.6484375,952.747802734375
6.6640625,952.7669067382812
6.6796875,952.791015625
6.6953125,952.7740478515625
6.7109375,952.7994384765625
6.7265625,952.7858276367188
6.7421875,952.8134155273438
6.7578125,952.8310546875
6.7734375,952.829345703125
6.7890625,952.8292846679688
6.8046875,952.8611450195312
6.8203125,952.8507080078125
6.8359375,952.8285522460938
6.8515625,952.8734130859375
6.8671875,952.8346557617188
6.8828125,952.8500366210938
6.8984375,952.8294067382812
6.9140625,952.82763671875
6.9296875,952.8817749023438
6.9453125,952.8558959960938
6.9609375,952.8773193359375
6.9765625,952.8461303710938
6.9921875,952.8672485351562
7.0078125,952.8536376953125
7.0234375,952.869873046875
7.0390625,952.8939819335938
7.0546875,952.843505859375
7.0703125,952.8597412109375
7.0859375,952.8507080078125
7.1015625,952.8558959960938
7.1171875,952.8829956054688
7.1328125,952.8700561523438
7.1484375,952.8792114257812
7.1640625,952.8687133789062
7.1796875,952.8642578125
7.1953125,952.8423461914062
7.2109375,952.8644409179688
7.2265625,952.8538818359375
7.2421875,952.8733520507812
7.2578125,952.8312377929688
7.2734375,952.8697509765625
7.2890625,952.8631591796875
7.3046875,952.8828735351562
7.3203125,952.8736572265625
7.3359375,952.8602294921875
7.3515625,952.8515625
7.3671875,952.8675537109375
7.3828125,952.8555297851562
7.3984375,952.8656005859375
7.4140625,952.86083984375
7.4296875,952.8772583007812
7.4453125,952.85107421875
7.4609375,952.8442993164062
7.4765625,952.8729248046875
7.4921875,952.8482055664062
7.5078125,952.8565673828125
7.5234375,952.8599853515625
7.5390625,952.8734130859375
7.5546875,952.8588256835938
7.5703125,952.841796875
7.5859375,952.8885498046875
7.6015625,952.8709716796875
7.6171875,952.9067993164062
7.6328125,952.8526611328125
7.6484375,952.8572998046875
7.6640625,952.8583984375
7.6796875,952.8405151367188
7.6953125,952.8613891601562
7.7109375,952.8463134765625
7.7265625,952.8712768554688
7.7421875,952.8639526367188
7.7578125,952.8551635742188
7.7734375,952.82373046875
7.7890625,952.8843383789062
7.8046875,952.8605346679688
7.8203125,952.8303833007812
7.8359375,952.8072509765625
7.8515625,952.819580078125
7.8671875,952.8195190429688
7.8828125,952.7994995117188
7.8984375,952.8087768554688
7.9140625,952.8065185546875
7.9296875,952.8110961914062
7.9453125,952.8002319335938
7.9609375,952.8001098632812
7.9765625,952.7980346679688
7.9921875,952.7913208007812
8.0078125,952.7936401367188
8.0234375,952.7833251953125
8.0390625,952.7927856445312
8.0546875,952.7766723632812
8.0703125,952.7830810546875
8.0859375,952.7760009765625
8.1015625,952.7736206054688
8.1171875,952.7872314453125
8.1328125,952.7836303710938
8.1484375,952.7957763671875
8.1640625,952.763671875
8.1796875,952.7874755859375
8.1953125,952.78515625
8.2109375,952.7723999023438
8.2265625,952.7760620117188
8.2421875,952.7781982421875
8.2578125,952.7804565429688
8.2734375,952.7905883789062
8.2890625,952.7782592773438
8.3046875,952.7710571289062
8.3203125,952.7726440429688
8.3359375,952.7827758789062
8.3515625,952.7718505859375
8.3671875,952.7658081054688
8.3828125,952.7653198242188
8.3984375,952.7826538085938
8.4140625,952.7810668945312
8.4296875,952.763671875
8.4453125,952.7830810546875
8.4609375,952.7763061523438
8.4765625,952.7665405273438
8.4921875,952.7766723632812
8.5078125,952.7667236328125
8.5234375,952.778076171875
8.5390625,952.7721557617188
8.5546875,952.766845703125
8.5703125,952.770263671875
8.5859375,952.7891845703125
8.6015625,952.7840576171875
8.6171875,952.7808227539062
8.6328125,952.7732543945312
8.6484375,952.7802734375
8.6640625,952.7649536132812
8.6796875,952.7813720703125
8.6953125,952.7788696289062
8.7109375,952.7679443359375
8.7265625,952.7611694335938
8.7421875,952.7726440429688
8.7578125,952.779052734375
8.7734375,952.7991943359375
8.7890625,952.8192749023438
8.8046875,952.8424072265625
8.8203125,952.8234252929688
8.8359375,952.8572998046875
8.8515625,952.867919921875
8.8671875,952.837646484375
8.8828125,952.853515625
8.8984375,952.8427124023438
8.9140625,952.836669921875
8.9296875,952.8493041992188
8.9453125,952.8485717773438
8.9609375,952.8212890625
8.9765625,952.845458984375
8.9921875,952.8659057617188
9.0078125,952.8424682617188
9.0234375,952.890380859375
9.0390625,952.8614501953125
9.0546875,952.8507690429688
9.0703125,952.795654296875
9.0859375,952.7681274414062
9.1015625,952.7739868164062
9.1171875,952.7755126953125
9.1328125,952.7987060546875
9.1484375,952.7664794921875
9.1640625,952.78662109375
9.1796875,952.7915649414062
9.1953125,952.766357421875
9.2109375,952.7803955078125
9.2265625,952.7777709960938
9.2421875,952.7752685546875
9.2578125,952.7804565429688
9.2734375,952.7705078125
9.2890625,952.7740478515625
9.3046875,952.7662353515625
9.3203125,952.767333984375
9.3359375,952.7540283203125
9.3515625,952.7677001953125
9.3671875,952.7734985351562
9.3828125,952.7698974609375
9.3984375,952.7695922851562
9.4140625,952.7727661132812
9.4296875,952.7677001953125
9.4453125,952.7595825195312
9.4609375,952.7777709960938
9.4765625,952.77490234375
9.4921875,952.7673950195312
9.5078125,952.7738647460938
9.5234375,952.7745971679688
9.5390625,952.768310546875
9.5546875,952.7907104492188
9.5703125,952.7901611328125
9.5859375,952.7955322265625
9.6015625,952.8385620117188
9.6171875,952.8387451171875
9.6328125,952.8307495117188
9.6484375,952.8422241210938
9.6640625,952.8597412109375
9.6796875,952.8194580078125
9.6953125,952.8980102539062
9.7109375,952.8771362304688
9.7265625,952.8663330078125
9.7421875,952.8433227539062
9.7578125,952.89599609375
9.7734375,952.9026489257812
9.7890625,952.8553466796875
9.8046875,952.9149780273438
9.8203125,952.80615234375
9.8359375,952.8978881835938
9.8515625,952.8616943359375
9.8671875,952.8328857421875
9.8828125,952.846435546875
9.8984375,952.9620971679688
9.9140625,952.857421875
9.9296875,952.8404541015625
9.9453125,952.8606567382812
9.9609375,952.8753662109375
9.9765625,952.8385620117188
9.9921875,952.8726196289062
10.0078125,952.8350830078125
10.0234375,952.8895874023438
10.0390625,952.84765625
10.0546875,952.9010009765625
10.0703125,952.8501586914062
10.0859375,952.8388671875
10.1015625,952.871826171875
10.1171875,952.8528442382812
10.1328125,952.8516845703125
10.1484375,952.82568359375
10.1640625,952.8880004882812
10.1796875,952.8695678710938
10.1953125,952.8466796875
10.2109375,952.8287963867188
10.2265625,952.8446655273438
10.2421875,952.873046875
10.2578125,952.83935546875
10.2734375,952.8670654296875
10.2890625,952.850830078125
10.3046875,952.831298828125
10.3203125,952.8469848632812
10.3359375,952.8406982421875
10.3515625,952.8511352539062
10.3671875,952.8563842773438
10.3828125,952.8304443359375
10.3984375,952.8322143554688
10.4140625,952.8524169921875
10.4296875,952.8345947265625
10.4453125,952.8262939453125
10.4609375,952.8357543945312
10.4765625,952.8346557617188
10.4921875,952.8468627929688
10.5078125,952.8193359375
10.5234375,952.8125610351562
10.5390625,952.8292236328125
10.5546875,952.8242797851562
10.5703125,952.8189086914062
10.5859375,952.8176879882812
10.6015625,952.8214721679688
10.6171875,952.8237915039062
10.6328125,952.8080444335938
10.6484375,952.8072509765625
10.6640625,952.7975463867188
10.6796875,952.7958374023438
10.6953125,952.7954711914062
10.7109375,952.7896118164062
10.7265625,952.8038940429688
10.7421875,952.807861328125
10.7578125,952.8014526367188
10.7734375,952.7999877929688
10.7890625,952.7905883789062
10.8046875,952.8011474609375
10.8203125,952.7910766601562
10.8359375,952.7984008789062
10.8515625,952.7932739257812
10.8671875,952.7989501953125
10.8828125,952.7992553710938
10.8984375,952.7935180664062
10.9140625,952.792724609375
10.9296875,952.7936401367188
10.9453125,952.796142578125
10.9609375,952.7860717773438
10.9765625,952.7894287109375
10.9921875,952.7910766601562
11.0078125,952.7954711914062
11.0234375,952.791015625
11.0390625,952.7994384765625
11.0546875,952.7860717773438
11.0703125,952.790771484375
11.0859375,952.7875366210938
11.1015625,952.7786254882812
11.1171875,952.7899169921875
11.1328125,952.786865234375
11.1484375,952.7944946289062
11.1640625,952.772216796875
11.1796875,952.784912109375
11.1953125,952.7793579101562
11.2109375,952.7778930664062
11.2265625,952.786865234375
11.2421875,952.7793579101562
11.2578125,952.7794799804688
11.2734375,952.785888671875
11.2890625,952.7760620117188
11.3046875,952.7669067382812
11.3203125,952.7803955078125
11.3359375,952.7796630859375
11.3515625,952.7709350585938
11.3671875,952.7631225585938
11.3828125,952.7822265625
11.3984375,952.79443359375
11.4140625,952.8244018554688
11.4296875,952.8349609375
11.4453125,952.8421630859375
11.4609375,952.861328125
11.4765625,952.8480834960938
11.4921875,952.8812866210938
11.5078125,952.8735961914062
11.5234375,952.9024047851562
11.5390625,952.8876342773438
11.5546875,952.8931274414062
11.5703125,952.9196166992188
11.5859375,952.897705078125
11.6015625,952.891357421875
11.6171875,952.8389892578125
11.6328125,952.893798828125
11.6484375,952.9569091796875
11.6640625,952.978515625
11.6796875,952.917724609375
11.6953125,952.9253540039062
11.7109375,952.993896484375
11.7265625,952.8942260742188
11.7421875,952.8992919921875
11.7578125,952.86328125
11.7734375,952.9221801757812
11.7890625,952.8909912109375
11.8046875,952.8681030273438
11.8203125,952.8711547851562
11.8359375,952.89794921875
11.8515625,952.87109375
11.8671875,952.882080078125
11.8828125,952.8848266601562
11.8984375,952.875
11.9140625,952.9083251953125
11.9296875,952.9188842773438
11.9453125,952.8978881835938
11.9609375,952.9105834960938
11.9765625,952.8692016601562
11.9921875,952.887451171875
12.0078125,952.893798828125
12.0234375,952.9242553710938
12.0390625,952.8697509765625
12.0546875,952.9238891601562
12.0703125,952.8932495117188
12.0859375,952.8890380859375
12.1015625,952.8908081054688
12.1171875,952.8908081054688
12.1328125,952.8903198242188
12.1484375,952.8775024414062
12.1640625,952.9232788085938
12.1796875,952.8579711914062
12.1953125,952.8977661132812
12.2109375,952.85107421875
12.2265625,952.8883666992188
12.2421875,952.8858642578125
12.2578125,952.890380859375
12.2734375,952.860107421875
12.2890625,952.8602294921875
12.3046875,952.8659057617188
12.3203125,952.8533325195312
12.3359375,952.8494262695312
12.3515625,952.8272705078125
12.3671875,952.8512573242188
12.3828125,952.8296508789062
12.3984375,952.823974609375
12.4140625,952.8128662109375
12.4296875,952.8234252929688
12.4453125,952.827392578125
12.4609375,952.817138671875
12.4765625,952.8229370117188
12.4921875,952.8107299804688
12.5078125,952.8109741210938
12.5234375,952.8236694335938
12.5390625,952.8110961914062
12.5546875,952.8101196289062
12.5703125,952.8045043945312
12.5859375,952.81787109375
12.6015625,952.8173217773438
12.6171875,952.8065185546875
12.6328125,952.8114624023438
12.6484375,952.8087158203125
12.6640625,952.8118286132812
12.6796875,952.8102416992188
12.6953125,952.8037109375
12.7109375,952.8011474609375
12.7265625,952.7978515625
12.7421875,952.8143310546875
12.7578125,952.8017578125
12.7734375,952.8011474609375
12.7890625,952.8055419921875
12.8046875,952.8038940429688
12.8203125,952.8032836914062
12.8359375,952.8187866210938
12.8515625,952.8003540039062
12.8671875,952.7973022460938
12.8828125,952.7879638671875
12.8984375,952.806396484375
12.9140625,952.803955078125
12.9296875,952.7977294921875
12.9453125,952.7947387695312
12.9609375,952.7942504882812
12.9765625,952.798583984375
12.9921875,952.790283203125
13.0078125,952.7957763671875
13.0234375,952.7970581054688
13.0390625,952.7949829101562
13.0546875,952.7942504882812
13.0703125,952.80029296875
13.0859375,952.798095703125
13.1015625,952.7933959960938
13.1171875,952.7954711914062
13.1328125,952.7879638671875
13.1484375,952.7837524414062
13.1640625,952.7969360351562
13.1796875,952.7938232421875
13.1953125,952.7992553710938
13.2109375,952.8251342773438
13.2265625,952.8336791992188
13.2421875,952.8381958007812
13.2578125,952.8477783203125
13.2734375,952.8525390625
13.2890625,952.8936767578125
13.3046875,952.8538818359375
13.3203125,952.8932495117188
13.3359375,952.8735961914062
13.3515625,952.8927612304688
13.3671875,952.8561401367188
13.3828125,952.8853149414062
13.3984375,952.8954467773438
13.4140625,952.919921875
13.4296875,952.8641357421875
13.4453125,952.884033203125
13.4609375,952.9415893554688
13.4765625,952.8648071289062
13.4921875,952.9065551757812
13.5078125,952.8881225585938
13.5234375,952.9232788085938
13.5390625,952.8825073242188
13.5546875,952.9024047851562
13.5703125,952.9227905273438
13.5859375,952.9044189453125
13.6015625,952.8934936523438
13.6171875,952.8885498046875
13.6328125,952.93896484375
13.6484375,952.9279174804688
13.6640625,952.9235229492188
13.6796875,952.848876953125
13.6953125,952.8961791992188
13.7109375,952.8967895507812
13.7265625,952.8906860351562
13.7421875,952.8680419921875
13.7578125,952.922607421875
13.7734375,952.8882446289062
13.7890625,952.8734741210938
13.8046875,952.8843383789062
13.8203125,952.8871459960938
13.8359375,952.8840942382812
13.8515625,952.8576049804688
13.8671875,952.849365234375
13.8828125,952.8564453125
13.8984375,952.8618774414062
13.9140625,952.8558349609375
13.9296875,952.8466186523438
13.9453125,952.904052734375
13.9609375,952.8580932617188
13.9765625,952.8480224609375
13.9921875,952.8857421875
14.0078125,952.8991088867188
14.0234375,952.8572998046875
14.0390625,952.85888671875
14.0546875,952.8680419921875
14.0703125,952.8826904296875
14.0859375,952.8582763671875
14.1015625,952.8522338867188
14.1171875,952.8607788085938
14.1328125,952.8881225585938
14.1484375,952.8634033203125
14.1640625,952.8555908203125
14.1796875,952.8572387695312
14.1953125,952.88818359375
14.2109375,952.8424682617188
14.2265625,952.8243408203125
14.2421875,952.8283081054688
14.2578125,952.819580078125
14.2734375,952.8151245117188
14.2890625,952.8283081054688
14.3046875,952.796142578125
14.3203125,952.7978515625
14.3359375,952.808349609375
14.3515625,952.788330078125
14.3671875,952.8056640625
14.3828125,952.8038330078125
14.3984375,952.8005981445312
14.4140625,952.7943725585938
14.4296875,952.7931518554688
14.4453125,952.7902221679688
14.4609375,952.79052734375
14.4765625,952.7963256835938
14.4921875,952.7804565429688
14.5078125,952.79052734375
14.5234375,952.7882690429688
14.5390625,952.7745971679688
14.5546875,952.7977905273438
14.5703125,952.7740478515625
14.5859375,952.7716674804688
14.6015625,952.7656860351562
14.6171875,952.7745971679688
14.6328125,952.781982421875
14.6484375,952.7797241210938
14.6640625,952.7801513671875
14.6796875,952.7734985351562
14.6953125,952.774658203125
14.7109375,952.7877807617188
14.7265625,952.7743530273438
14.7421875,952.7770385742188
14.7578125,952.774658203125
14.7734375,952.769287109375
14.7890625,952.7775268554688
14.8046875,952.7731323242188
14.8203125,952.7732543945312
14.8359375,952.7637939453125
14.8515625,952.7635498046875
14.8671875,952.7548828125
14.8828125,952.7656860351562
14.8984375,952.7568359375
14.9140625,952.7835693359375
14.9296875,952.7551879882812
14.9453125,952.7578125
14.9609375,952.7603759765625
14.9765625,952.7623291015625
14.9921875,952.7667236328125
15.0078125,952.7610473632812
15.0234375,952.7618408203125
15.0390625,952.7528686523438
15.0546875,952.7542724609375
15.0703125,952.7551879882812
15.0859375,952.7640380859375
15.1015625,952.7986450195312
15.1171875,952.8334350585938
15.1328125,952.8120727539062
15.1484375,952.8101196289062
15.1640625,952.8257446289062
15.1796875,952.8268432617188
15.1953125,952.8304443359375
15.2109375,952.8390502929688
15.2265625,952.8828735351562
15.2421875,952.9351196289062
15.2578125,952.9682006835938
15.2734375,952.9400024414062
15.2890625,952.8583374023438
15.3046875,952.833251953125
15.3203125,952.8671875
15.3359375,952.9379272460938
15.3515625,952.944580078125
15.3671875,952.9607543945312
15.3828125,952.8592529296875
15.3984375,952.9537353515625
15.4140625,952.854736328125
15.4296875,952.865234375
15.4453125,952.9435424804688
15.4609375,952.8466186523438
15.4765625,952.8583984375
15.4921875,952.8720092773438
15.5078125,952.8825073242188
15.5234375,952.8674926757812
15.5390625,952.8627319335938
15.5546875,952.9442138671875
15.5703125,952.8711547851562
15.5859375,952.8587036132812
15.6015625,952.8865356445312
15.6171875,952.8848876953125
15.6328125,952.9172973632812
15.6484375,952.8606567382812
15.6640625,952.8818359375
15.6796875,952.8867797851562
15.6953125,952.9176635742188
15.7109375,952.8765258789062
15.7265625,952.9186401367188
15.7421875,952.8760986328125
15.7578125,952.9000854492188
15.7734375,952.9113159179688
15.7890625,952.8792724609375
15.8046875,952.9301147460938
15.8203125,952.9129638671875
15.8359375,952.8812255859375
15.8515625,952.8780517578125
15.8671875,952.8611450195312
15.8828125,952.8544921875
15.8984375,952.8809814453125
15.9140625,952.83154296875
15.9296875,952.8270874023438
15.9453125,952.8194580078125
15.9609375,952.8243408203125
15.9765625,952.813232421875
15.9921875,952.8165893554688
16.0078125,952.818359375
16.0234375,952.8129272460938
16.0390625,952.807373046875
16.0546875,952.8220825195312
16.0703125,952.7899780273438
16.0859375,952.810302734375
16.1015625,952.796630859375
16.1171875,952.8009643554688
16.1328125,952.7913818359375
16.1484375,952.7971801757812
16.1640625,952.7927856445312
16.1796875,952.7846069335938
16.1953125,952.7969970703125
16.2109375,952.7885131835938
16.2265625,952.7785034179688
16.2421875,952.787841796875
16.2578125,952.7777709960938
16.2734375,952.7896728515625
16.2890625,952.7775268554688
16.3046875,952.774169921875
16.3203125,952.78515625
16.3359375,952.7737426757812
16.3515625,952.784423828125
16.3671875,952.7734985351562
16.3828125,952.7770385742188
16.3984375,952.779296875
16.4140625,952.7756958007812
16.4296875,952.7799072265625
16.4453125,952.7852783203125
16.4609375,952.7581787109375
16.4765625,952.778564453125
16.4921875,952.7774658203125
16.5078125,952.7700805664062
16.5234375,952.7843627929688
16.5390625,952.783935546875
16.5546875,952.7781982421875
16.5703125,952.7657470703125
16.5859375,952.7769165039062
16.6015625,952.7703857421875
16.6171875,952.7731323242188
16.6328125,952.7741088867188
16.6484375,952.7772216796875
16.6640625,952.7736206054688
16.6796875,952.7838745117188
16.6953125,952.7621459960938
16.7109375,952.7598266601562
16.7265625,952.7718505859375
16.7421875,952.7730102539062
16.7578125,952.775146484375
16.7734375,952.7833251953125
16.7890625,952.7927856445312
16.8046875,952.8240966796875
16.8203125,952.794189453125
16.8359375,952.81640625
16.8515625,952.859375
16.8671875,952.8404541015625
16.8828125,952.8042602539062
16.8984375,952.851318359375
16.9140625,952.854248046875
16.9296875,952.8427124023438
16.9453125,952.88232421875
16.9609375,952.8284912109375
16.9765625,952.829833984375
16.9921875,952.8751220703125
17.0078125,952.85302734375
17.0234375,952.85546875
17.0390625,952.8646850585938
17.0546875,952.8471069335938
17.0703125,952.851318359375
17.0859375,952.8809814453125
17.1015625,952.874267578125
17.1171875,952.859375
17.1328125,952.8389892578125
17.1484375,952.9153442382812
17.1640625,952.8661499023438
17.1796875,952.8823852539062
17.1953125,952.8546142578125
17.2109375,952.8773803710938
17.2265625,952.856689453125
17.2421875,952.8505249023438
17.2578125,952.8468017578125
17.2734375,952.8397216796875
17.2890625,952.841796875
17.3046875,952.880126953125
17.3203125,952.9030151367188
17.3359375,952.8753662109375
17.3515625,952.9727172851562
17.3671875,952.8726196289062
17.3828125,952.8396606445312
17.3984375,952.8385009765625
17.4140625,952.8783569335938
17.4296875,952.8709716796875
17.4453125,952.903564453125
17.4609375,952.8440551757812
17.4765625,952.8500366210938
17.4921875,952.9107055664062
17.5078125,952.8787841796875
17.5234375,952.8778076171875
17.5390625,952.83349609375
17.5546875,952.8781127929688
17.5703125,952.8410034179688
17.5859375,952.8432006835938
17.6015625,952.8379516601562
17.6171875,952.8349609375
17.6328125,952.846923828125
17.6484375,952.876220703125
17.6640625,952.8178100585938
17.6796875,952.8543701171875
17.6953125,952.8504638671875
17.7109375,952.90234375
17.7265625,952.8790893554688
17.7421875,952.8831787109375
17.7578125,952.8681030273438
17.7734375,952.8549194335938
17.7890625,952.8766479492188
17.8046875,952.8756103515625
17.8203125,952.8707885742188
17.8359375,952.8734130859375
17.8515625,952.8436279296875
17.8671875,952.8325805664062
17.8828125,952.8466186523438
17.8984375,952.8327026367188
17.9140625,952.8345947265625
17.9296875,952.8276977539062
17.9453125,952.8231201171875
17.9609375,952.8209228515625
17.9765625,952.8175659179688
17.9921875,952.8111572265625
18.0078125,952.82421875
18.0234375,952.8153686523438
18.0390625,952.8155517578125
18.0546875,952.8208618164062
18.0703125,952.8187866210938
18.0859375,952.807373046875
18.1015625,952.810302734375
18.1171875,952.8002319335938
18.1328125,952.7921752929688
18.1484375,952.8009033203125
18.1640625,952.79248046875
18.1796875,952.8025512695312
18.1953125,952.8033447265625
18.2109375,952.798095703125
18.2265625,952.8145751953125
18.2421875,952.8056640625
18.2578125,952.7857666015625
18.2734375,952.7999877929688
18.2890625,952.79296875
18.3046875,952.792724609375
18.3203125,952.7855224609375
18.3359375,952.7855224609375
18.3515625,952.7799682617188
18.3671875,952.7924194335938
18.3828125,952.7890625
18.3984375,952.7791137695312
18.4140625,952.7825317382812
18.4296875,952.7794189453125
18.4453125,952.7754516601562
18.4609375,952.7793579101562
18.4765625,952.7848510742188
18.4921875,952.7965698242188
18.5078125,952.7759399414062
18.5234375,952.7789916992188
18.5390625,952.791748046875
18.5546875,952.7865600585938
18.5703125,952.7916870117188
18.5859375,952.7808227539062
18.6015625,952.7691040039062
18.6171875,952.7777099609375
18.6328125,952.779296875
18.6484375,952.7764892578125
18.6640625,952.7891845703125
18.6796875,952.774658203125
18.6953125,952.7733154296875
18.7109375,952.7754516601562
18.7265625,952.7748413085938
18.7421875,952.8187255859375
18.7578125,952.8327026367188
18.7734375,952.8179321289062
18.7890625,952.8441772460938
18.8046875,952.9102783203125
18.8203125,952.8662109375
18.8359375,952.8323974609375
18.8515625,952.8173217773438
18.8671875,952.8434448242188
18.8828125,952.8131103515625
18.8984375,952.825927734375
18.9140625,952.8223876953125
18.9296875,952.8165893554688
18.9453125,952.8473510742188
18.9609375,952.8322143554688
18.9765625,952.8449096679688
18.9921875,952.8403930664062
19.0078125,952.8538208007812
19.0234375,952.8164672851562
19.0390625,952.8362426757812
19.0546875,952.8782348632812
19.0703125,952.8092041015625
19.0859375,952.8478393554688
19.1015625,952.8701171875
19.1171875,952.8309326171875
19.1328125,952.8458862304688
19.1484375,952.8512573242188
19.1640625,952.81787109375
19.1796875,952.8448486328125
19.1953125,952.8547973632812
19.2109375,952.8327026367188
19.2265625,952.8778686523438
19.2421875,952.8223266601562
19.2578125,952.8764038085938
19.2734375,952.8380737304688
19.2890625,952.8381958007812
19.3046875,952.829345703125
19.3203125,952.8684692382812
19.3359375,952.8643798828125
19.3515625,952.8700561523438
19.3671875,952.8702392578125
19.3828125,952.8402099609375
19.3984375,952.829833984375
19.4140625,952.8447265625
19.4296875,952.876220703125
19.4453125,952.8418579101562
19.4609375,952.8516235351562
19.4765625,952.8547973632812
19.4921875,952.8383178710938
19.5078125,952.8289794921875
19.5234375,952.8413696289062
19.5390625,952.86669921875
19.5546875,952.8427734375
19.5703125,952.8764038085938
19.5859375,952.8475341796875
19.6015625,952.8865356445312
19.6171875,952.8413696289062
19.6328125,952.852783203125
19.6484375,952.8406982421875
19.6640625,952.84765625
19.6796875,952.8219604492188
19.6953125,952.8139038085938
19.7109375,952.8173828125
19.7265625,952.8145751953125
19.7421875,952.8131713867188
19.7578125,952.810302734375
19.7734375,952.8128662109375
19.7890625,952.8114624023438
19.8046875,952.7908935546875
19.8203125,952.7903442382812
19.8359375,952.8108520507812
19.8515625,952.81396484375
19.8671875,952.7900390625
19.8828125,952.8028564453125
19.8984375,952.797607421875
19.9140625,952.801513671875
19.9296875,952.7865600585938
19.9453125,952.7778930664062
19.9609375,952.8035888671875
19.9765625,952.7936401367188
19.9921875,952.7852172851562
20.0078125,952.786865234375
20.0234375,952.8049926757812
20.0390625,952.7997436523438
20.0546875,952.7899780273438
20.0703125,952.791015625
20.0859375,952.7860717773438
20.1015625,952.7777709960938
20.1171875,952.785888671875
20.1328125,952.787841796875
20.1484375,952.7910766601562
20.1640625,952.7821044921875
20.1796875,952.7908935546875
20.1953125,952.805419921875
20.2109375,952.7974853515625
20.2265625,952.7809448242188
20.2421875,952.7907104492188
20.2578125,952.7871704101562
20.2734375,952.7936401367188
20.2890625,952.7811279296875
20.3046875,952.78076171875
20.3203125,952.779296875
20.3359375,952.784912109375
20.3515625,952.7763061523438
20.3671875,952.7911987304688
20.3828125,952.794189453125
20.3984375,952.7782592773438
20.4140625,952.8020629882812
20.4296875,952.7925415039062
20.4453125,952.7791748046875
20.4609375,952.7989501953125
20.4765625,952.8184204101562
20.4921875,952.8071899414062
20.5078125,952.8350830078125
20.5234375,952.8307495117188
20.5390625,952.8223876953125
20.5546875,952.8203125
20.5703125,952.8446044921875
20.5859375,952.872314453125
20.6015625,952.8472290039062
20.6171875,952.8399658203125
20.6328125,952.8720092773438
20.6484375,952.87109375
20.6640625,952.854248046875
20.6796875,952.9044189453125
20.6953125,952.8794555664062
20.7109375,952.87255859375
20.7265625,952.9046630859375
20.7421875,952.8673706054688
20.7578125,952.8837890625
20.7734375,952.8692626953125
20.7890625,952.8839111328125
20.8046875,952.8612060546875
20.8203125,952.9595336914062
20.8359375,952.93310546875
20.8515625,952.8721923828125
20.8671875,952.8677978515625
20.8828125,952.9044189453125
20.8984375,952.8717651367188
20.9140625,952.8762817382812
20.9296875,952.8790893554688
20.9453125,952.8829345703125
20.9609375,952.8473510742188
20.9765625,952.873779296875
20.9921875,952.876953125
21.0078125,952.8572387695312
21.0234375,952.8745727539062
21.0390625,952.8923950195312
21.0546875,952.8762817382812
21.0703125,952.8666381835938
21.0859375,952.9222412109375
21.1015625,952.8908081054688
21.1171875,952.8634643554688
21.1328125,952.8973999023438
21.1484375,952.8650512695312
21.1640625,952.8461303710938
21.1796875,952.8602294921875
21.1953125,952.8712158203125
21.2109375,952.893310546875
21.2265625,952.8966674804688
21.2421875,952.8580932617188
21.2578125,952.842529296875
21.2734375,952.8430786132812
21.2890625,952.8732299804688
21.3046875,952.8563842773438
21.3203125,952.8310546875
21.3359375,952.837646484375
21.3515625,952.8458862304688
21.3671875,952.8400268554688
21.3828125,952.8463134765625
21.3984375,952.841796875
21.4140625,952.8475341796875
21.4296875,952.8589477539062
21.4453125,952.865234375
21.4609375,952.8267211914062
21.4765625,952.852294921875
21.4921875,952.83544921875
21.5078125,952.8324584960938
21.5234375,952.8455810546875
21.5390625,952.8268432617188
21.5546875,952.8212890625
21.5703125,952.8244018554688
21.5859375,952.8126220703125
21.6015625,952.8185424804688
21.6171875,952.8146362304688
21.6328125,952.8096923828125
21.6484375,952.8101196289062
21.6640625,952.8180541992188
21.6796875,952.8053588867188
21.6953125,952.8019409179688
21.7109375,952.8035888671875
21.7265625,952.8026123046875
21.7421875,952.7941284179688
21.7578125,952.8056030273438
21.7734375,952.7899780273438
21.7890625,952.8196411132812
21.8046875,952.8026123046875
21.8203125,952.8024291992188
21.8359375,952.791015625
21.8515625,952.7988891601562
21.8671875,952.7955322265625
21.8828125,952.7960815429688
21.8984375,952.802490234375
21.9140625,952.7947998046875
21.9296875,952.7940673828125
21.9453125,952.790283203125
21.9609375,952.7967529296875
21.9765625,952.7913208007812
21.9921875,952.77880859375
22.0078125,952.7855224609375
22.0234375,952.7809448242188
22.0390625,952.7808227539062
22.0546875,952.7868041992188
22.0703125,952.7796630859375
22.0859375,952.7904663085938
22.1015625,952.7744140625
22.1171875,952.7648315429688
22.1328125,952.7702026367188
22.1484375,952.7731323242188
22.1640625,952.7687377929688
22.1796875,952.7694091796875
22.1953125,952.7788696289062
22.2109375,952.7739868164062
22.2265625,952.7684326171875
22.2421875,952.7584838867188
22.2578125,952.7855224609375
22.2734375,952.7691040039062
22.2890625,952.7817993164062
22.3046875,952.7739868164062
22.3203125,952.7781982421875
22.3359375,952.7794189453125
22.3515625,952.7706298828125
22.3671875,952.7686767578125
22.3828125,952.762939453125
22.3984375,952.7810668945312
22.4140625,952.76953125
22.4296875,952.7708129882812
22.4453125,952.8074951171875
22.4609375,952.8137817382812
22.4765625,952.8421630859375
22.4921875,952.845458984375
22.5078125,952.8649291992188
22.5234375,952.842529296875
22.5390625,952.8299560546875
22.5546875,952.8427124023438
22.5703125,952.8695678710938
22.5859375,952.8427734375
22.6015625,952.8646850585938
22.6171875,952.9208374023438
22.6328125,952.9747924804688
22.6484375,952.8862915039062
22.6640625,952.8681030273438
22.6796875,952.9201049804688
22.6953125,952.8869018554688
22.7109375,952.8961791992188
22.7265625,952.8720092773438
22.7421875,952.8677368164062
22.7578125,952.9022216796875
22.7734375,952.8638916015625
22.7890625,952.8955078125
22.8046875,952.8549194335938
22.8203125,952.9061279296875
22.8359375,952.8968505859375
22.8515625,952.9024658203125
22.8671875,952.8806762695312
22.8828125,952.9080200195312
22.8984375,952.8681030273438
22.9140625,952.8721923828125
22.9296875,952.8890380859375
22.9453125,952.8704223632812
22.9609375,952.853515625
22.9765625,952.842529296875
22.9921875,952.8958129882812
23.0078125,952.8653564453125
23.0234375,952.8682861328125
23.0390625,952.8942260742188
23.0546875,952.86474609375
23.0703125,952.8739013671875
23.0859375,952.849365234375
23.1015625,952.8388061523438
23.1171875,952.8690185546875
23.1328125,952.8695068359375
23.1484375,952.8603515625
23.1640625,952.8353881835938
23.1796875,952.850341796875
23.1953125,952.872802734375
23.2109375,952.8735961914062
23.2265625,952.8712158203125
23.2421875,952.8633422851562
23.2578125,952.8702392578125
23.2734375,952.8363647460938
23.2890625,952.8494262695312
23.3046875,952.8342895507812
23.3203125,952.8477783203125
23.3359375,952.8400268554688
23.3515625,952.8942260742188
23.3671875,952.869873046875
23.3828125,952.8692016601562
23.3984375,952.8379516601562
23.4140625,952.821533203125
23.4296875,952.81201171875
23.4453125,952.8335571289062
23.4609375,952.827392578125
23.4765625,952.8275756835938
23.4921875,952.8175659179688
23.5078125,952.82568359375
23.5234375,952.8040161132812
23.5390625,952.8336791992188
23.5546875,952.8115234375
23.5703125,952.7957763671875
23.5859375,952.8029174804688
23.6015625,952.825439453125
23.6171875,952.8184814453125
23.6328125,952.80078125
23.6484375,952.8081665039062
23.6640625,952.8055419921875
23.6796875,952.79052734375
23.6953125,952.805419921875
23.7109375,952.8098754882812
23.7265625,952.8226318359375
23.7421875,952.8095092773438
23.7578125,952.7942504882812
23.7734375,952.8025512695312
23.7890625,952.8005981445312
23.8046875,952.7893676757812
23.8203125,952.7969360351562
23.8359375,952.7999877929688
23.8515625,952.8009643554688
23.8671875,952.7958984375
23.8828125,952.7914428710938
23.8984375,952.7894897460938
23.9140625,952.8049926757812
23.9296875,952.7963256835938
23.9453125,952.7935180664062
23.9609375,952.7931518554688
23.9765625,952.7914428710938
23.9921875,952.80078125
24.0078125,952.7890625
24.0234375,952.7992553710938
24.0390625,952.7846069335938
24.0546875,952.80615234375
24.0703125,952.775390625
24.0859375,952.7858276367188
24.1015625,952.7821655273438
24.1171875,952.7782592773438
24.1328125,952.7731323242188
24.1484375,952.7893676757812
24.1640625,952.7853393554688
24.1796875,952.7876586914062
24.1953125,952.7918701171875
24.2109375,952.7754516601562
24.2265625,952.7827758789062
24.2421875,952.7893676757812
24.2578125,952.7919311523438
24.2734375,952.7678833007812
24.2890625,952.7911987304688
24.3046875,952.7879638671875
24.3203125,952.8115234375
24.3359375,952.8020629882812
24.3515625,952.7848510742188
24.3671875,952.8209838867188
24.3828125,952.8139038085938
24.3984375,952.824951171875
24.4140625,952.8045654296875
24.4296875,952.802734375
24.4453125,952.834716796875
24.4609375,952.8009643554688
24.4765625,952.8412475585938
24.4921875,952.8287963867188
24.5078125,952.8580932617188
24.5234375,952.8627319335938
24.5390625,952.8408203125
24.5546875,952.8687133789062
24.5703125,952.8196411132812
24.5859375,952.8613891601562
24.6015625,952.8928833007812
24.6171875,952.8280029296875
24.6328125,952.8306884765625
24.6484375,952.8330078125
24.6640625,952.8272705078125
24.6796875,952.8312377929688
24.6953125,952.8711547851562
24.7109375,952.8256225585938
24.7265625,952.8406982421875
24.7421875,952.8434448242188
24.7578125,952.8432006835938
24.7734375,952.8687133789062
24.7890625,952.8274536132812
24.8046875,952.831787109375
24.8203125,952.83544921875
24.8359375,952.8192138671875
24.8515625,952.8265380859375
24.8671875,952.852783203125
24.8828125,952.8651123046875
24.8984375,952.864990234375
24.9140625,952.83544921875
24.9296875,952.8204345703125
24.9453125,952.843017578125
24.9609375,952.8320922851562
24.9765625,952.8209228515625
24.9921875,952.811767578125
25.0078125,952.8284301757812
25.0234375,952.822021484375
25.0390625,952.8338012695312
25.0546875,952.8286743164062
25.0703125,952.8119506835938
25.0859375,952.843017578125
25.1015625,952.8192138671875
25.1171875,952.827880859375
25.1328125,952.8366088867188
25.1484375,952.8338012695312
25.1640625,952.821533203125
25.1796875,952.8209228515625
25.1953125,952.822265625
25.2109375,952.837890625
25.2265625,952.8168334960938
25.2421875,952.8428955078125
25.2578125,952.8255004882812
25.2734375,952.8302001953125
25.2890625,952.8271484375
25.3046875,952.8401489257812
25.3203125,952.8532104492188
25.3359375,952.8532104492188
25.3515625,952.8326416015625
25.3671875,952.8303833007812
25.3828125,952.8251342773438
25.3984375,952.8225708007812
25.4140625,952.8201904296875
25.4296875,952.8208618164062
25.4453125,952.802001953125
25.4609375,952.8189697265625
25.4765625,952.8201904296875
25.4921875,952.8260498046875
25.5078125,952.8056640625
25.5234375,952.8106079101562
25.5390625,952.80029296875
25.5546875,952.80029296875
25.5703125,952.8062133789062
25.5859375,952.7972412109375
25.6015625,952.8070678710938
25.6171875,952.8182373046875
25.6328125,952.8159790039062
25.6484375,952.7977294921875
25.6640625,952.8011474609375
25.6796875,952.7970581054688
25.6953125,952.8013305664062
25.7109375,952.7921142578125
25.7265625,952.7960815429688
25.7421875,952.789794921875
25.7578125,952.7971801757812
25.7734375,952.7980346679688
25.7890625,952.78466796875
25.8046875,952.7996826171875
25.8203125,952.7813110351562
25.8359375,952.7978515625
25.8515625,952.7687377929688
25.8671875,952.7799072265625
25.8828125,952.7807006835938
25.8984375,952.771240234375
25.9140625,952.784912109375
25.9296875,952.7738647460938
25.9453125,952.7793579101562
25.9609375,952.7743530273438
25.9765625,952.7695922851562
25.9921875,952.777099609375
26.0078125,952.7716064453125
26.0234375,952.7733154296875
26.0390625,952.7777709960938
26.0546875,952.7700805664062
26.0703125,952.7745361328125
26.0859375,952.7661743164062
26.1015625,952.7787475585938
26.1171875,952.765380859375
26.1328125,952.7777099609375
26.1484375,952.7796630859375
26.1640625,952.7798461914062
26.1796875,952.7765502929688
26.1953125,952.7670288085938
26.2109375,952.7743530273438
26.2265625,952.7832641601562
26.2421875,952.766845703125
26.2578125,952.7802124023438
26.2734375,952.7623291015625
26.2890625,952.7783203125
26.3046875,952.7581176757812
26.3203125,952.7586669921875
26.3359375,952.7717895507812
26.3515625,952.7667846679688
26.3671875,952.7754516601562
26.3828125,952.7786254882812
26.3984375,952.7807006835938
26.4140625,952.78515625
26.4296875,952.7783203125
26.4453125,952.7672729492188
26.4609375,952.802490234375
26.4765625,952.8343505859375
26.4921875,952.8320922851562
26.5078125,952.7890625
26.5234375,952.7960205078125
26.5390625,952.7921142578125
26.5546875,952.7933959960938
26.5703125,952.80029296875
26.5859375,952.7890625
26.6015625,952.7843017578125
26.6171875,952.799560546875
26.6328125,952.7913208007812
26.6484375,952.7830810546875
26.6640625,952.7821044921875
26.6796875,952.78271484375
26.6953125,952.776123046875
26.7109375,952.7872314453125
26.7265625,952.79443359375
26.7421875,952.7814331054688
26.7578125,952.8281860351562
26.7734375,952.7762451171875
26.7890625,952.7933959960938
26.8046875,952.8046875
26.8203125,952.83349609375
26.8359375,952.884765625
26.8515625,952.8712158203125
26.8671875,952.8463134765625
26.8828125,952.93505859375
26.8984375,952.9125366210938
26.9140625,952.9142456054688
26.9296875,952.8937377929688
26.9453125,952.9633178710938
26.9609375,953.063232421875
26.9765625,952.8893432617188
26.9921875,952.9391479492188
27.0078125,952.9469604492188
27.0234375,952.9065551757812
27.0390625,952.9888916015625
27.0546875,952.8966674804688
27.0703125,952.9275512695312
27.0859375,952.8750610351562
27.1015625,952.9107055664062
27.1171875,952.9013061523438
27.1328125,952.91796875
27.1484375,952.8309326171875
27.1640625,952.8309936523438
27.1796875,952.8861694335938
27.1953125,952.8607788085938
27.2109375,952.85546875
27.2265625,952.8595581054688
27.2421875,952.8912353515625
27.2578125,952.8833618164062
27.2734375,952.8612060546875
27.2890625,952.8284301757812
27.3046875,952.8245239257812
27.3203125,952.8176879882812
27.3359375,952.8004760742188
27.3515625,952.80029296875
27.3671875,952.787841796875
27.3828125,952.8221435546875
27.3984375,952.7932739257812
27.4140625,952.813232421875
27.4296875,952.8003540039062
27.4453125,952.8030395507812
27.4609375,952.783203125
27.4765625,952.8030395507812
27.4921875,952.8025512695312
27.5078125,952.7830810546875
27.5234375,952.772705078125
27.5390625,952.7779541015625
27.5546875,952.775146484375
27.5703125,952.7796630859375
27.5859375,952.7874145507812
27.6015625,952.7972412109375
27.6171875,952.7966918945312
27.6328125,952.7879638671875
27.6484375,952.790771484375
27.6640625,952.7952270507812
27.6796875,952.7943725585938
27.6953125,952.80859375
27.7109375,952.7916259765625
27.7265625,952.8024291992188
27.7421875,952.7922973632812
27.7578125,952.7985229492188
27.7734375,952.8118286132812
27.7890625,952.7970581054688
27.8046875,952.7946166992188
27.8203125,952.7993774414062
27.8359375,952.8076171875
27.8515625,952.7949829101562
27.8671875,952.8038940429688
27.8828125,952.8048706054688
27.8984375,952.7858276367188
27.9140625,952.7889404296875
27.9296875,952.790771484375
27.9453125,952.7903442382812
27.9609375,952.7789916992188
27.9765625,952.7853393554688
27.9921875,952.7952270507812
28.0078125,952.799560546875
28.0234375,952.7913818359375
28.0390625,952.7891235351562
28.0546875,952.7897338867188
28.0703125,952.8033447265625
28.0859375,952.7863159179688
28.1015625,952.8117065429688
28.1171875,952.7771606445312
28.1328125,952.7863159179688
28.1484375,952.7869262695312
28.1640625,952.7857666015625
28.1796875,952.7915649414062
28.1953125,952.77880859375
28.2109375,952.7765502929688
28.2265625,952.7869873046875
28.2421875,952.8079223632812
28.2578125,952.8013916015625
28.2734375,952.7802124023438
28.2890625,952.7734985351562
28.3046875,952.7894287109375
28.3203125,952.7926635742188
28.3359375,952.7804565429688
28.3515625,952.7776489257812
28.3671875,952.7914428710938
28.3828125,952.7880859375
28.3984375,952.7797241210938
28.4140625,952.7771606445312
28.4296875,952.7819213867188
28.4453125,952.7816162109375
28.4609375,952.8030395507812
28.4765625,952.7954711914062
28.4921875,952.7964477539062
28.5078125,952.7957763671875
28.5234375,952.802734375
28.5390625,952.81005859375
28.5546875,952.8123779296875
28.5703125,952.7944946289062
28.5859375,952.790283203125
28.6015625,952.8040161132812
28.6171875,952.7965698242188
28.6328125,952.7963256835938
28.6484375,952.794921875
28.6640625,952.7950439453125
28.6796875,952.7807006835938
28.6953125,952.7871704101562
28.7109375,952.7855224609375
28.7265625,952.8067016601562
28.7421875,952.7916870117188
28.7578125,952.8016357421875
28.7734375,952.8029174804688
28.7890625,952.8029174804688
28.8046875,952.797607421875
28.8203125,952.794921875
28.8359375,952.7854614257812
28.8515625,952.8168334960938
28.8671875,952.7975463867188
28.8828125,952.7939453125
28.8984375,952.7947387695312
28.9140625,952.7954711914062
28.9296875,952.7951049804688
28.9453125,952.7943725585938
28.9609375,952.790771484375
28.9765625,952.7996826171875
28.9921875,952.7933349609375
29.0078125,952.80029296875
29.0234375,952.7938842773438
29.0390625,952.7872314453125
29.0546875,952.7954711914062
29.0703125,952.7930297851562
29.0859375,952.8020629882812
29.1015625,952.8080444335938
29.1171875,952.8042602539062
29.1328125,952.7979736328125
29.1484375,952.790771484375
29.1640625,952.8011474609375
29.1796875,952.8130493164062
29.1953125,952.7944946289062
29.2109375,952.7985229492188
29.2265625,952.8020629882812
29.2421875,952.8016967773438
29.2578125,952.8116455078125
29.2734375,952.7946166992188
29.2890625,952.8047485351562
29.3046875,952.798828125
29.3203125,952.7901611328125
29.3359375,952.79248046875
29.3515625,952.7954711914062
29.3671875,952.8009033203125
29.3828125,952.7888793945312
29.3984375,952.8053588867188
29.4140625,952.7938232421875
29.4296875,952.7955932617188
29.4453125,952.7836303710938
29.4609375,952.7833251953125
29.4765625,952.8002319335938
29.4921875,952.783935546875
29.5078125,952.7919311523438
29.5234375,952.792724609375
29.5390625,952.788818359375
29.5546875,952.76953125
29.5703125,952.7802734375
29.5859375,952.7894287109375
29.6015625,952.7843017578125
29.6171875,952.7978515625
29.6328125,952.7843627929688
29.6484375,952.7893676757812
29.6640625,952.7894897460938
29.6796875,952.7813720703125
29.6953125,952.7736206054688
29.7109375,952.7838134765625
29.7265625,952.776611328125
29.7421875,952.778076171875
29.7578125,952.7799072265625
29.7734375,952.7743530273438
29.7890625,952.7799682617188
29.8046875,952.76708984375
29.8203125,952.7821655273438
29.8359375,952.779052734375
29.8515625,952.7709350585938
29.8671875,952.7748413085938
29.8828125,952.7893676757812
29.8984375,952.778076171875
29.9140625,952.7777099609375
29.9296875,952.7743530273438
29.9453125,952.7780151367188
29.9609375,952.7698364257812
29.9765625,952.7550048828125
29.9921875,952.7619018554688
30.0078125,952.7623901367188
30.0234375,952.7717895507812
30.0390625,952.7935180664062
30.0546875,952.7939453125
30.0703125,952.7850341796875
30.0859375,952.7853393554688
30.1015625,952.7748413085938
30.1171875,952.785888671875
30.1328125,952.7740478515625
30.1484375,952.7775268554688
30.1640625,952.774169921875
30.1796875,952.7787475585938
30.1953125,952.7818603515625
30.2109375,952.780517578125
30.2265625,952.7841796875
30.2421875,952.7608642578125
30.2578125,952.7730102539062
30.2734375,952.7720947265625
30.2890625,952.7786254882812
30.3046875,952.7787475585938
30.3203125,952.775146484375
30.3359375,952.7632446289062
30.3515625,952.7669067382812
30.3671875,952.7781982421875
30.3828125,952.7797241210938
30.3984375,952.7787475585938
30.4140625,952.7835693359375
30.4296875,952.7787475585938
30.4453125,952.778564453125
30.4609375,952.7849731445312
30.4765625,952.7760009765625
30.4921875,952.7777099609375
30.5078125,952.7896118164062
30.5234375,952.7793579101562
30.5390625,952.7745971679688
30.5546875,952.783935546875
30.5703125,952.7760620117188
30.5859375,952.7715454101562
30.6015625,952.7788696289062
30.6171875,952.7737426757812
30.6328125,952.7862548828125
30.6484375,952.7825317382812
30.6640625,952.7935180664062
30.6796875,952.7774047851562
30.6953125,952.7894897460938
30.7109375,952.783935546875
30.7265625,952.7910766601562
30.7421875,952.800537109375
30.7578125,952.778564453125
30.7734375,952.7817993164062
30.7890625,952.80859375
30.8046875,952.7955932617188
30.8203125,952.792724609375
30.8359375,952.7943725585938
30.8515625,952.7966918945312
30.8671875,952.7805786132812
30.8828125,952.802490234375
30.8984375,952.7852172851562
30.9140625,952.7894287109375
30.9296875,952.8070678710938
30.9453125,952.8006591796875
30.9609375,952.7846069335938
30.9765625,952.798828125
30.9921875,952.7924194335938
31.0078125,952.8004760742188
31.0234375,952.7816162109375
31.0390625,952.7972412109375
31.0546875,952.7903442382812
31.0703125,952.7999267578125
31.0859375,952.7922973632812
31.1015625,952.7660522460938
31.1171875,952.8161010742188
31.1328125,952.7891845703125
31.1484375,952.793701171875
31.1640625,952.7930908203125
