# Time (seconds),f0
0.0078125,952.8121948242188
0.0234375,952.8720703125
0.0390625,952.8721923828125
0.0546875,952.8631591796875
0.0703125,952.8719482421875
0.0859375,952.8765258789062
0.1015625,952.8956909179688
0.1171875,952.9007568359375
0.1328125,952.895263671875
0.1484375,952.9027099609375
0.1640625,952.8931884765625
0.1796875,952.8740234375
0.1953125,952.8814697265625
0.2109375,952.9048461914062
0.2265625,952.8870239257812
0.2421875,952.8947143554688
0.2578125,952.8985595703125
0.2734375,952.8899536132812
0.2890625,952.9019165039062
0.3046875,952.8993530273438
0.3203125,952.9006958007812
0.3359375,952.9047241210938
0.3515625,952.9059448242188
0.3671875,952.8920288085938
0.3828125,952.9009399414062
0.3984375,952.8959350585938
0.4140625,952.9020385742188
0.4296875,952.8949584960938
0.4453125,952.902099609375
0.4609375,952.8986206054688
0.4765625,952.9012451171875
0.4921875,952.9185180664062
0.5078125,952.9273071289062
0.5234375,952.9323120117188
0.5390625,952.9497680664062
0.5546875,952.9288940429688
0.5703125,952.9615478515625
0.5859375,952.9373779296875
0.6015625,952.9464721679688
0.6171875,952.9654541015625
0.6328125,952.9637451171875
0.6484375,952.9649047851562
0.6640625,952.9996948242188
0.6796875,952.9657592773438
0.6953125,952.9673461914062
0.7109375,952.9501342773438
0.7265625,952.9566040039062
0.7421875,952.9391479492188
0.7578125,952.9595947265625
0.7734375,952.9376220703125
0.7890625,952.9465942382812
0.8046875,952.9389038085938
0.8203125,952.9526977539062
0.8359375,952.9515380859375
0.8515625,952.9403076171875
0.8671875,952.9884643554688
0.8828125,952.9598999023438
0.8984375,952.9536743164062
0.9140625,952.9651489257812
0.9296875,952.9744262695312
0.9453125,952.987060546875
0.9609375,952.9854736328125
0.9765625,952.98193359375
0.9921875,953.0284423828125
1.0078125,952.9808959960938
1.0234375,953.0410766601562
1.0390625,953.0177001953125
1.0546875,953.0393676757812
1.0703125,953.1010131835938
1.0859375,953.0700073242188
1.1015625,953.0550537109375
1.1171875,953
1.1328125,953.0548706054688
1.1484375,953.0982666015625
1.1640625,953.0926513671875
1.1796875,953.0764770507812
1.1953125,953.0513916015625
1.2109375,953.1380004882812
1.2265625,953.0845336914062
1.2421875,953.0856323242188
1.2578125,953.029296875
1.2734375,953.036865234375
1.2890625,952.9903564453125
1.3046875,953.0372924804688
1.3203125,953.0032348632812
1.3359375,953.031982421875
1.3515625,953.056396484375
1.3671875,953.1091918945312
1.3828125,953.0335083007812
1.3984375,953.0316162109375
1.4140625,953.0419311523438
1.4296875,953.0543823242188
1.4453125,953.0504760742188
1.4609375,953.0606689453125
1.4765625,953.0750732421875
1.4921875,953.0009765625
1.5078125,953.0963745117188
1.5234375,953.0778198242188
1.5390625,953.0659790039062
1.5546875,953.0757446289062
1.5703125,953.0492553710938
1.5859375,953.09765625
1.6015625,953.1401977539062
1.6171875,953.0283203125
1.6328125,953.0707397460938
1.6484375,953.0645751953125
1.6640625,953.0444946289062
1.6796875,953.0704956054688
1.6953125,953.0352172851562
1.7109375,953.0469970703125
1.7265625,953.030517578125
1.7421875,953.0308227539062
1.7578125,953.0435791015625
1.7734375,953.0032348632812
1.7890625,952.9966430664062
1.8046875,953.004638671875
1.8203125,953.115234375
1.8359375,953.0403442382812
1.8515625,953.0516357421875
1.8671875,953.03271484375
1.8828125,953.0208129882812
1.8984375,953.01513671875
1.9140625,953.0297241210938
1.9296875,953.0283203125
1.9453125,953.039794921875
1.9609375,953.0478515625
1.9765625,953.055908203125
1.9921875,953.03125
2.0078125,953.0289916992188
2.0234375,953.0418701171875
2.0390625,953.0244140625
2.0546875,953.046630859375
2.0703125,953.04296875
2.0859375,953.0031127929688
2.1015625,952.9846801757812
2.1171875,953.0294799804688
2.1328125,953.0106811523438
2.1484375,953.0581665039062
2.1640625,953.012939453125
2.1796875,952.9983520507812
2.1953125,953.0466918945312
2.2109375,953.0120239257812
2.2265625,952.9961547851562
2.2421875,952.966552734375
2.2578125,952.9645385742188
2.2734375,952.9559326171875
2.2890625,952.9464111328125
2.3046875,952.9404296875
2.3203125,952.932861328125
2.3359375,952.9046020507812
2.3515625,952.90380859375
2.3671875,952.9073486328125
2.3828125,952.9049682617188
2.3984375,952.9027099609375
2.4140625,952.903076171875
2.4296875,952.9053955078125
2.4453125,952.91357421875
2.4609375,952.9080810546875
2.4765625,952.9037475585938
2.4921875,952.8960571289062
2.5078125,952.8954467773438
2.5234375,952.8959350585938
2.5390625,952.9052124023438
2.5546875,952.9083251953125
2.5703125,952.9273071289062
2.5859375,952.9051513671875
2.6015625,952.9269409179688
2.6171875,952.9127197265625
2.6328125,952.9115600585938
2.6484375,952.8985595703125
2.6640625,952.89794921875
2.6796875,952.9075317382812
2.6953125,952.90380859375
2.7109375,952.9276123046875
2.7265625,952.9277954101562
2.7421875,952.932861328125
2.7578125,952.9332885742188
2.7734375,952.9334716796875
2.7890625,952.9139404296875
2.8046875,952.9302368164062
2.8203125,952.91552734375
2.8359375,952.9334716796875
2.8515625,952.9326171875
2.8671875,952.9096069335938
2.8828125,952.9489135742188
2.8984375,952.9373168945312
2.9140625,952.9338989257812
2.9296875,952.90234375
2.9453125,952.927490234375
2.9609375,952.9341430664062
2.9765625,952.9030151367188
2.9921875,952.9103393554688
3.0078125,952.9351196289062
3.0234375,952.932373046875
3.0390625,952.9336547851562
3.0546875,952.9300537109375
3.0703125,952.9306030273438
3.0859375,952.93505859375
3.1015625,952.9334716796875
3.1171875,952.9337158203125
3.1328125,952.9244995117188
3.1484375,952.9376220703125
3.1640625,952.9303588867188
3.1796875,952.9337158203125
3.1953125,952.9317016601562
3.2109375,952.9263305664062
3.2265625,952.9302368164062
3.2421875,952.9063110351562
3.2578125,952.9310913085938
3.2734375,952.9303588867188
3.2890625,952.9325561523438
3.3046875,952.9337768554688
3.3203125,952.9317016601562
3.3359375,952.9348754882812
3.3515625,952.9301147460938
3.3671875,952.9259033203125
3.3828125,952.9143676757812
3.3984375,952.9177856445312
3.4140625,952.9035034179688
3.4296875,952.9053955078125
3.4453125,952.9344482421875
3.4609375,952.9345703125
3.4765625,952.9346923828125
3.4921875,952.9495849609375
3.5078125,952.9649658203125
3.5234375,952.9811401367188
3.5390625,953.0064697265625
3.5546875,952.9794921875
3.5703125,952.9916381835938
3.5859375,952.9586791992188
3.6015625,952.9866943359375
3.6171875,952.9451293945312
3.6328125,952.9612426757812
3.6484375,952.9548950195312
3.6640625,952.9633178710938
3.6796875,952.9476318359375
3.6953125,952.9361572265625
3.7109375,952.9217529296875
3.7265625,952.9669189453125
3.7421875,952.9588623046875
3.7578125,952.9819946289062
3.7734375,952.9904174804688
3.7890625,952.9739379882812
3.8046875,952.9672241210938
3.8203125,953.0260009765625
3.8359375,952.9757690429688
3.8515625,953.0028686523438
3.8671875,952.9676513671875
3.8828125,953.0026245117188
3.8984375,953.0171508789062
3.9140625,952.9921875
3.9296875,952.9785766601562
3.9453125,952.9573364257812
3.9609375,952.9981079101562
3.9765625,952.9859008789062
3.9921875,953.020263671875
4.0078125,952.9907836914062
4.0234375,952.9991455078125
4.0390625,952.9942626953125
4.0546875,952.9928588867188
4.0703125,953.0184326171875
4.0859375,952.9962158203125
4.1015625,953.0486450195312
4.1171875,952.9873046875
4.1328125,952.9881591796875
4.1484375,952.98583984375
4.1640625,952.982177734375
4.1796875,952.9666748046875
4.1953125,952.9755859375
4.2109375,953.0171508789062
4.2265625,953.005859375
4.2421875,953.0123901367188
4.2578125,952.9814453125
4.2734375,952.9662475585938
4.2890625,953.0181274414062
4.3046875,952.988037109375
4.3203125,953.0023803710938
4.3359375,952.9873046875
4.3515625,953.0003051757812
4.3671875,952.9874267578125
4.3828125,953.0257568359375
4.3984375,952.9826049804688
4.4140625,952.9710693359375
4.4296875,952.9930419921875
4.4453125,952.983642578125
4.4609375,952.9777221679688
4.4765625,952.9841918945312
4.4921875,953.0001831054688
4.5078125,952.968017578125
4.5234375,953.0016479492188
4.5390625,952.9739379882812
4.5546875,952.984130859375
4.5703125,952.97216796875
4.5859375,952.9933471679688
4.6015625,953.0232543945312
4.6171875,952.9737548828125
4.6328125,952.9666748046875
4.6484375,952.9730224609375
4.6640625,952.99755859375
4.6796875,953.0055541992188
4.6953125,952.97607421875
4.7109375,952.9794311523438
4.7265625,952.9700317382812
4.7421875,952.966064453125
4.7578125,952.9888916015625
4.7734375,952.9707641601562
4.7890625,952.9746704101562
4.8046875,952.9765625
4.8203125,952.9981689453125
4.8359375,953.0281982421875
4.8515625,952.9853515625
4.8671875,952.970703125
4.8828125,952.978515625
4.8984375,952.9863891601562
4.9140625,952.9533081054688
4.9296875,952.9696655273438
4.9453125,952.9857788085938
4.9609375,952.979736328125
4.9765625,952.9827880859375
4.9921875,952.9791259765625
5.0078125,953.0316772460938
5.0234375,952.9481811523438
5.0390625,952.9857788085938
5.0546875,952.9901123046875
5.0703125,952.9762573242188
5.0859375,952.9863891601562
5.1015625,952.9849243164062
5.1171875,952.992919921875
5.1328125,952.9752197265625
5.1484375,953.0055541992188
5.1640625,953.0060424804688
5.1796875,953.0081787109375
5.1953125,953.0034790039062
5.2109375,952.9926147460938
5.2265625,952.993896484375
5.2421875,952.9926147460938
5.2578125,952.9854736328125
5.2734375,952.9985961914062
5.2890625,952.9635620117188
5.3046875,952.9744873046875
5.3203125,952.9857788085938
5.3359375,952.9934692382812
5.3515625,952.98779296875
5.3671875,952.9818725585938
5.3828125,952.9774169921875
5.3984375,952.987060546875
5.4140625,952.9873046875
5.4296875,952.9986572265625
5.4453125,953.0977172851562
5.4609375,953.0280151367188
5.4765625,953.0452270507812
5.4921875,953.0592651367188
5.5078125,953.0301513671875
5.5234375,953.0042724609375
5.5390625,952.9662475585938
5.5546875,952.9794311523438
5.5703125,952.9749755859375
5.5859375,952.9425048828125
5.6015625,952.9376831054688
5.6171875,952.9567260742188
5.6328125,952.938720703125
5.6484375,952.9271850585938
5.6640625,952.9275512695312
5.6796875,952.9344482421875
5.6953125,952.9313354492188
5.7109375,952.9341430664062
5.7265625,952.9071655273438
5.7421875,952.9319458007812
5.7578125,952.9281005859375
5.7734375,952.9208984375
5.7890625,952.9276123046875
5.8046875,952.9132080078125
5.8203125,952.9085083007812
5.8359375,952.9287109375
5.8515625,952.9260864257812
5.8671875,952.9275512695312
5.8828125,952.9129638671875
5.8984375,952.90185546875
5.9140625,952.9063720703125
5.9296875,952.8983154296875
5.9453125,952.9066162109375
5.9609375,952.9240112304688
5.9765625,952.9049072265625
5.9921875,952.9234008789062
6.0078125,952.9271850585938
6.0234375,952.9266357421875
6.0390625,952.8973388671875
6.0546875,952.9043579101562
6.0703125,952.9235229492188
6.0859375,952.8988037109375
6.1015625,952.9013061523438
6.1171875,952.9002075195312
6.1328125,952.9004516601562
6.1484375,952.8941040039062
6.1640625,952.9090576171875
6.1796875,952.9036254882812
6.1953125,952.9069213867188
6.2109375,952.8995361328125
6.2265625,952.903564453125
6.2421875,952.8953857421875
6.2578125,952.9005126953125
6.2734375,952.9028930664062
6.2890625,952.903076171875
6.3046875,952.9073486328125
6.3203125,952.9049072265625
6.3359375,952.88818359375
6.3515625,952.9006958007812
6.3671875,952.900146484375
6.3828125,952.9038696289062
6.3984375,952.8965454101562
6.4140625,952.895751953125
6.4296875,952.9017944335938
6.4453125,952.9341430664062
6.4609375,952.898193359375
6.4765625,952.8720092773438
6.4921875,952.897705078125
6.5078125,952.8986206054688
6.5234375,952.8768310546875
6.5390625,952.8954467773438
6.5546875,952.9031982421875
6.5703125,952.8948364257812
6.5859375,952.9009399414062
6.6015625,952.9004516601562
6.6171875,952.8929443359375
6.6328125,952.8994140625
6.6484375,952.89794921875
6.6640625,952.8958129882812
6.6796875,952.9005737304688
6.6953125,952.8798217773438
6.7109375,952.900146484375
6.7265625,952.8999633789062
6.7421875,952.9008178710938
6.7578125,952.9007568359375
6.7734375,952.8870239257812
6.7890625,952.9010009765625
6.8046875,952.903076171875
6.8203125,952.900146484375
6.8359375,952.880615234375
6.8515625,952.9012451171875
6.8671875,952.9083862304688
6.8828125,952.9122924804688
6.8984375,952.9000854492188
6.9140625,952.9244384765625
6.9296875,952.9256591796875
6.9453125,952.9749755859375
6.9609375,952.9552612304688
6.9765625,952.932861328125
6.9921875,952.9637451171875
7.0078125,952.9982299804688
7.0234375,952.9749755859375
7.0390625,953.0053100585938
7.0546875,952.9967651367188
7.0703125,952.9928588867188
7.0859375,952.9998168945312
7.1015625,953.0098266601562
7.1171875,952.991455078125
7.1328125,953.0037841796875
7.1484375,952.9749755859375
7.1640625,953.0055541992188
7.1796875,953.0182495117188
7.1953125,953.0067138671875
7.2109375,953.0145263671875
7.2265625,953.0362548828125
7.2421875,953.0271606445312
7.2578125,953.0279541015625
7.2734375,953.0598754882812
7.2890625,953.0015258789062
7.3046875,953.0233154296875
7.3203125,953.0419311523438
7.3359375,953.0025634765625
7.3515625,953.0048217773438
7.3671875,953.0137939453125
7.3828125,952.9865112304688
7.3984375,953.0661010742188
7.4140625,953.0090942382812
7.4296875,953.0419311523438
7.4453125,953.0590209960938
7.4609375,953.0132446289062
7.4765625,953.0021362304688
7.4921875,952.996826171875
7.5078125,953.010498046875
7.5234375,953.047607421875
7.5390625,953.0578002929688
7.5546875,952.9961547851562
7.5703125,952.9865112304688
7.5859375,952.9749755859375
7.6015625,953.005859375
7.6171875,952.9883422851562
7.6328125,952.984375
7.6484375,953.0042724609375
7.6640625,953.0581665039062
7.6796875,953.0098266601562
7.6953125,953.01904296875
7.7109375,952.9903564453125
7.7265625,953.0006713867188
7.7421875,952.9920043945312
7.7578125,952.9749145507812
7.7734375,953.0927734375
7.7890625,953.0114135742188
7.8046875,952.9945068359375
7.8203125,953.0294189453125
7.8359375,952.9758911132812
7.8515625,953.0150756835938
7.8671875,952.9894409179688
7.8828125,952.9828491210938
7.8984375,953.0106201171875
7.9140625,953.0480346679688
7.9296875,952.9920043945312
7.9453125,953.0347290039062
7.9609375,953.0382690429688
7.9765625,952.9727172851562
7.9921875,953.0079345703125
8.0078125,953.0371704101562
8.0234375,953.0296020507812
8.0390625,953.0523071289062
8.0546875,953.0064086914062
8.0703125,953.0017700195312
8.0859375,953.0011596679688
8.1015625,953.0385131835938
8.1171875,953.0310668945312
8.1328125,953.0856323242188
8.1484375,952.9755249023438
8.1640625,953.0087890625
8.1796875,952.9676513671875
8.1953125,953.0296630859375
8.2109375,952.9749755859375
8.2265625,953.046875
8.2421875,952.96826171875
8.2578125,953.0083618164062
8.2734375,953.0106811523438
8.2890625,952.9877319335938
8.3046875,953.057373046875
8.3203125,952.9961547851562
8.3359375,953.0126953125
8.3515625,952.9732055664062
8.3671875,952.9815673828125
8.3828125,953.01123046875
8.3984375,953.0003051757812
8.4140625,953.0542602539062
8.4296875,952.9537963867188
8.4453125,952.9933471679688
8.4609375,953.0111694335938
8.4765625,952.9684448242188
8.4921875,952.97412109375
8.5078125,953.0279541015625
8.5234375,952.9822387695312
8.5390625,952.9827270507812
8.5546875,952.9933471679688
8.5703125,952.9635620117188
8.5859375,952.9783935546875
8.6015625,952.9559936523438
8.6171875,952.9521484375
8.6328125,952.9806518554688
8.6484375,952.9811401367188
8.6640625,952.9821166992188
8.6796875,952.9839477539062
8.6953125,953.03076171875
8.7109375,952.9930419921875
8.7265625,952.9948120117188
8.7421875,952.9782104492188
8.7578125,952.97802734375
8.7734375,952.9523315429688
8.7890625,953.009521484375
8.8046875,953.0110473632812
8.8203125,952.9814453125
8.8359375,953.0126342773438
8.8515625,953.00341796875
8.8671875,953.0079345703125
8.8828125,953.0206909179688
8.8984375,952.9856567382812
8.9140625,952.9768676757812
8.9296875,952.976318359375
8.9453125,952.9927978515625
8.9609375,952.987548828125
8.9765625,952.983154296875
8.9921875,952.9928588867188
9.0078125,953.0238037109375
9.0234375,952.9833984375
9.0390625,952.9900512695312
9.0546875,952.99951171875
9.0703125,952.9627075195312
9.0859375,952.9907836914062
9.1015625,953.0008544921875
9.1171875,953.012451171875
9.1328125,953.016357421875
9.1484375,952.993408203125
9.1640625,953.009033203125
9.1796875,952.9782104492188
9.1953125,953.0360107421875
9.2109375,952.9833984375
9.2265625,952.9910888671875
9.2421875,952.962646484375
9.2578125,953.0255737304688
9.2734375,953.080078125
9.2890625,953.0667724609375
9.3046875,953.01171875
9.3203125,953.0394897460938
9.3359375,953.0236206054688
9.3515625,952.9673461914062
9.3671875,952.9849853515625
9.3828125,953.0220336914062
9.3984375,953.0101928710938
9.4140625,952.9817504882812
9.4296875,953.0260009765625
9.4453125,952.9802856445312
9.4609375,953.0308227539062
9.4765625,953.032958984375
9.4921875,953.0655517578125
9.5078125,952.9957885742188
9.5234375,953.0493774414062
9.5390625,952.9889526367188
9.5546875,952.9740600585938
9.5703125,952.9407348632812
9.5859375,952.9598388671875
9.6015625,952.9469604492188
9.6171875,952.9583129882812
9.6328125,952.928955078125
9.6484375,952.9366455078125
9.6640625,952.9340209960938
9.6796875,952.9379272460938
9.6953125,952.9330444335938
9.7109375,952.9275512695312
9.7265625,952.9248046875
9.7421875,952.9286499023438
9.7578125,952.9259033203125
9.7734375,952.9152221679688
9.7890625,952.9277954101562
9.8046875,952.9210205078125
9.8203125,952.9076538085938
9.8359375,952.9288940429688
9.8515625,952.9285888671875
9.8671875,952.9219360351562
9.8828125,952.8995361328125
9.8984375,952.894287109375
9.9140625,952.900390625
9.9296875,952.8922729492188
9.9453125,952.8939819335938
9.9609375,952.9180908203125
9.9765625,952.9016723632812
9.9921875,952.8985595703125
10.0078125,952.9121704101562
10.0234375,952.9066162109375
10.0390625,952.8984375
10.0546875,952.8938598632812
10.0703125,952.8992919921875
10.0859375,952.8990478515625
10.1015625,952.8968505859375
10.1171875,952.9130249023438
10.1328125,952.8931274414062
10.1484375,952.8987426757812
10.1640625,952.8958129882812
10.1796875,952.9138793945312
10.1953125,952.9080810546875
10.2109375,952.9189453125
10.2265625,952.8892211914062
10.2421875,952.8966674804688
10.2578125,952.8956298828125
10.2734375,952.887939453125
10.2890625,952.887939453125
10.3046875,952.8976440429688
10.3203125,952.8967895507812
10.3359375,952.8971557617188
10.3515625,952.9074096679688
10.3671875,952.8987426757812
10.3828125,952.9175415039062
10.3984375,952.9144287109375
10.4140625,952.8876342773438
10.4296875,952.8938598632812
10.4453125,952.8917846679688
10.4609375,952.8951416015625
10.4765625,952.8945922851562
10.4921875,952.9005126953125
10.5078125,952.8975830078125
10.5234375,952.9009399414062
10.5390625,952.8908081054688
10.5546875,952.892333984375
10.5703125,952.8873291015625
10.5859375,952.8937377929688
10.6015625,952.8800659179688
10.6171875,952.899658203125
10.6328125,952.8924560546875
10.6484375,952.8960571289062
10.6640625,952.8924560546875
10.6796875,952.8701171875
10.6953125,952.8984375
10.7109375,952.8948364257812
10.7265625,952.8912353515625
10.7421875,952.8885498046875
10.7578125,952.8889770507812
10.7734375,952.8762817382812
10.7890625,952.870361328125
10.8046875,952.8929443359375
10.8203125,952.8991088867188
10.8359375,952.8959350585938
10.8515625,952.9061279296875
10.8671875,952.9140625
10.8828125,952.9043579101562
10.8984375,952.9051513671875
10.9140625,952.9203491210938
10.9296875,952.9269409179688
10.9453125,952.9920654296875
10.9609375,953.0518798828125
10.9765625,953.0499267578125
10.9921875,952.9779663085938
11.0078125,953.0416259765625
11.0234375,953.0408325195312
11.0390625,953.002685546875
11.0546875,953.0294189453125
11.0703125,952.9965209960938
11.0859375,953.0093383789062
11.1015625,953.0447998046875
11.1171875,953.0308227539062
11.1328125,953.0108642578125
11.1484375,953.0236206054688
11.1640625,953.0506591796875
11.1796875,953.1038208007812
11.1953125,953.0357055664062
11.2109375,953.0803833007812
11.2265625,953.05859375
11.2421875,953.0587768554688
11.2578125,952.9835205078125
11.2734375,953.042724609375
11.2890625,953.1069946289062
11.3046875,953.0928955078125
11.3203125,953.0385131835938
11.3359375,953.0282592773438
11.3515625,953.0675659179688
11.3671875,953.0029296875
11.3828125,953.0556030273438
11.3984375,952.9924926757812
11.4140625,953.04443359375
11.4296875,953.147705078125
11.4453125,953.0552978515625
11.4609375,953.06982421875
11.4765625,953.0360717773438
11.4921875,953.0079345703125
11.5078125,953.075439453125
11.5234375,953.0936279296875
11.5390625,953.0399169921875
11.5546875,953.1019287109375
11.5703125,953.0918579101562
11.5859375,953.0516357421875
11.6015625,953.0836791992188
11.6171875,953.0932006835938
11.6328125,953.0645141601562
11.6484375,953.0358276367188
11.6640625,952.9978637695312
11.6796875,953.0369262695312
11.6953125,953.0285034179688
11.7109375,953.0191040039062
11.7265625,953.0149536132812
11.7421875,953.0332641601562
11.7578125,953.0433959960938
11.7734375,953.0848999023438
11.7890625,953.081298828125
11.8046875,953.0859985351562
11.8203125,953.0157470703125
11.8359375,953.0095825195312
11.8515625,953.0282592773438
11.8671875,953.0314331054688
11.8828125,953.076904296875
11.8984375,953.0120239257812
11.9140625,953.0044555664062
11.9296875,953.0087890625
11.9453125,952.9967041015625
11.9609375,953.0067749023438
11.9765625,953.0465698242188
11.9921875,953.0369873046875
12.0078125,953.05224609375
12.0234375,953.0130004882812
12.0390625,952.993408203125
12.0546875,953.0059204101562
12.0703125,953.0181274414062
12.0859375,953.0238037109375
12.1015625,953.012939453125
12.1171875,953.0135498046875
12.1328125,952.9879760742188
12.1484375,953.0050048828125
12.1640625,952.9990234375
12.1796875,953.0098266601562
12.1953125,953.0355834960938
12.2109375,952.9844360351562
12.2265625,953.00537109375
12.2421875,953.0388793945312
12.2578125,952.9768676757812
12.2734375,952.9922485351562
12.2890625,953.0348510742188
12.3046875,952.9590454101562
12.3203125,953.0060424804688
12.3359375,953.0160522460938
12.3515625,953.021240234375
12.3671875,953.0286254882812
12.3828125,952.9791870117188
12.3984375,952.9619140625
12.4140625,953.00390625
12.4296875,952.9905395507812
12.4453125,953.050537109375
12.4609375,952.9894409179688
12.4765625,952.96630859375
12.4921875,952.9523315429688
12.5078125,952.9942016601562
12.5234375,952.9694213867188
12.5390625,952.9866333007812
12.5546875,953.0344848632812
12.5703125,952.9551391601562
12.5859375,953.0064697265625
12.6015625,952.9855346679688
12.6171875,953.0446166992188
12.6328125,952.9906616210938
12.6484375,952.9500732421875
12.6640625,953.0159912109375
12.6796875,953.0107421875
12.6953125,953.0014038085938
12.7109375,952.9847412109375
12.7265625,952.970458984375
12.7421875,952.9458618164062
12.7578125,952.9503173828125
12.7734375,952.9467163085938
12.7890625,952.9359130859375
12.8046875,952.940185546875
12.8203125,952.9320678710938
12.8359375,952.921630859375
12.8515625,952.9347534179688
12.8671875,952.9166259765625
12.8828125,952.9152221679688
12.8984375,952.9201049804688
12.9140625,952.9180297851562
12.9296875,952.9152221679688
12.9453125,952.9221801757812
12.9609375,952.9152221679688
12.9765625,952.9122314453125
12.9921875,952.915283203125
13.0078125,952.9008178710938
13.0234375,952.9210205078125
13.0390625,952.9048461914062
13.0546875,952.9210205078125
13.0703125,952.9031982421875
13.0859375,952.9076538085938
13.1015625,952.913818359375
13.1171875,952.9065551757812
13.1328125,952.9035034179688
13.1484375,952.8865356445312
13.1640625,952.8959350585938
13.1796875,952.892578125
13.1953125,952.913818359375
13.2109375,952.8895263671875
13.2265625,952.8955078125
13.2421875,952.8959350585938
13.2578125,952.9036254882812
13.2734375,952.9141235351562
13.2890625,952.89013671875
13.3046875,952.8958129882812
13.3203125,952.8912353515625
13.3359375,952.9122924804688
13.3515625,952.8839111328125
13.3671875,952.896484375
13.3828125,952.8896484375
13.3984375,952.8834228515625
13.4140625,952.8897705078125
13.4296875,952.9135131835938
13.4453125,952.9067993164062
13.4609375,952.8887329101562
13.4765625,952.8895874023438
13.4921875,952.8945922851562
13.5078125,952.8848876953125
13.5234375,952.8859252929688
13.5390625,952.888671875
13.5546875,952.904052734375
13.5703125,952.89013671875
13.5859375,952.896484375
13.6015625,952.8851928710938
13.6171875,952.8888549804688
13.6328125,952.878173828125
13.6484375,952.8881225585938
13.6640625,952.8748168945312
13.6796875,952.8920288085938
13.6953125,952.8969116210938
13.7109375,952.909423828125
13.7265625,952.8921508789062
13.7421875,952.883544921875
13.7578125,952.888427734375
13.7734375,952.887939453125
13.7890625,952.8938598632812
13.8046875,952.8920288085938
13.8203125,952.8896484375
13.8359375,952.8783569335938
13.8515625,952.8930053710938
13.8671875,952.8934936523438
13.8828125,952.8878173828125
13.8984375,952.8867797851562
13.9140625,952.8652954101562
13.9296875,952.9086303710938
13.9453125,952.8903198242188
13.9609375,952.86083984375
13.9765625,952.8887329101562
13.9921875,952.8645629882812
14.0078125,952.8883666992188
14.0234375,952.8904418945312
14.0390625,952.8871459960938
14.0546875,952.8795776367188
14.0703125,952.8890380859375
14.0859375,952.896484375
14.1015625,952.871826171875
14.1171875,952.868408203125
14.1328125,952.8843383789062
14.1484375,952.909912109375
14.1640625,952.9194946289062
14.1796875,952.8944091796875
14.1953125,952.9180908203125
14.2109375,952.8977661132812
14.2265625,952.9264526367188
14.2421875,952.9258422851562
14.2578125,952.9461669921875
14.2734375,952.94287109375
14.2890625,952.9378051757812
14.3046875,952.8990478515625
14.3203125,953.0009765625
14.3359375,952.9539794921875
14.3515625,952.9464111328125
14.3671875,952.9437866210938
14.3828125,952.8934326171875
14.3984375,952.9942016601562
14.4140625,952.9240112304688
14.4296875,952.9444580078125
14.4453125,952.935546875
14.4609375,952.9671630859375
14.4765625,953.0103149414062
14.4921875,952.921875
14.5078125,952.9462890625
14.5234375,952.958251953125
14.5390625,952.962158203125
14.5546875,952.972412109375
14.5703125,952.9593505859375
14.5859375,952.9461669921875
14.6015625,952.9868774414062
14.6171875,952.9837036132812
14.6328125,952.935302734375
14.6484375,952.9718017578125
14.6640625,952.9341430664062
14.6796875,952.9495239257812
14.6953125,952.9524536132812
14.7109375,952.9863891601562
14.7265625,952.9318237304688
14.7421875,952.9366455078125
14.7578125,952.9453125
14.7734375,952.9484252929688
14.7890625,952.9659423828125
14.8046875,952.9490356445312
14.8203125,952.9678955078125
14.8359375,952.9247436523438
14.8515625,952.9747924804688
14.8671875,952.93359375
14.8828125,952.9638671875
14.8984375,952.9364624023438
14.9140625,952.9572143554688
14.9296875,952.9266357421875
14.9453125,952.9593505859375
14.9609375,952.9473266601562
14.9765625,952.9373168945312
14.9921875,952.9893798828125
15.0078125,952.9690551757812
15.0234375,952.9635009765625
15.0390625,952.9708862304688
15.0546875,952.9762573242188
15.0703125,952.9483642578125
15.0859375,952.989013671875
15.1015625,952.9751586914062
15.1171875,952.9816284179688
15.1328125,952.9963989257812
15.1484375,952.9573364257812
15.1640625,952.9650268554688
15.1796875,953.03076171875
15.1953125,952.9283447265625
15.2109375,952.9686279296875
15.2265625,952.9846801757812
15.2421875,952.9482421875
15.2578125,952.9575805664062
15.2734375,952.9814453125
15.2890625,952.9593505859375
15.3046875,953.0079956054688
15.3203125,952.9524536132812
15.3359375,952.9578857421875
15.3515625,952.9473266601562
15.3671875,952.9730834960938
15.3828125,952.9428100585938
15.3984375,952.9523315429688
15.4140625,952.973876953125
15.4296875,952.9481811523438
15.4453125,952.9702758789062
15.4609375,952.9459838867188
15.4765625,952.9453125
15.4921875,952.9774169921875
15.5078125,953.0294799804688
15.5234375,952.9800415039062
15.5390625,952.977783203125
15.5546875,952.9365234375
15.5703125,952.9652099609375
15.5859375,953.0005493164062
15.6015625,952.9732666015625
15.6171875,952.9581298828125
15.6328125,953.0055541992188
15.6484375,952.98046875
15.6640625,952.9876098632812
15.6796875,952.9375610351562
15.6953125,952.9459228515625
15.7109375,953.0009765625
15.7265625,952.9708251953125
15.7421875,952.9446411132812
15.7578125,952.9699096679688
15.7734375,953.0067138671875
15.7890625,952.9660034179688
15.8046875,952.9725341796875
15.8203125,952.9949951171875
15.8359375,952.9479370117188
15.8515625,952.9454956054688
15.8671875,952.9536743164062
15.8828125,952.9155883789062
15.8984375,952.9444580078125
15.9140625,952.9340209960938
15.9296875,952.9425659179688
15.9453125,952.92919921875
15.9609375,952.9462890625
15.9765625,952.9175415039062
15.9921875,952.9228515625
16.0078125,952.9254760742188
16.0234375,952.9154663085938
16.0390625,952.9141235351562
16.0546875,952.9266967773438
16.0703125,952.918701171875
16.0859375,952.9171752929688
16.1015625,952.9310913085938
16.1171875,952.9093627929688
16.1328125,952.9244384765625
16.1484375,952.9105224609375
16.1640625,952.9171142578125
16.1796875,952.9085693359375
16.1953125,952.9140625
16.2109375,952.9100341796875
16.2265625,952.9155883789062
16.2421875,952.9255981445312
16.2578125,952.9107055664062
16.2734375,952.9166870117188
16.2890625,952.9260864257812
16.3046875,952.9241333007812
16.3203125,952.9133911132812
16.3359375,952.9189453125
16.3515625,952.9135131835938
16.3671875,952.928955078125
16.3828125,952.9108276367188
16.3984375,952.9114379882812
16.4140625,952.9104614257812
16.4296875,952.9043579101562
16.4453125,952.9140625
16.4609375,952.9110717773438
16.4765625,952.88427734375
16.4921875,952.9098510742188
16.5078125,952.8961791992188
16.5234375,952.8861694335938
16.5390625,952.910888671875
16.5546875,952.9080200195312
16.5703125,952.9136352539062
16.5859375,952.8834838867188
16.6015625,952.878173828125
16.6171875,952.8901977539062
16.6328125,952.8798217773438
16.6484375,952.9086303710938
16.6640625,952.8912353515625
16.6796875,952.9107055664062
16.6953125,952.9075317382812
16.7109375,952.9069213867188
16.7265625,952.906982421875
16.7421875,952.8842163085938
16.7578125,952.883544921875
16.7734375,952.894287109375
16.7890625,952.881591796875
16.8046875,952.88818359375
16.8203125,952.8770141601562
16.8359375,952.9069213867188
16.8515625,952.8812255859375
16.8671875,952.8770751953125
16.8828125,952.877685546875
16.8984375,952.8837280273438
16.9140625,952.8930053710938
16.9296875,952.9073486328125
16.9453125,952.8809204101562
16.9609375,952.9163208007812
16.9765625,952.8907470703125
16.9921875,952.88037109375
17.0078125,952.8893432617188
17.0234375,952.9153442382812
17.0390625,952.9111328125
17.0546875,952.921142578125
17.0703125,952.919189453125
17.0859375,952.947265625
17.1015625,952.95458984375
17.1171875,952.9776611328125
17.1328125,952.9774780273438
17.1484375,952.9841918945312
17.1640625,952.9663696289062
17.1796875,953.0109252929688
17.1953125,952.9827270507812
17.2109375,952.9923706054688
17.2265625,952.9860229492188
17.2421875,953.022216796875
17.2578125,952.9873046875
17.2734375,952.994873046875
17.2890625,953.0460815429688
17.3046875,953.0004272460938
17.3203125,953.0011596679688
17.3359375,952.9972534179688
17.3515625,952.9978637695312
17.3671875,952.9780883789062
17.3828125,952.9944458007812
17.3984375,953.01318359375
17.4140625,952.9874267578125
17.4296875,953.0553588867188
17.4453125,953.0294189453125
17.4609375,952.9868774414062
17.4765625,952.985595703125
17.4921875,953.0112915039062
17.5078125,953.04248046875
17.5234375,953.0379638671875
17.5390625,953.0481567382812
17.5546875,953.0257568359375
17.5703125,953.0639038085938
17.5859375,953.04443359375
17.6015625,953.0739135742188
17.6171875,953.0621948242188
17.6328125,953.0316772460938
17.6484375,953.0928955078125
17.6640625,953.0599975585938
17.6796875,953.0863037109375
17.6953125,953.025146484375
17.7109375,953.0795288085938
17.7265625,953.0001831054688
17.7421875,953.063720703125
17.7578125,953.01513671875
17.7734375,952.9921875
17.7890625,952.9739379882812
17.8046875,953.0265502929688
17.8203125,952.9911499023438
17.8359375,953.0368041992188
17.8515625,952.9972534179688
17.8671875,952.9785766601562
17.8828125,953.0138549804688
17.8984375,952.9949951171875
17.9140625,953.0181884765625
17.9296875,952.9751586914062
17.9453125,953.010498046875
17.9609375,953.06787109375
17.9765625,953.0106811523438
17.9921875,953.0023193359375
18.0078125,953.0869140625
18.0234375,953.0286254882812
18.0390625,952.9785766601562
18.0546875,953.041748046875
18.0703125,952.9927978515625
18.0859375,952.9766845703125
18.1015625,953.0333251953125
18.1171875,952.9981689453125
18.1328125,953.0010986328125
18.1484375,952.9880981445312
18.1640625,953.0362548828125
18.1796875,953.0665893554688
18.1953125,953.0109252929688
18.2109375,952.9749145507812
18.2265625,953.0234375
18.2421875,952.9933471679688
18.2578125,953.0216674804688
18.2734375,952.9850463867188
18.2890625,952.982177734375
18.3046875,953.0220947265625
18.3203125,953.0023193359375
18.3359375,952.9744873046875
18.3515625,953.0348510742188
18.3671875,952.9933471679688
18.3828125,953.0089111328125
18.3984375,953.0204467773438
18.4140625,952.9849853515625
18.4296875,952.9757080078125
18.4453125,952.9906005859375
18.4609375,952.9909057617188
18.4765625,952.9655151367188
18.4921875,952.9641723632812
18.5078125,952.9768676757812
18.5234375,952.9905395507812
18.5390625,952.9917602539062
18.5546875,953.0257568359375
18.5703125,952.9732055664062
18.5859375,952.9797973632812
18.6015625,953.0204467773438
18.6171875,952.9778442382812
18.6328125,952.997802734375
18.6484375,952.968017578125
18.6640625,952.9688720703125
18.6796875,952.9553833007812
18.6953125,952.9473876953125
18.7109375,952.9345703125
18.7265625,952.9451904296875
18.7421875,952.953125
18.7578125,952.9493408203125
18.7734375,952.9451904296875
18.7890625,952.947998046875
18.8046875,952.93359375
18.8203125,952.9307861328125
18.8359375,952.946533203125
18.8515625,952.9303588867188
18.8671875,952.91943359375
18.8828125,952.92724609375
18.8984375,952.9386596679688
18.9140625,952.913330078125
18.9296875,952.926513671875
18.9453125,952.925048828125
18.9609375,952.9242553710938
18.9765625,952.9285888671875
18.9921875,952.9158935546875
19.0078125,952.9442138671875
19.0234375,952.9111328125
19.0390625,952.9027099609375
19.0546875,952.9130859375
19.0703125,952.901123046875
19.0859375,952.9152221679688
19.1015625,952.9078979492188
19.1171875,952.9100341796875
19.1328125,952.89013671875
19.1484375,952.8773193359375
19.1640625,952.8911743164062
19.1796875,952.9073486328125
19.1953125,952.8977661132812
19.2109375,952.9149780273438
19.2265625,952.9091186523438
19.2421875,952.9088745117188
19.2578125,952.9076538085938
19.2734375,952.9083862304688
19.2890625,952.8878784179688
19.3046875,952.8807373046875
19.3203125,952.895263671875
19.3359375,952.8944091796875
19.3515625,952.91552734375
19.3671875,952.9149780273438
19.3828125,952.8812255859375
19.3984375,952.8870849609375
19.4140625,952.8875732421875
19.4296875,952.9038696289062
19.4453125,952.8982543945312
19.4609375,952.8837280273438
19.4765625,952.8856201171875
19.4921875,952.8770751953125
19.5078125,952.884521484375
19.5234375,952.8867797851562
19.5390625,952.8876953125
19.5546875,952.9093017578125
19.5703125,952.8910522460938
19.5859375,952.9006958007812
19.6015625,952.8887939453125
19.6171875,952.895751953125
19.6328125,952.9088745117188
19.6484375,952.8856811523438
19.6640625,952.88232421875
19.6796875,952.8739013671875
19.6953125,952.8834838867188
19.7109375,952.88037109375
19.7265625,952.8837280273438
19.7421875,952.9005737304688
19.7578125,952.8849487304688
19.7734375,952.8853759765625
19.7890625,952.8967895507812
19.8046875,952.884033203125
19.8203125,952.884765625
19.8359375,952.8834838867188
19.8515625,952.8610229492188
19.8671875,952.876220703125
19.8828125,952.8885498046875
19.8984375,952.8772583007812
19.9140625,952.8865966796875
19.9296875,952.8759765625
19.9453125,952.8993530273438
19.9609375,952.8825073242188
19.9765625,952.8619995117188
19.9921875,952.8627319335938
20.0078125,952.8882446289062
20.0234375,952.881591796875
20.0390625,952.8875732421875
20.0546875,952.8583984375
20.0703125,952.9074096679688
20.0859375,952.884521484375
20.1015625,952.9088134765625
20.1171875,952.9087524414062
20.1328125,952.9075317382812
20.1484375,952.9082641601562
20.1640625,952.9107666015625
20.1796875,952.9141235351562
20.1953125,952.8995361328125
20.2109375,952.9223022460938
20.2265625,952.9085083007812
20.2421875,952.9321899414062
20.2578125,952.9130249023438
20.2734375,952.9140625
20.2890625,952.912841796875
20.3046875,952.9297485351562
20.3203125,952.9098510742188
20.3359375,952.9000854492188
20.3515625,952.9085083007812
20.3671875,952.931640625
20.3828125,952.96484375
20.3984375,952.9220581054688
20.4140625,952.9396362304688
20.4296875,952.9144897460938
20.4453125,952.9138793945312
20.4609375,952.9542236328125
20.4765625,952.9368286132812
20.4921875,952.9111328125
20.5078125,952.9349975585938
20.5234375,952.8892822265625
20.5390625,952.9263305664062
20.5546875,952.9609375
20.5703125,952.9275512695312
20.5859375,952.938232421875
20.6015625,952.9437866210938
20.6171875,952.9263305664062
20.6328125,952.94091796875
20.6484375,952.9367065429688
20.6640625,952.915283203125
20.6796875,952.921142578125
20.6953125,952.92138671875
20.7109375,952.8826904296875
20.7265625,952.9415893554688
20.7421875,952.927490234375
20.7578125,952.9369506835938
20.7734375,952.9520263671875
20.7890625,952.9580078125
20.8046875,952.9185791015625
20.8203125,952.9247436523438
20.8359375,952.990966796875
20.8515625,952.9539794921875
20.8671875,952.91943359375
20.8828125,952.9423828125
20.8984375,952.9190673828125
20.9140625,952.9534912109375
20.9296875,952.9234008789062
20.9453125,952.9481811523438
20.9609375,952.975341796875
20.9765625,952.9216918945312
20.9921875,952.94140625
21.0078125,952.9381713867188
21.0234375,952.9282836914062
21.0390625,952.9298706054688
21.0546875,952.9180297851562
21.0703125,952.9588623046875
21.0859375,952.9400634765625
21.1015625,952.95458984375
21.1171875,952.9153442382812
21.1328125,952.9607543945312
21.1484375,952.9627075195312
21.1640625,952.9632568359375
21.1796875,952.953125
21.1953125,952.9727783203125
21.2109375,952.9401245117188
21.2265625,952.9462890625
21.2421875,952.9560546875
21.2578125,952.9557495117188
21.2734375,952.9794921875
21.2890625,952.935546875
21.3046875,952.93115234375
21.3203125,952.93359375
21.3359375,953.0333251953125
21.3515625,952.9487915039062
21.3671875,952.9486694335938
21.3828125,952.9482421875
21.3984375,952.991455078125
21.4140625,953.0701293945312
21.4296875,953.0106201171875
21.4453125,953.0240478515625
21.4609375,953.0003051757812
21.4765625,952.976318359375
21.4921875,952.9732055664062
21.5078125,952.9859008789062
21.5234375,952.97265625
21.5390625,952.9686279296875
21.5546875,952.9900512695312
21.5703125,952.964599609375
21.5859375,952.9677734375
21.6015625,952.9428100585938
21.6171875,952.9341430664062
21.6328125,952.9451293945312
21.6484375,952.9266967773438
21.6640625,952.9453125
21.6796875,952.9375
21.6953125,952.9227905273438
21.7109375,952.9331665039062
21.7265625,952.948486328125
21.7421875,952.9458618164062
21.7578125,952.9336547851562
21.7734375,952.9292602539062
21.7890625,952.9327392578125
21.8046875,952.9235229492188
21.8203125,952.9404296875
21.8359375,952.9210205078125
21.8515625,952.9412841796875
21.8671875,952.9326171875
21.8828125,952.9401245117188
21.8984375,952.9425659179688
21.9140625,952.9456176757812
21.9296875,952.9414672851562
21.9453125,952.9099731445312
21.9609375,952.9103393554688
21.9765625,952.9140625
21.9921875,952.9139404296875
22.0078125,952.913330078125
22.0234375,952.9060668945312
22.0390625,952.923828125
22.0546875,952.9071044921875
22.0703125,952.9103393554688
22.0859375,952.914794921875
22.1015625,952.9091796875
22.1171875,952.9393310546875
22.1328125,952.9141845703125
22.1484375,952.8865356445312
22.1640625,952.90576171875
22.1796875,952.9036254882812
22.1953125,952.9052734375
22.2109375,952.9033203125
22.2265625,952.9014892578125
22.2421875,952.9048461914062
22.2578125,952.907470703125
22.2734375,952.89208984375
22.2890625,952.913330078125
22.3046875,952.8857421875
22.3203125,952.8834228515625
22.3359375,952.899658203125
22.3515625,952.8938598632812
22.3671875,952.8910522460938
22.3828125,952.9165649414062
22.3984375,952.891845703125
22.4140625,952.90966796875
22.4296875,952.9069213867188
22.4453125,952.8966064453125
22.4609375,952.9039916992188
22.4765625,952.90380859375
22.4921875,952.8876953125
22.5078125,952.9090576171875
22.5234375,952.9052124023438
22.5390625,952.8795166015625
22.5546875,952.8910522460938
22.5703125,952.9097290039062
22.5859375,952.8936767578125
22.6015625,952.909912109375
22.6171875,952.9071044921875
22.6328125,952.905029296875
22.6484375,952.9058227539062
22.6640625,952.9052124023438
22.6796875,952.896484375
22.6953125,952.8819580078125
22.7109375,952.9102783203125
22.7265625,952.90625
22.7421875,952.8988037109375
22.7578125,952.9124145507812
22.7734375,952.9071044921875
22.7890625,952.8812255859375
22.8046875,952.9053955078125
22.8203125,952.9080200195312
22.8359375,952.9068603515625
22.8515625,952.9118041992188
22.8671875,952.9090576171875
22.8828125,952.9072265625
22.8984375,952.9526977539062
22.9140625,952.9739379882812
22.9296875,952.9542236328125
22.9453125,952.9617919921875
22.9609375,952.9774169921875
22.9765625,952.9629516601562
22.9921875,953.0025634765625
23.0078125,952.997802734375
23.0234375,953.1032104492188
23.0390625,953.038818359375
23.0546875,953.0090942382812
23.0703125,953.0403442382812
23.0859375,953.125
23.1015625,953.1223754882812
23.1171875,953.1884155273438
23.1328125,953.14404296875
23.1484375,953.0606079101562
23.1640625,953.0594482421875
23.1796875,953.1275024414062
23.1953125,953.1905517578125
23.2109375,953.1137084960938
23.2265625,953.1016845703125
23.2421875,953.0256958007812
23.2578125,953.1603393554688
23.2734375,953.15576171875
23.2890625,953.0581665039062
23.3046875,953.17529296875
23.3203125,953.1095581054688
23.3359375,953.1113891601562
23.3515625,953.0669555664062
23.3671875,953.0368041992188
23.3828125,953.0377197265625
23.3984375,953.1170654296875
23.4140625,953.1226196289062
23.4296875,953.109375
23.4453125,953.1237182617188
23.4609375,953.089599609375
23.4765625,953.0714111328125
23.4921875,953.0571899414062
23.5078125,953.0782470703125
23.5234375,953.0478515625
23.5390625,953.02294921875
23.5546875,953.04833984375
23.5703125,953.0523071289062
23.5859375,953.0928955078125
23.6015625,953.0767822265625
23.6171875,953.115966796875
23.6328125,953.05029296875
23.6484375,953.1436767578125
23.6640625,953.0328979492188
23.6796875,953.0546875
23.6953125,953.0919189453125
23.7109375,953.0540161132812
23.7265625,953.1415405273438
23.7421875,953.1078491210938
23.7578125,953.0330810546875
23.7734375,953.0413208007812
23.7890625,953.144287109375
23.8046875,953.1024780273438
23.8203125,953.1329345703125
23.8359375,953.0509033203125
23.8515625,953.0650634765625
23.8671875,953.09326171875
23.8828125,953.07373046875
23.8984375,953.0789794921875
23.9140625,953.0499267578125
23.9296875,953.080810546875
23.9453125,953.0503540039062
23.9609375,953.0933227539062
23.9765625,953.0428466796875
23.9921875,953.0431518554688
24.0078125,953.0810546875
24.0234375,953.0799560546875
24.0390625,953.0165405273438
24.0546875,953.0237426757812
24.0703125,953.0892944335938
24.0859375,953.075439453125
24.1015625,953.1320190429688
24.1171875,953.0534057617188
24.1328125,953.0913696289062
24.1484375,953.01513671875
24.1640625,953.0662841796875
24.1796875,953.0291748046875
24.1953125,953.0444946289062
24.2109375,953.034423828125
24.2265625,953.0497436523438
24.2421875,953.0592651367188
24.2578125,953.0294189453125
24.2734375,953.0372924804688
24.2890625,953.1273193359375
24.3046875,953.0428466796875
24.3203125,953.1106567382812
24.3359375,953.0463256835938
24.3515625,953.02880859375
24.3671875,953.0979614257812
24.3828125,953.0210571289062
24.3984375,952.9967041015625
24.4140625,953.0233154296875
24.4296875,953.0237426757812
24.4453125,953.0453491210938
24.4609375,953.0349731445312
24.4765625,952.9797973632812
24.4921875,952.9760131835938
24.5078125,952.9623413085938
24.5234375,952.9544067382812
24.5390625,952.95654296875
24.5546875,952.9534912109375
24.5703125,952.9362182617188
24.5859375,952.9471435546875
24.6015625,952.9240112304688
24.6171875,952.9473876953125
24.6328125,952.9224853515625
24.6484375,952.9228515625
24.6640625,952.9166870117188
24.6796875,952.9224853515625
24.6953125,952.9219360351562
24.7109375,952.9199829101562
24.7265625,952.918701171875
24.7421875,952.9151611328125
24.7578125,952.9215698242188
24.7734375,952.91552734375
24.7890625,952.9161987304688
24.8046875,952.8917236328125
24.8203125,952.9157104492188
24.8359375,952.9190673828125
24.8515625,952.8984985351562
24.8671875,952.9202270507812
24.8828125,952.9138793945312
24.8984375,952.8862915039062
24.9140625,952.888427734375
24.9296875,952.8888549804688
24.9453125,952.891845703125
24.9609375,952.8882446289062
24.9765625,952.9141845703125
24.9921875,952.885498046875
25.0078125,952.8853149414062
25.0234375,952.895751953125
25.0390625,952.9133911132812
25.0546875,952.8870849609375
25.0703125,952.88232421875
25.0859375,952.8887939453125
25.1015625,952.884521484375
25.1171875,952.8865356445312
25.1328125,952.88037109375
25.1484375,952.9098510742188
25.1640625,952.8811645507812
25.1796875,952.8914794921875
25.1953125,952.8978881835938
25.2109375,952.8876953125
25.2265625,952.9002685546875
25.2421875,952.8911743164062
25.2578125,952.8851928710938
25.2734375,952.912841796875
25.2890625,952.9183349609375
25.3046875,952.8868408203125
25.3203125,952.8890380859375
25.3359375,952.9181518554688
25.3515625,952.8876953125
25.3671875,952.885498046875
25.3828125,952.8848266601562
25.3984375,952.8839111328125
25.4140625,952.8817749023438
25.4296875,952.8885498046875
25.4453125,952.8887939453125
25.4609375,952.905517578125
25.4765625,952.8864135742188
25.4921875,952.89013671875
25.5078125,952.8892211914062
25.5234375,952.8864135742188
25.5390625,952.8868408203125
25.5546875,952.89208984375
25.5703125,952.8812255859375
25.5859375,952.8938598632812
25.6015625,952.8818359375
25.6171875,952.8890380859375
25.6328125,952.8771362304688
25.6484375,952.8792724609375
25.6640625,952.8912353515625
25.6796875,952.8850708007812
25.6953125,952.8875732421875
25.7109375,952.8631591796875
25.7265625,952.8890380859375
25.7421875,952.8842163085938
25.7578125,952.8613891601562
25.7734375,952.8857421875
25.7890625,952.8828735351562
25.8046875,952.8578491210938
25.8203125,952.8865966796875
25.8359375,952.9243774414062
25.8515625,952.9258422851562
25.8671875,952.9651489257812
25.8828125,952.963623046875
25.8984375,952.9528198242188
25.9140625,952.9685668945312
25.9296875,952.9747924804688
25.9453125,952.9692993164062
25.9609375,952.9886474609375
25.9765625,952.9953002929688
25.9921875,953.0135498046875
26.0078125,953.0457763671875
26.0234375,953.0071411132812
26.0390625,953.0860595703125
26.0546875,953.0284423828125
26.0703125,953.0257568359375
26.0859375,953.0538940429688
26.1015625,953.0665893554688
26.1171875,953.140625
26.1328125,953.0286254882812
26.1484375,953.0223999023438
26.1640625,953.0377197265625
26.1796875,953.0418701171875
26.1953125,953.08544921875
26.2109375,953.0606079101562
26.2265625,953.110595703125
26.2421875,953.06005859375
26.2578125,952.9844970703125
26.2734375,953.073486328125
26.2890625,953.0450439453125
26.3046875,953.102783203125
26.3203125,953.0985717773438
26.3359375,953.0439453125
26.3515625,953.0418701171875
26.3671875,953.0203857421875
26.3828125,953.0678100585938
26.3984375,953.0557861328125
26.4140625,953.0865478515625
26.4296875,953.03271484375
26.4453125,953.0433959960938
26.4609375,953.0200805664062
26.4765625,953.0283203125
26.4921875,953.0611572265625
26.5078125,953.0355224609375
26.5234375,953.0250854492188
26.5390625,953.052734375
26.5546875,953.0781860351562
26.5703125,953.082763671875
26.5859375,953.0443725585938
26.6015625,953.09521484375
26.6171875,953.1548461914062
26.6328125,953.0396728515625
26.6484375,953.0737915039062
26.6640625,953.0834350585938
26.6796875,953.107421875
26.6953125,953.067626953125
26.7109375,953.0264892578125
26.7265625,953.0690307617188
26.7421875,953.0182495117188
26.7578125,953.0567016601562
26.7734375,953.017333984375
26.7890625,953.0025634765625
26.8046875,953.04296875
26.8203125,953.0298461914062
26.8359375,953.029052734375
26.8515625,953.0590209960938
26.8671875,953.0100708007812
26.8828125,953.0703735351562
26.8984375,953.01953125
26.9140625,953.015380859375
26.9296875,953.0938720703125
26.9453125,953.0274047851562
26.9609375,953.0562133789062
26.9765625,953.0025024414062
26.9921875,953.0631103515625
27.0078125,953.0244140625
27.0234375,953.0439453125
27.0390625,953.0584716796875
27.0546875,953.0465698242188
27.0703125,953.0107421875
27.0859375,953.0513916015625
27.1015625,953.0625610351562
27.1171875,953.0645751953125
27.1328125,953.018310546875
27.1484375,953.04443359375
27.1640625,953.0486450195312
27.1796875,953.0120849609375
27.1953125,953.0830078125
27.2109375,953.0695190429688
27.2265625,953.0675659179688
27.2421875,953.039794921875
27.2578125,953.0770263671875
27.2734375,953.057861328125
27.2890625,953.0642700195312
27.3046875,953.0361328125
27.3203125,953.0943603515625
27.3359375,953.06396484375
27.3515625,953.1270141601562
27.3671875,953.076171875
27.3828125,953.054443359375
27.3984375,953.0477294921875
27.4140625,953.15625
27.4296875,953.0836791992188
27.4453125,953.0133666992188
27.4609375,952.9840698242188
27.4765625,952.9755859375
27.4921875,952.9474487304688
27.5078125,952.9594116210938
27.5234375,952.9633178710938
27.5390625,952.9476318359375
27.5546875,952.9325561523438
27.5703125,952.9357299804688
27.5859375,952.9281616210938
27.6015625,952.94091796875
27.6171875,952.9368286132812
27.6328125,952.9453735351562
27.6484375,952.9404296875
27.6640625,952.9241943359375
27.6796875,952.9147338867188
27.6953125,952.91943359375
27.7109375,952.9290161132812
27.7265625,952.9345703125
27.7421875,952.9149780273438
27.7578125,952.9295654296875
27.7734375,952.9368286132812
27.7890625,952.913330078125
27.8046875,952.9296875
27.8203125,952.9300537109375
27.8359375,952.9186401367188
27.8515625,952.9290161132812
27.8671875,952.9174194335938
27.8828125,952.9188842773438
27.8984375,952.9146728515625
27.9140625,952.9228515625
27.9296875,952.9344482421875
27.9453125,952.9153442382812
27.9609375,952.9153442382812
27.9765625,952.9005126953125
27.9921875,952.9057006835938
28.0078125,952.9143676757812
28.0234375,952.9010009765625
28.0390625,952.8883666992188
28.0546875,952.9127197265625
28.0703125,952.9149780273438
28.0859375,952.9122924804688
28.1015625,952.9155883789062
28.1171875,952.9124145507812
28.1328125,952.909423828125
28.1484375,952.9119262695312
28.1640625,952.9096069335938
28.1796875,952.9009399414062
28.1953125,952.8955078125
28.2109375,952.9082641601562
28.2265625,952.9165649414062
28.2421875,952.8795776367188
28.2578125,952.9135131835938
28.2734375,952.8873291015625
28.2890625,952.8839721679688
28.3046875,952.8775024414062
28.3203125,952.8890380859375
28.3359375,952.891845703125
28.3515625,952.9049072265625
28.3671875,952.8872680664062
28.3828125,952.8798828125
28.3984375,952.8907470703125
28.4140625,952.8876953125
28.4296875,952.88623046875
28.4453125,952.88232421875
28.4609375,952.88037109375
28.4765625,952.8821411132812
28.4921875,952.882568359375
28.5078125,952.8823852539062
28.5234375,952.884521484375
28.5390625,952.8869018554688
28.5546875,952.888671875
28.5703125,952.88818359375
28.5859375,952.8597412109375
28.6015625,952.8768310546875
28.6171875,952.8773803710938
28.6328125,952.8857421875
28.6484375,952.9076538085938
28.6640625,952.8825073242188
28.6796875,952.8821411132812
28.6953125,952.8550415039062
28.7109375,952.8829956054688
28.7265625,952.9129638671875
28.7421875,952.8873901367188
28.7578125,952.9111328125
28.7734375,952.9075317382812
28.7890625,952.884521484375
28.8046875,952.9299926757812
28.8203125,952.9202270507812
28.8359375,952.9190673828125
28.8515625,952.9283447265625
28.8671875,952.9180297851562
28.8828125,952.9295654296875
28.8984375,952.9140625
28.9140625,952.9387817382812
28.9296875,952.9308471679688
28.9453125,952.9434204101562
28.9609375,952.9205932617188
28.9765625,952.9231567382812
28.9921875,952.9317626953125
29.0078125,952.9307861328125
29.0234375,952.9437866210938
29.0390625,952.9266967773438
29.0546875,952.9451293945312
29.0703125,952.9373168945312
29.0859375,952.9426879882812
29.1015625,952.947998046875
29.1171875,952.9320678710938
29.1328125,952.9403686523438
29.1484375,952.9368286132812
29.1640625,952.953125
29.1796875,952.9232788085938
29.1953125,952.9451904296875
29.2109375,952.9446411132812
29.2265625,952.9484252929688
29.2421875,952.927490234375
29.2578125,952.9547729492188
29.2734375,952.9478759765625
29.2890625,952.939453125
29.3046875,952.9417724609375
29.3203125,952.9459228515625
29.3359375,952.9398193359375
29.3515625,952.9448852539062
29.3671875,952.9434814453125
29.3828125,952.9718017578125
29.3984375,952.9339599609375
29.4140625,952.9539794921875
29.4296875,952.9674072265625
29.4453125,952.966064453125
29.4609375,952.9618530273438
29.4765625,952.9557495117188
29.4921875,952.9609375
29.5078125,952.9432373046875
29.5234375,952.9612426757812
29.5390625,952.976318359375
29.5546875,952.9462280273438
29.5703125,952.9727172851562
29.5859375,953.0299682617188
29.6015625,952.9754638671875
29.6171875,953.0040893554688
29.6328125,952.9551391601562
29.6484375,952.995361328125
29.6640625,952.9609985351562
29.6796875,952.9613037109375
29.6953125,952.9758911132812
29.7109375,952.952880859375
29.7265625,952.94677734375
29.7421875,952.9786376953125
29.7578125,952.9512939453125
29.7734375,952.9540405273438
29.7890625,952.9534301757812
29.8046875,952.9805297851562
29.8203125,953.0100708007812
29.8359375,952.982421875
29.8515625,952.9728393554688
29.8671875,952.9603881835938
29.8828125,952.989013671875
29.8984375,952.9712524414062
29.9140625,952.9671630859375
29.9296875,952.9523315429688
29.9453125,952.9883422851562
29.9609375,952.9946899414062
29.9765625,952.9677734375
29.9921875,952.987548828125
30.0078125,952.9666748046875
30.0234375,952.9907836914062
30.0390625,953.0247192382812
30.0546875,952.9554443359375
30.0703125,952.9586791992188
30.0859375,952.9728393554688
30.1015625,952.9395141601562
30.1171875,952.95654296875
30.1328125,952.9415893554688
30.1484375,952.9768676757812
30.1640625,952.979248046875
30.1796875,952.976318359375
30.1953125,952.9641723632812
30.2109375,952.9732666015625
30.2265625,952.97802734375
30.2421875,952.9601440429688
30.2578125,952.9579467773438
30.2734375,952.96875
30.2890625,952.9632568359375
30.3046875,952.97265625
30.3203125,952.97607421875
30.3359375,952.976318359375
30.3515625,952.9685668945312
30.3671875,952.9777221679688
30.3828125,952.9774780273438
30.3984375,952.9691162109375
30.4140625,952.9611206054688
30.4296875,952.9522705078125
30.4453125,952.9248046875
30.4609375,952.9611206054688
30.4765625,952.9285888671875
30.4921875,952.9182739257812
30.5078125,952.9278564453125
30.5234375,952.931640625
30.5390625,952.9270629882812
30.5546875,952.9220581054688
30.5703125,952.9210815429688
30.5859375,952.9312133789062
30.6015625,952.9236450195312
30.6171875,952.9100341796875
30.6328125,952.9127807617188
30.6484375,952.9310913085938
30.6640625,952.9099731445312
30.6796875,952.917236328125
30.6953125,952.912841796875
30.7109375,952.9122924804688
30.7265625,952.9059448242188
30.7421875,952.921630859375
30.7578125,952.884521484375
30.7734375,952.9068603515625
30.7890625,952.9149780273438
30.8046875,952.9086303710938
30.8203125,952.9141235351562
30.8359375,952.904296875
30.8515625,952.9061279296875
30.8671875,952.90966796875
30.8828125,952.9093627929688
30.8984375,952.890625
30.9140625,952.9032592773438
30.9296875,952.9043579101562
30.9453125,952.907470703125
30.9609375,952.9059448242188
