# Time (seconds),f0
0.0078125,953.3001098632812
0.0234375,953.2144165039062
0.0390625,953.2152709960938
0.0546875,953.2233276367188
0.0703125,953.2069091796875
0.0859375,953.2302856445312
0.1015625,953.2302856445312
0.1171875,953.2302856445312
0.1328125,953.2229614257812
0.1484375,953.221435546875
0.1640625,953.2299194335938
0.1796875,953.2317504882812
0.1953125,953.2305297851562
0.2109375,953.2279663085938
0.2265625,953.2283325195312
0.2421875,953.2169189453125
0.2578125,953.2291259765625
0.2734375,953.220458984375
0.2890625,953.2233276367188
0.3046875,953.2222290039062
0.3203125,953.22802734375
0.3359375,953.2225341796875
0.3515625,953.2299194335938
0.3671875,953.2299194335938
0.3828125,953.2272338867188
0.3984375,953.2303466796875
0.4140625,953.2374877929688
0.4296875,953.2177124023438
0.4453125,953.2283325195312
0.4609375,953.2288818359375
0.4765625,953.2274169921875
0.4921875,953.2221069335938
0.5078125,953.231201171875
0.5234375,953.2423095703125
0.5390625,953.2247924804688
0.5546875,953.2257690429688
0.5703125,953.2303466796875
0.5859375,953.23828125
0.6015625,953.2251586914062
0.6171875,953.233642578125
0.6328125,953.2260131835938
0.6484375,953.2376098632812
0.6640625,953.226318359375
0.6796875,953.2247314453125
0.6953125,953.2244873046875
0.7109375,953.2350463867188
0.7265625,953.281005859375
0.7421875,953.2835693359375
0.7578125,953.2752685546875
0.7734375,953.3096923828125
0.7890625,953.2932739257812
0.8046875,953.3369140625
0.8203125,953.311767578125
0.8359375,953.3588256835938
0.8515625,953.3678588867188
0.8671875,953.3175659179688
0.8828125,953.3654174804688
0.8984375,953.4005737304688
0.9140625,953.3912963867188
0.9296875,953.3564453125
0.9453125,953.34130859375
0.9609375,953.3318481445312
0.9765625,953.3663330078125
0.9921875,953.4414672851562
1.0078125,953.39013671875
1.0234375,953.3952026367188
1.0390625,953.3638916015625
1.0546875,953.4149169921875
1.0703125,953.31396484375
1.0859375,953.3512573242188
1.1015625,953.4015502929688
1.1171875,953.3731689453125
1.1328125,953.452880859375
1.1484375,953.5040283203125
1.1640625,953.3668823242188
1.1796875,953.3893432617188
1.1953125,953.4478149414062
1.2109375,953.358642578125
1.2265625,953.4091186523438
1.2421875,953.374755859375
1.2578125,953.4283447265625
1.2734375,953.4224853515625
1.2890625,953.432861328125
1.3046875,953.364501953125
1.3203125,953.378662109375
1.3359375,953.4105224609375
1.3515625,953.3934936523438
1.3671875,953.3809204101562
1.3828125,953.4111328125
1.3984375,953.40185546875
1.4140625,953.3800048828125
1.4296875,953.348388671875
1.4453125,953.3908081054688
1.4609375,953.3606567382812
1.4765625,953.353515625
1.4921875,953.4214477539062
1.5078125,953.3931884765625
1.5234375,953.3917846679688
1.5390625,953.40966796875
1.5546875,953.3604736328125
1.5703125,953.3556518554688
1.5859375,953.3574829101562
1.6015625,953.3720703125
1.6171875,953.35498046875
1.6328125,953.3505859375
1.6484375,953.3427124023438
1.6640625,953.3229370117188
1.6796875,953.3125610351562
1.6953125,953.3318481445312
1.7109375,953.31201171875
1.7265625,953.3352661132812
1.7421875,953.3147583007812
1.7578125,953.3092651367188
1.7734375,953.3179321289062
1.7890625,953.2801513671875
1.8046875,953.3106689453125
1.8203125,953.3009033203125
1.8359375,953.2944946289062
1.8515625,953.3035888671875
1.8671875,953.3041381835938
1.8828125,953.3114624023438
1.8984375,953.2860717773438
1.9140625,953.2932739257812
1.9296875,953.2791748046875
1.9453125,953.2998046875
1.9609375,953.2857666015625
1.9765625,953.283203125
1.9921875,953.2953491210938
2.0078125,953.2689819335938
2.0234375,953.2797241210938
2.0390625,953.2843627929688
2.0546875,953.2716064453125
2.0703125,953.2791748046875
2.0859375,953.2723388671875
2.1015625,953.2838745117188
2.1171875,953.2692260742188
2.1328125,953.2778930664062
2.1484375,953.274169921875
2.1640625,953.2926635742188
2.1796875,953.276611328125
2.1953125,953.2777709960938
2.2109375,953.2767944335938
2.2265625,953.2888793945312
2.2421875,953.2911987304688
2.2578125,953.25146484375
2.2734375,953.2603759765625
2.2890625,953.2733154296875
2.3046875,953.2584838867188
2.3203125,953.2555541992188
2.3359375,953.2634887695312
2.3515625,953.255615234375
2.3671875,953.2537841796875
2.3828125,953.2653198242188
2.3984375,953.2603149414062
2.4140625,953.2618408203125
2.4296875,953.2642211914062
2.4453125,953.248779296875
2.4609375,953.2604370117188
2.4765625,953.2615966796875
2.4921875,953.25537109375
2.5078125,953.2595825195312
2.5234375,953.252685546875
2.5390625,953.2547607421875
2.5546875,953.2448120117188
2.5703125,953.2553100585938
2.5859375,953.2674560546875
2.6015625,953.2544555664062
2.6171875,953.2539672851562
2.6328125,953.2525634765625
2.6484375,953.2606201171875
2.6640625,953.2540283203125
2.6796875,953.246826171875
2.6953125,953.2498779296875
2.7109375,953.2430419921875
2.7265625,953.2550048828125
2.7421875,953.2669067382812
2.7578125,953.2581787109375
2.7734375,953.2689819335938
2.7890625,953.3114013671875
2.8046875,953.3273315429688
2.8203125,953.3519897460938
2.8359375,953.3744506835938
2.8515625,953.400390625
2.8671875,953.354248046875
2.8828125,953.3654174804688
2.8984375,953.4037475585938
2.9140625,953.3952026367188
2.9296875,953.4437866210938
2.9453125,953.4409790039062
2.9609375,953.3954467773438
2.9765625,953.3969116210938
2.9921875,953.378173828125
3.0078125,953.4163818359375
3.0234375,953.4113159179688
3.0390625,953.4546508789062
3.0546875,953.3922729492188
3.0703125,953.4340209960938
3.0859375,953.4534912109375
3.1015625,953.4141845703125
3.1171875,953.4595336914062
3.1328125,953.3971557617188
3.1484375,953.4288940429688
3.1640625,953.4086303710938
3.1796875,953.43701171875
3.1953125,953.4332885742188
3.2109375,953.4188842773438
3.2265625,953.4122924804688
3.2421875,953.4635009765625
3.2578125,953.4542846679688
3.2734375,953.4620971679688
3.2890625,953.50390625
3.3046875,953.412841796875
3.3203125,953.4202270507812
3.3359375,953.4074096679688
3.3515625,953.39599609375
3.3671875,953.4515380859375
3.3828125,953.40380859375
3.3984375,953.4227294921875
3.4140625,953.3947143554688
3.4296875,953.37060546875
3.4453125,953.363037109375
3.4609375,953.359130859375
3.4765625,953.361328125
3.4921875,953.3505859375
3.5078125,953.3468017578125
3.5234375,953.3465576171875
3.5390625,953.3446655273438
3.5546875,953.3302001953125
3.5703125,953.3262329101562
3.5859375,953.3262329101562
3.6015625,953.3264770507812
3.6171875,953.3279418945312
3.6328125,953.3125610351562
3.6484375,953.3125
3.6640625,953.2952270507812
3.6796875,953.3005981445312
3.6953125,953.311767578125
3.7109375,953.3088989257812
3.7265625,953.3052978515625
3.7421875,953.3045654296875
3.7578125,953.2985229492188
3.7734375,953.2992553710938
3.7890625,953.3146362304688
3.8046875,953.30810546875
3.8203125,953.2935180664062
3.8359375,953.2916870117188
3.8515625,953.30810546875
3.8671875,953.3028564453125
3.8828125,953.2927856445312
3.8984375,953.3056640625
3.9140625,953.290283203125
3.9296875,953.29833984375
3.9453125,953.2931518554688
3.9609375,953.28125
3.9765625,953.2779541015625
3.9921875,953.2967529296875
4.0078125,953.2777099609375
4.0234375,953.2734985351562
4.0390625,953.2875366210938
4.0546875,953.2891235351562
4.0703125,953.302490234375
4.0859375,953.2760620117188
4.1015625,953.2783203125
4.1171875,953.2796020507812
4.1328125,953.2766723632812
4.1484375,953.2838134765625
4.1640625,953.2755126953125
4.1796875,953.2598266601562
4.1953125,953.2713012695312
4.2109375,953.2810668945312
4.2265625,953.2696533203125
4.2421875,953.2695922851562
4.2578125,953.269287109375
4.2734375,953.2709350585938
4.2890625,953.269287109375
4.3046875,953.2719116210938
4.3203125,953.2695922851562
4.3359375,953.260498046875
4.3515625,953.2662963867188
4.3671875,953.2640991210938
4.3828125,953.2693481445312
4.3984375,953.276611328125
4.4140625,953.2767944335938
4.4296875,953.2562866210938
4.4453125,953.2687377929688
4.4609375,953.2739868164062
4.4765625,953.3153076171875
4.4921875,953.354248046875
4.5078125,953.3653564453125
4.5234375,953.3702392578125
4.5390625,953.3952026367188
4.5546875,953.45263671875
4.5703125,953.405517578125
4.5859375,953.4849243164062
4.6015625,953.4161376953125
4.6171875,953.4523315429688
4.6328125,953.3901977539062
4.6484375,953.4562377929688
4.6640625,953.4266357421875
4.6796875,953.4077758789062
4.6953125,953.4364013671875
4.7109375,953.4029541015625
4.7265625,953.4262084960938
4.7421875,953.3997192382812
4.7578125,953.4341430664062
4.7734375,953.4125366210938
4.7890625,953.4143676757812
4.8046875,953.3960571289062
4.8203125,953.3695068359375
4.8359375,953.3773193359375
4.8515625,953.3737182617188
4.8671875,953.4432373046875
4.8828125,953.4051513671875
4.8984375,953.390380859375
4.9140625,953.3912963867188
4.9296875,953.3731689453125
4.9453125,953.3703002929688
4.9609375,953.3890991210938
4.9765625,953.3924560546875
4.9921875,953.44482421875
5.0078125,953.4296875
5.0234375,953.4219360351562
5.0390625,953.4657592773438
5.0546875,953.4038696289062
5.0703125,953.4074096679688
5.0859375,953.42724609375
5.1015625,953.4378662109375
5.1171875,953.3965454101562
5.1328125,953.3798217773438
5.1484375,953.4124145507812
5.1640625,953.3684692382812
5.1796875,953.3935546875
5.1953125,953.349365234375
5.2109375,953.3655395507812
5.2265625,953.3904418945312
5.2421875,953.3490600585938
5.2578125,953.3935546875
5.2734375,953.3756103515625
5.2890625,953.3720703125
5.3046875,953.3491821289062
5.3203125,953.3397216796875
5.3359375,953.3440551757812
5.3515625,953.3287353515625
5.3671875,953.3170166015625
5.3828125,953.3126220703125
5.3984375,953.3278198242188
5.4140625,953.31201171875
5.4296875,953.30859375
5.4453125,953.3130493164062
5.4609375,953.3115234375
5.4765625,953.314208984375
5.4921875,953.3075561523438
5.5078125,953.3111572265625
5.5234375,953.2908325195312
5.5390625,953.3198852539062
5.5546875,953.3059692382812
5.5703125,953.3065185546875
5.5859375,953.3055419921875
5.6015625,953.3052368164062
5.6171875,953.2821044921875
5.6328125,953.2899169921875
5.6484375,953.2832641601562
5.6640625,953.312255859375
5.6796875,953.2913818359375
5.6953125,953.2952270507812
5.7109375,953.2883911132812
5.7265625,953.2887573242188
5.7421875,953.2778930664062
5.7578125,953.2846069335938
5.7734375,953.2879638671875
5.7890625,953.2935791015625
5.8046875,953.2854614257812
5.8203125,953.3023071289062
5.8359375,953.280029296875
5.8515625,953.2832641601562
5.8671875,953.271240234375
5.8828125,953.2933959960938
5.8984375,953.2804565429688
5.9140625,953.2766723632812
5.9296875,953.30224609375
5.9453125,953.2991943359375
5.9609375,953.2743530273438
5.9765625,953.285888671875
5.9921875,953.2810668945312
6.0078125,953.2734375
6.0234375,953.2841796875
6.0390625,953.2731323242188
6.0546875,953.2755126953125
6.0703125,953.2941284179688
6.0859375,953.2846069335938
6.1015625,953.2682495117188
6.1171875,953.2706298828125
6.1328125,953.279296875
6.1484375,953.2757568359375
6.1640625,953.2643432617188
6.1796875,953.2841186523438
6.1953125,953.2752685546875
6.2109375,953.2716064453125
6.2265625,953.2791137695312
6.2421875,953.268798828125
6.2578125,953.2682495117188
6.2734375,953.2720947265625
6.2890625,953.2677001953125
6.3046875,953.2726440429688
6.3203125,953.2780151367188
6.3359375,953.3394165039062
6.3515625,953.350830078125
6.3671875,953.3989868164062
6.3828125,953.3623046875
6.3984375,953.3651123046875
6.4140625,953.4030151367188
6.4296875,953.3688354492188
6.4453125,953.379638671875
6.4609375,953.3956909179688
6.4765625,953.388427734375
6.4921875,953.4063110351562
6.5078125,953.3508911132812
6.5234375,953.415771484375
6.5390625,953.3501586914062
6.5546875,953.4130249023438
6.5703125,953.4219360351562
6.5859375,953.4161376953125
6.6015625,953.385986328125
6.6171875,953.3729248046875
6.6328125,953.4541015625
6.6484375,953.4949951171875
6.6640625,953.3976440429688
6.6796875,953.4312133789062
6.6953125,953.546630859375
6.7109375,953.4456176757812
6.7265625,953.4481811523438
6.7421875,953.4917602539062
6.7578125,953.4356689453125
6.7734375,953.4332885742188
6.7890625,953.520263671875
6.8046875,953.4208374023438
6.8203125,953.5185546875
6.8359375,953.454345703125
6.8515625,953.5239868164062
6.8671875,953.4119873046875
6.8828125,953.5103149414062
6.8984375,953.4444580078125
6.9140625,953.4088134765625
6.9296875,953.4428100585938
6.9453125,953.40234375
6.9609375,953.4846801757812
6.9765625,953.4139404296875
6.9921875,953.4237060546875
7.0078125,953.4208984375
7.0234375,953.37646484375
7.0390625,953.4090576171875
7.0546875,953.3983154296875
7.0703125,953.4376831054688
7.0859375,953.3743286132812
7.1015625,953.3698120117188
7.1171875,953.3594360351562
7.1328125,953.3633422851562
7.1484375,953.3728637695312
7.1640625,953.3546142578125
7.1796875,953.3463745117188
7.1953125,953.346435546875
7.2109375,953.346923828125
7.2265625,953.3511352539062
7.2421875,953.3221435546875
7.2578125,953.3443603515625
7.2734375,953.332763671875
7.2890625,953.3526611328125
7.3046875,953.328125
7.3203125,953.3224487304688
7.3359375,953.3276977539062
7.3515625,953.3214721679688
7.3671875,953.3195190429688
7.3828125,953.32421875
7.3984375,953.3290405273438
7.4140625,953.3045654296875
7.4296875,953.2913818359375
7.4453125,953.31787109375
7.4609375,953.3128662109375
7.4765625,953.320068359375
7.4921875,953.3201904296875
7.5078125,953.2979736328125
7.5234375,953.2982788085938
7.5390625,953.3046875
7.5546875,953.310546875
7.5703125,953.296630859375
7.5859375,953.3155517578125
7.6015625,953.3005981445312
7.6171875,953.2953491210938
7.6328125,953.2941284179688
7.6484375,953.3017578125
7.6640625,953.296142578125
7.6796875,953.3009643554688
7.6953125,953.2988891601562
7.7109375,953.2993774414062
7.7265625,953.3013916015625
7.7421875,953.2764892578125
7.7578125,953.286865234375
7.7734375,953.3001098632812
7.7890625,953.2931518554688
7.8046875,953.3048706054688
7.8203125,953.3042602539062
7.8359375,953.2931518554688
7.8515625,953.2869262695312
7.8671875,953.2868041992188
7.8828125,953.2841186523438
7.8984375,953.2986450195312
7.9140625,953.2933349609375
7.9296875,953.2828979492188
7.9453125,953.2913818359375
7.9609375,953.2908935546875
7.9765625,953.3057861328125
7.9921875,953.2914428710938
8.0078125,953.296142578125
8.0234375,953.2916259765625
8.0390625,953.2978515625
8.0546875,953.2910766601562
8.0703125,953.307373046875
8.0859375,953.3568725585938
8.1015625,953.323486328125
8.1171875,953.323486328125
8.1328125,953.3511352539062
8.1484375,953.3259887695312
8.1640625,953.3367919921875
8.1796875,953.3438110351562
8.1953125,953.3616333007812
8.2109375,953.3792724609375
8.2265625,953.3745727539062
8.2421875,953.3460693359375
8.2578125,953.3477172851562
8.2734375,953.34912109375
8.2890625,953.36669921875
8.3046875,953.3831176757812
8.3203125,953.381591796875
8.3359375,953.3795776367188
8.3515625,953.4067993164062
8.3671875,953.3818359375
8.3828125,953.3896484375
8.3984375,953.3751220703125
8.4140625,953.3704223632812
8.4296875,953.4197998046875
8.4453125,953.4384765625
8.4609375,953.3931274414062
8.4765625,953.4002685546875
8.4921875,953.419677734375
8.5078125,953.392333984375
8.5234375,953.401611328125
8.5390625,953.4029541015625
8.5546875,953.4000854492188
8.5703125,953.3566284179688
8.5859375,953.4260864257812
8.6015625,953.3823852539062
8.6171875,953.3628540039062
8.6328125,953.3731689453125
8.6484375,953.4027709960938
8.6640625,953.3831176757812
8.6796875,953.3762817382812
8.6953125,953.340576171875
8.7109375,953.37255859375
8.7265625,953.3628540039062
8.7421875,953.3550415039062
8.7578125,953.395751953125
8.7734375,953.400146484375
8.7890625,953.3751831054688
8.8046875,953.3831176757812
8.8203125,953.3516235351562
8.8359375,953.3576049804688
8.8515625,953.3563842773438
8.8671875,953.3705444335938
8.8828125,953.3599243164062
8.8984375,953.3592529296875
8.9140625,953.3532104492188
8.9296875,953.3343505859375
8.9453125,953.3262939453125
8.9609375,953.3336791992188
8.9765625,953.3274536132812
8.9921875,953.3561401367188
9.0078125,953.3485717773438
9.0234375,953.3502807617188
9.0390625,953.3324584960938
9.0546875,953.3557739257812
9.0703125,953.3329467773438
9.0859375,953.354248046875
9.1015625,953.3236694335938
9.1171875,953.33154296875
9.1328125,953.3303833007812
9.1484375,953.3273315429688
9.1640625,953.3328857421875
9.1796875,953.3351440429688
9.1953125,953.3239135742188
9.2109375,953.3196411132812
9.2265625,953.327880859375
9.2421875,953.3233642578125
9.2578125,953.3348388671875
9.2734375,953.319091796875
9.2890625,953.322021484375
9.3046875,953.3193359375
9.3203125,953.3229370117188
9.3359375,953.3226928710938
9.3515625,953.3192749023438
9.3671875,953.3169555664062
9.3828125,953.327392578125
9.3984375,953.321044921875
9.4140625,953.3135986328125
9.4296875,953.3050537109375
9.4453125,953.3038330078125
9.4609375,953.310302734375
9.4765625,953.3106689453125
9.4921875,953.2904663085938
9.5078125,953.3193359375
9.5234375,953.289794921875
9.5390625,953.29638671875
9.5546875,953.3151245117188
9.5703125,953.3130493164062
9.5859375,953.3024291992188
9.6015625,953.3090209960938
9.6171875,953.3011474609375
9.6328125,953.3179321289062
9.6484375,953.3176879882812
9.6640625,953.3150634765625
9.6796875,953.315673828125
9.6953125,953.2883911132812
9.7109375,953.2891235351562
9.7265625,953.310546875
9.7421875,953.3115234375
9.7578125,953.3070678710938
9.7734375,953.2915649414062
9.7890625,953.3098754882812
9.8046875,953.2876586914062
9.8203125,953.3058471679688
9.8359375,953.29248046875
9.8515625,953.2947998046875
9.8671875,953.3095703125
9.8828125,953.3143310546875
9.8984375,953.3251342773438
9.9140625,953.350341796875
9.9296875,953.3172607421875
9.9453125,953.2882690429688
9.9609375,953.3155517578125
9.9765625,953.3248291015625
9.9921875,953.3114624023438
10.0078125,953.2975463867188
10.0234375,953.3478393554688
10.0390625,953.3472290039062
10.0546875,953.3466796875
10.0703125,953.3641357421875
10.0859375,953.3114624023438
10.1015625,953.345458984375
10.1171875,953.3377075195312
10.1328125,953.3544311523438
10.1484375,953.3251342773438
10.1640625,953.3759765625
10.1796875,953.3696899414062
10.1953125,953.3765258789062
10.2109375,953.3480224609375
10.2265625,953.3468627929688
10.2421875,953.3322143554688
10.2578125,953.3485717773438
10.2734375,953.3759155273438
10.2890625,953.37646484375
10.3046875,953.3460083007812
10.3203125,953.3629760742188
10.3359375,953.3712158203125
10.3515625,953.3778076171875
10.3671875,953.363037109375
10.3828125,953.3753662109375
10.3984375,953.3756103515625
10.4140625,953.3820190429688
10.4296875,953.3740234375
10.4453125,953.3731079101562
10.4609375,953.3532104492188
10.4765625,953.378662109375
10.4921875,953.3861694335938
10.5078125,953.3683471679688
10.5234375,953.3645629882812
10.5390625,953.375732421875
10.5546875,953.3762817382812
10.5703125,953.3683471679688
10.5859375,953.376953125
10.6015625,953.3602294921875
10.6171875,953.3587036132812
10.6328125,953.3628540039062
10.6484375,953.3623046875
10.6640625,953.3706665039062
10.6796875,953.3779296875
10.6953125,953.3665161132812
10.7109375,953.350341796875
10.7265625,953.3602294921875
10.7421875,953.3609008789062
10.7578125,953.3571166992188
10.7734375,953.3564453125
10.7890625,953.3333129882812
10.8046875,953.34716796875
10.8203125,953.3565673828125
10.8359375,953.3583984375
10.8515625,953.3546142578125
10.8671875,953.3411254882812
10.8828125,953.335205078125
10.8984375,953.3331909179688
10.9140625,953.353271484375
10.9296875,953.3348999023438
10.9453125,953.3336791992188
10.9609375,953.3326416015625
10.9765625,953.346435546875
10.9921875,953.3326416015625
11.0078125,953.3363037109375
11.0234375,953.3324584960938
11.0390625,953.3370361328125
11.0546875,953.3348999023438
11.0703125,953.3318481445312
11.0859375,953.3307495117188
11.1015625,953.3567504882812
11.1171875,953.3245849609375
11.1328125,953.3206176757812
11.1484375,953.3243408203125
11.1640625,953.3070068359375
11.1796875,953.3145141601562
11.1953125,953.3156127929688
11.2109375,953.3298950195312
11.2265625,953.3185424804688
11.2421875,953.303955078125
11.2578125,953.315673828125
11.2734375,953.3029174804688
11.2890625,953.3126220703125
11.3046875,953.328125
11.3203125,953.2883911132812
11.3359375,953.3096923828125
11.3515625,953.3207397460938
11.3671875,953.3087158203125
11.3828125,953.3125610351562
11.3984375,953.3158569335938
11.4140625,953.3133544921875
11.4296875,953.2891845703125
11.4453125,953.3114624023438
11.4609375,953.294677734375
11.4765625,953.3119506835938
11.4921875,953.2853393554688
11.5078125,953.2821044921875
11.5234375,953.3056030273438
11.5390625,953.2876586914062
11.5546875,953.287841796875
11.5703125,953.28662109375
11.5859375,953.3069458007812
11.6015625,953.3031005859375
11.6171875,953.2871704101562
11.6328125,953.292724609375
11.6484375,953.3001098632812
11.6640625,953.2821044921875
11.6796875,953.2941284179688
11.6953125,953.3175659179688
11.7109375,953.316162109375
11.7265625,953.317626953125
11.7421875,953.2958984375
11.7578125,953.2903442382812
11.7734375,953.313232421875
11.7890625,953.3048095703125
11.8046875,953.31396484375
11.8203125,953.3204956054688
11.8359375,953.3244018554688
11.8515625,953.3150024414062
11.8671875,953.3247680664062
11.8828125,953.34912109375
11.8984375,953.3162231445312
11.9140625,953.323974609375
11.9296875,953.3438720703125
11.9453125,953.3197631835938
11.9609375,953.3443603515625
11.9765625,953.346923828125
11.9921875,953.3630981445312
12.0078125,953.3530883789062
12.0234375,953.3411254882812
12.0390625,953.3480224609375
12.0546875,953.3475341796875
12.0703125,953.3483276367188
12.0859375,953.35107421875
12.1015625,953.3696899414062
12.1171875,953.3436279296875
12.1328125,953.3568725585938
12.1484375,953.3519287109375
12.1640625,953.3505859375
12.1796875,953.3515625
12.1953125,953.3549194335938
12.2109375,953.353515625
12.2265625,953.364501953125
12.2421875,953.349365234375
12.2578125,953.3527221679688
12.2734375,953.3272705078125
12.2890625,953.3480224609375
12.3046875,953.3473510742188
12.3203125,953.3480224609375
12.3359375,953.3448486328125
12.3515625,953.3479614257812
12.3671875,953.3518676757812
12.3828125,953.3468627929688
12.3984375,953.3289794921875
12.4140625,953.31982421875
12.4296875,953.3510131835938
12.4453125,953.3284301757812
12.4609375,953.3351440429688
12.4765625,953.3264770507812
12.4921875,953.328125
12.5078125,953.3350830078125
12.5234375,953.3324584960938
12.5390625,953.3223876953125
12.5546875,953.3220825195312
12.5703125,953.3302001953125
12.5859375,953.323486328125
12.6015625,953.3322143554688
12.6171875,953.3287963867188
12.6328125,953.3290405273438
12.6484375,953.3352661132812
12.6640625,953.3223876953125
12.6796875,953.3219604492188
12.6953125,953.3207397460938
12.7109375,953.2914428710938
12.7265625,953.3182373046875
12.7421875,953.3172607421875
12.7578125,953.2984008789062
12.7734375,953.2974853515625
12.7890625,953.3247680664062
12.8046875,953.29052734375
12.8203125,953.3084106445312
12.8359375,953.303466796875
12.8515625,953.3035888671875
12.8671875,953.3020629882812
12.8828125,953.3150024414062
12.8984375,953.3119506835938
12.9140625,953.3175048828125
12.9296875,953.3176879882812
12.9453125,953.2969360351562
12.9609375,953.3087158203125
12.9765625,953.3087158203125
12.9921875,953.3104248046875
13.0078125,953.3133544921875
13.0234375,953.3074951171875
13.0390625,953.294921875
13.0546875,953.30419921875
13.0703125,953.2916259765625
13.0859375,953.2999267578125
13.1015625,953.2767944335938
13.1171875,953.2994384765625
13.1328125,953.2918701171875
13.1484375,953.3123168945312
13.1640625,953.2916259765625
13.1796875,953.2868041992188
13.1953125,953.2869262695312
13.2109375,953.2844848632812
13.2265625,953.2919921875
13.2421875,953.2913818359375
13.2578125,953.2857055664062
13.2734375,953.2808227539062
13.2890625,953.2998046875
13.3046875,953.2866821289062
13.3203125,953.292236328125
13.3359375,953.2919921875
13.3515625,953.2877197265625
13.3671875,953.2916870117188
13.3828125,953.2855224609375
13.3984375,953.2936401367188
13.4140625,953.278076171875
13.4296875,953.281982421875
13.4453125,953.2756958007812
13.4609375,953.30029296875
13.4765625,953.2844848632812
13.4921875,953.2808227539062
13.5078125,953.2717895507812
13.5234375,953.28515625
13.5390625,953.290771484375
13.5546875,953.2841186523438
13.5703125,953.2718505859375
13.5859375,953.2833862304688
13.6015625,953.2752075195312
13.6171875,953.2640380859375
13.6328125,953.27490234375
13.6484375,953.2824096679688
13.6640625,953.2828979492188
13.6796875,953.2854614257812
13.6953125,953.290771484375
13.7109375,953.2913818359375
13.7265625,953.2971801757812
13.7421875,953.3088989257812
13.7578125,953.2979736328125
13.7734375,953.292236328125
13.7890625,953.2928466796875
13.8046875,953.3214721679688
13.8203125,953.3140258789062
13.8359375,953.3102416992188
13.8515625,953.3036499023438
13.8671875,953.3146362304688
13.8828125,953.3173828125
13.8984375,953.3438720703125
13.9140625,953.3463745117188
13.9296875,953.341552734375
13.9453125,953.3595581054688
13.9609375,953.349609375
13.9765625,953.3455200195312
13.9921875,953.3455200195312
14.0078125,953.3228149414062
14.0234375,953.3668823242188
14.0390625,953.3231811523438
14.0546875,953.3480224609375
14.0703125,953.351318359375
14.0859375,953.3424072265625
14.1015625,953.3401489257812
14.1171875,953.346923828125
14.1328125,953.33154296875
14.1484375,953.3231811523438
14.1640625,953.3243408203125
14.1796875,953.330078125
14.1953125,953.3206176757812
14.2109375,953.3340454101562
14.2265625,953.3473510742188
14.2421875,953.3478393554688
14.2578125,953.3200073242188
14.2734375,953.3402709960938
14.2890625,953.3436279296875
14.3046875,953.3488159179688
14.3203125,953.32373046875
14.3359375,953.3333129882812
14.3515625,953.3372192382812
14.3671875,953.3488159179688
14.3828125,953.3473510742188
14.3984375,953.3507690429688
14.4140625,953.3677978515625
14.4296875,953.3364868164062
14.4453125,953.349609375
14.4609375,953.3530883789062
14.4765625,953.345703125
14.4921875,953.3411254882812
14.5078125,953.3504638671875
14.5234375,953.3494873046875
14.5390625,953.3365478515625
14.5546875,953.3262329101562
14.5703125,953.3499145507812
14.5859375,953.3267822265625
14.6015625,953.345458984375
14.6171875,953.3463134765625
14.6328125,953.3450317382812
14.6484375,953.3291015625
14.6640625,953.3175659179688
14.6796875,953.3469848632812
14.6953125,953.3331298828125
14.7109375,953.3168334960938
14.7265625,953.3195190429688
14.7421875,953.3190307617188
14.7578125,953.3087158203125
14.7734375,953.3253784179688
14.7890625,953.3131103515625
14.8046875,953.323974609375
14.8203125,953.311767578125
14.8359375,953.3145751953125
14.8515625,953.2876586914062
14.8671875,953.292724609375
14.8828125,953.2869262695312
14.8984375,953.3165893554688
14.9140625,953.313232421875
14.9296875,953.3209228515625
14.9453125,953.3148193359375
14.9609375,953.3046875
14.9765625,953.3045043945312
14.9921875,953.2860717773438
15.0078125,953.2852172851562
15.0234375,953.3028564453125
15.0390625,953.3016967773438
15.0546875,953.2985229492188
15.0703125,953.2822265625
15.0859375,953.2789916992188
15.1015625,953.3035888671875
15.1171875,953.2771606445312
15.1328125,953.3111572265625
15.1484375,953.2784423828125
15.1640625,953.290771484375
15.1796875,953.2921752929688
15.1953125,953.3094482421875
15.2109375,953.2841796875
15.2265625,953.2889404296875
15.2421875,953.3003540039062
15.2578125,953.2841796875
15.2734375,953.3050537109375
15.2890625,953.2863159179688
15.3046875,953.2967529296875
15.3203125,953.2833251953125
15.3359375,953.288330078125
15.3515625,953.296875
15.3671875,953.2816162109375
15.3828125,953.2891235351562
15.3984375,953.2852172851562
15.4140625,953.296142578125
15.4296875,953.284912109375
15.4453125,953.276123046875
15.4609375,953.27880859375
15.4765625,953.2807006835938
15.4921875,953.2877807617188
15.5078125,953.2725830078125
15.5234375,953.2762451171875
15.5390625,953.2732543945312
15.5546875,953.2783203125
15.5703125,953.2883911132812
15.5859375,953.2830810546875
15.6015625,953.27294921875
15.6171875,953.2824096679688
15.6328125,953.283935546875
15.6484375,953.27294921875
15.6640625,953.2713012695312
15.6796875,953.2794799804688
15.6953125,953.275390625
15.7109375,953.2681884765625
15.7265625,953.266845703125
15.7421875,953.2782592773438
15.7578125,953.2879638671875
15.7734375,953.2915649414062
15.7890625,953.2890625
15.8046875,953.3028564453125
15.8203125,953.3162841796875
15.8359375,953.2974243164062
15.8515625,953.2981567382812
15.8671875,953.3050537109375
15.8828125,953.3072509765625
15.8984375,953.3134155273438
15.9140625,953.3074951171875
15.9296875,953.2852172851562
15.9453125,953.2991333007812
15.9609375,953.3219604492188
15.9765625,953.3223876953125
15.9921875,953.3170166015625
16.0078125,953.3129272460938
16.0234375,953.3302001953125
16.0390625,953.328125
16.0546875,953.3220825195312
16.0703125,953.329345703125
16.0859375,953.3212890625
16.1015625,953.3048095703125
16.1171875,953.3109741210938
16.1328125,953.2925415039062
16.1484375,953.3087768554688
16.1640625,953.3234252929688
16.1796875,953.3226928710938
16.1953125,953.3169555664062
16.2109375,953.3084716796875
16.2265625,953.3268432617188
16.2421875,953.3161010742188
16.2578125,953.3468627929688
16.2734375,953.3273315429688
16.2890625,953.3150024414062
16.3046875,953.318359375
16.3203125,953.3148193359375
16.3359375,953.3164672851562
16.3515625,953.35107421875
16.3671875,953.3296508789062
16.3828125,953.3170776367188
16.3984375,953.3167724609375
16.4140625,953.329833984375
16.4296875,953.3150024414062
16.4453125,953.3486328125
16.4609375,953.330810546875
16.4765625,953.3250732421875
16.4921875,953.3483276367188
16.5078125,953.346923828125
16.5234375,953.3276977539062
16.5390625,953.3486328125
16.5546875,953.3302612304688
16.5703125,953.3137817382812
16.5859375,953.3088989257812
16.6015625,953.314453125
16.6171875,953.3313598632812
16.6328125,953.3140258789062
16.6484375,953.3125610351562
16.6640625,953.3130493164062
16.6796875,953.3232421875
16.6953125,953.3056030273438
16.7109375,953.31591796875
16.7265625,953.2991333007812
16.7421875,953.298095703125
16.7578125,953.3051147460938
16.7734375,953.315185546875
16.7890625,953.3154296875
16.8046875,953.3146362304688
16.8203125,953.3161010742188
16.8359375,953.3184814453125
16.8515625,953.3168334960938
16.8671875,953.3052978515625
16.8828125,953.3082885742188
16.8984375,953.3157348632812
16.9140625,953.31591796875
16.9296875,953.30615234375
16.9453125,953.3146362304688
16.9609375,953.3226928710938
16.9765625,953.3161010742188
16.9921875,953.3087158203125
17.0078125,953.2942504882812
17.0234375,953.3203125
17.0390625,953.2866821289062
17.0546875,953.304443359375
17.0703125,953.29443359375
17.0859375,953.308349609375
17.1015625,953.3062133789062
17.1171875,953.3154296875
17.1328125,953.3053588867188
17.1484375,953.3042602539062
17.1640625,953.29833984375
17.1796875,953.3092651367188
17.1953125,953.2990112304688
17.2109375,953.30419921875
17.2265625,953.3087158203125
17.2421875,953.3145141601562
17.2578125,953.3012084960938
17.2734375,953.3050537109375
17.2890625,953.3046875
17.3046875,953.3148803710938
17.3203125,953.2981567382812
17.3359375,953.3032836914062
17.3515625,953.3089599609375
17.3671875,953.2928466796875
17.3828125,953.304443359375
17.3984375,953.3045043945312
17.4140625,953.298828125
17.4296875,953.3023071289062
17.4453125,953.316162109375
17.4609375,953.278564453125
17.4765625,953.2802124023438
17.4921875,953.2919311523438
17.5078125,953.2921752929688
17.5234375,953.2930908203125
17.5390625,953.309326171875
17.5546875,953.3692016601562
17.5703125,953.4437866210938
17.5859375,953.42919921875
17.6015625,953.4598999023438
17.6171875,953.4575805664062
17.6328125,953.4442138671875
17.6484375,953.4934692382812
17.6640625,953.510498046875
17.6796875,953.5341186523438
17.6953125,953.4540405273438
17.7109375,953.4989624023438
17.7265625,953.4910888671875
17.7421875,953.4728393554688
17.7578125,953.4515380859375
17.7734375,953.5009765625
17.7890625,953.465576171875
17.8046875,953.4750366210938
17.8203125,953.411376953125
17.8359375,953.4950561523438
17.8515625,953.5810546875
17.8671875,953.5237426757812
17.8828125,953.5185546875
17.8984375,953.44140625
17.9140625,953.3809814453125
17.9296875,953.4325561523438
17.9453125,953.5238647460938
17.9609375,953.4664916992188
17.9765625,953.3717041015625
17.9921875,953.3845825195312
18.0078125,953.3817749023438
18.0234375,953.4090576171875
18.0390625,953.3974609375
18.0546875,953.41357421875
18.0703125,953.3748779296875
18.0859375,953.3673706054688
18.1015625,953.4189453125
18.1171875,953.410888671875
18.1328125,953.3897705078125
18.1484375,953.3614501953125
18.1640625,953.382568359375
18.1796875,953.3566284179688
18.1953125,953.4181518554688
18.2109375,953.357421875
18.2265625,953.4297485351562
18.2421875,953.4620971679688
18.2578125,953.3180541992188
18.2734375,953.3224487304688
18.2890625,953.3297729492188
18.3046875,953.3189697265625
18.3203125,953.3013305664062
18.3359375,953.2999877929688
18.3515625,953.3204956054688
18.3671875,953.3289794921875
18.3828125,953.2911376953125
18.3984375,953.2930297851562
18.4140625,953.293701171875
18.4296875,953.31787109375
18.4453125,953.3114013671875
18.4609375,953.3056030273438
18.4765625,953.2910766601562
18.4921875,953.3109741210938
18.5078125,953.317138671875
18.5234375,953.2864379882812
18.5390625,953.291015625
18.5546875,953.2911987304688
18.5703125,953.2924194335938
18.5859375,953.2723999023438
18.6015625,953.2953491210938
18.6171875,953.2777709960938
18.6328125,953.2823486328125
18.6484375,953.2846069335938
18.6640625,953.2784423828125
18.6796875,953.2926635742188
18.6953125,953.2841186523438
18.7109375,953.276611328125
18.7265625,953.2767944335938
18.7421875,953.28662109375
18.7578125,953.2817993164062
18.7734375,953.282958984375
18.7890625,953.2794189453125
18.8046875,953.2778930664062
18.8203125,953.264892578125
18.8359375,953.2677001953125
18.8515625,953.2816162109375
18.8671875,953.27880859375
18.8828125,953.2706909179688
18.8984375,953.2713012695312
18.9140625,953.2759399414062
18.9296875,953.2688598632812
18.9453125,953.2758178710938
18.9609375,953.2765502929688
18.9765625,953.2755126953125
18.9921875,953.2754516601562
19.0078125,953.2648315429688
19.0234375,953.2706298828125
19.0390625,953.265625
19.0546875,953.2772216796875
19.0703125,953.2637939453125
19.0859375,953.2637939453125
19.1015625,953.2632446289062
19.1171875,953.2733154296875
19.1328125,953.2704467773438
19.1484375,953.266845703125
19.1640625,953.2619018554688
19.1796875,953.2640991210938
19.1953125,953.259765625
19.2109375,953.2528076171875
19.2265625,953.2687377929688
19.2421875,953.2699584960938
19.2578125,953.250732421875
19.2734375,953.2623291015625
19.2890625,953.2582397460938
19.3046875,953.264404296875
19.3203125,953.2633666992188
19.3359375,953.2694091796875
19.3515625,953.2656860351562
19.3671875,953.2704467773438
19.3828125,953.2492065429688
19.3984375,953.2734985351562
19.4140625,953.277099609375
19.4296875,953.29833984375
19.4453125,953.3092651367188
19.4609375,953.2996826171875
19.4765625,953.323486328125
19.4921875,953.4718627929688
19.5078125,953.4921875
19.5234375,953.4964599609375
19.5390625,953.5174560546875
19.5546875,953.64599609375
19.5703125,953.5447387695312
19.5859375,953.6072998046875
19.6015625,953.6424560546875
19.6171875,953.5430908203125
19.6328125,953.6741943359375
19.6484375,953.5584106445312
19.6640625,953.4815673828125
19.6796875,953.5636596679688
19.6953125,953.5184936523438
19.7109375,953.5146484375
19.7265625,953.4942016601562
19.7421875,953.5145874023438
19.7578125,953.5291137695312
19.7734375,953.49365234375
19.7890625,953.5182495117188
19.8046875,953.531982421875
19.8203125,953.5193481445312
19.8359375,953.44921875
19.8515625,953.5162963867188
19.8671875,953.4871826171875
19.8828125,953.4819946289062
19.8984375,953.5516357421875
19.9140625,953.5276489257812
19.9296875,953.488037109375
19.9453125,953.4263305664062
19.9609375,953.5556640625
19.9765625,953.4872436523438
19.9921875,953.4451904296875
20.0078125,953.4515380859375
20.0234375,953.485107421875
20.0390625,953.4813842773438
20.0546875,953.4099731445312
20.0703125,953.4422607421875
20.0859375,953.41552734375
20.1015625,953.4103393554688
20.1171875,953.3758544921875
20.1328125,953.376220703125
20.1484375,953.3731689453125
20.1640625,953.4199829101562
20.1796875,953.3751220703125
20.1953125,953.3776245117188
20.2109375,953.358642578125
20.2265625,953.3458862304688
20.2421875,953.3577880859375
20.2578125,953.3609008789062
20.2734375,953.3343505859375
20.2890625,953.3256225585938
20.3046875,953.349365234375
20.3203125,953.3333129882812
20.3359375,953.3333129882812
20.3515625,953.3577270507812
20.3671875,953.2973022460938
20.3828125,953.32763671875
20.3984375,953.3256225585938
20.4140625,953.3280029296875
20.4296875,953.3026123046875
20.4453125,953.316162109375
20.4609375,953.3012084960938
20.4765625,953.3256225585938
20.4921875,953.3148803710938
20.5078125,953.3198852539062
20.5234375,953.3018798828125
20.5390625,953.300537109375
20.5546875,953.3013916015625
20.5703125,953.3204345703125
20.5859375,953.3131713867188
20.6015625,953.2939453125
20.6171875,953.3064575195312
20.6328125,953.3106079101562
20.6484375,953.301513671875
20.6640625,953.305908203125
20.6796875,953.3091430664062
20.6953125,953.3038940429688
20.7109375,953.3049926757812
20.7265625,953.3112182617188
20.7421875,953.2943725585938
20.7578125,953.310302734375
20.7734375,953.2896728515625
20.7890625,953.2965698242188
20.8046875,953.2963256835938
20.8203125,953.2843017578125
20.8359375,953.2853393554688
20.8515625,953.2815551757812
20.8671875,953.2741088867188
20.8828125,953.27685546875
20.8984375,953.2862548828125
20.9140625,953.2796020507812
20.9296875,953.2841796875
20.9453125,953.2908935546875
20.9609375,953.2734375
20.9765625,953.2903442382812
20.9921875,953.2816162109375
21.0078125,953.27099609375
21.0234375,953.2698974609375
21.0390625,953.2630004882812
21.0546875,953.263671875
21.0703125,953.279052734375
21.0859375,953.2670288085938
21.1015625,953.2816772460938
21.1171875,953.2763061523438
21.1328125,953.292724609375
21.1484375,953.2828979492188
21.1640625,953.2709350585938
21.1796875,953.265380859375
21.1953125,953.2759399414062
21.2109375,953.2778930664062
21.2265625,953.2776489257812
21.2421875,953.276123046875
21.2578125,953.274169921875
21.2734375,953.2720947265625
21.2890625,953.2698364257812
21.3046875,953.2742919921875
21.3203125,953.2681274414062
21.3359375,953.2811279296875
21.3515625,953.2810668945312
21.3671875,953.2843017578125
21.3828125,953.3477783203125
21.3984375,953.3843383789062
21.4140625,953.40625
21.4296875,953.5913696289062
21.4453125,953.5283203125
21.4609375,953.5997314453125
21.4765625,953.6740112304688
21.4921875,953.6478881835938
21.5078125,953.7006225585938
21.5234375,953.7062377929688
21.5390625,953.7924194335938
21.5546875,953.7935791015625
21.5703125,953.7160034179688
21.5859375,953.7733154296875
21.6015625,953.79296875
21.6171875,953.7024536132812
21.6328125,953.7171630859375
21.6484375,953.6625366210938
21.6640625,953.67529296875
21.6796875,953.7565307617188
21.6953125,953.6170654296875
21.7109375,953.6864624023438
21.7265625,953.6439819335938
21.7421875,953.8128662109375
21.7578125,953.7639770507812
21.7734375,953.6213989257812
21.7890625,953.5982055664062
21.8046875,953.638427734375
21.8203125,953.6564331054688
21.8359375,953.645263671875
21.8515625,953.7931518554688
21.8671875,953.6964721679688
21.8828125,953.6333618164062
21.8984375,953.5668334960938
21.9140625,953.5692138671875
21.9296875,953.69921875
21.9453125,953.6124267578125
21.9609375,953.6149291992188
21.9765625,953.5744018554688
21.9921875,953.5419311523438
22.0078125,953.5706176757812
22.0234375,953.5712280273438
22.0390625,953.5252685546875
22.0546875,953.5100708007812
22.0703125,953.605224609375
22.0859375,953.5315551757812
22.1015625,953.5001220703125
22.1171875,953.5374145507812
22.1328125,953.4943237304688
22.1484375,953.456298828125
22.1640625,953.4768676757812
22.1796875,953.4049072265625
22.1953125,953.4063110351562
22.2109375,953.3917236328125
22.2265625,953.40576171875
22.2421875,953.3702392578125
22.2578125,953.374267578125
22.2734375,953.3600463867188
22.2890625,953.349609375
22.3046875,953.3530883789062
22.3203125,953.3667602539062
22.3359375,953.375
22.3515625,953.350830078125
22.3671875,953.3457641601562
22.3828125,953.3507690429688
22.3984375,953.3390502929688
22.4140625,953.3387451171875
22.4296875,953.3428955078125
22.4453125,953.339111328125
22.4609375,953.3173217773438
22.4765625,953.3468627929688
22.4921875,953.3460693359375
22.5078125,953.3380126953125
22.5234375,953.3391723632812
22.5390625,953.3318481445312
22.5546875,953.3203735351562
22.5703125,953.338623046875
22.5859375,953.3442993164062
22.6015625,953.3309936523438
22.6171875,953.3370971679688
22.6328125,953.3357543945312
22.6484375,953.3328857421875
22.6640625,953.3165893554688
22.6796875,953.3058471679688
22.6953125,953.3206787109375
22.7109375,953.3305053710938
22.7265625,953.3307495117188
22.7421875,953.305419921875
22.7578125,953.3009033203125
22.7734375,953.321533203125
22.7890625,953.291015625
22.8046875,953.3107299804688
22.8203125,953.3072509765625
22.8359375,953.3223266601562
22.8515625,953.3013305664062
22.8671875,953.3125
22.8828125,953.301513671875
22.8984375,953.2913818359375
22.9140625,953.29296875
22.9296875,953.2897338867188
22.9453125,953.3052368164062
22.9609375,953.3212280273438
22.9765625,953.3013916015625
22.9921875,953.3017578125
23.0078125,953.2991333007812
23.0234375,953.2888793945312
23.0390625,953.2971801757812
23.0546875,953.2982788085938
23.0703125,953.298583984375
23.0859375,953.3141479492188
23.1015625,953.2889404296875
23.1171875,953.2875366210938
23.1328125,953.3053588867188
23.1484375,953.2900390625
23.1640625,953.3031616210938
23.1796875,953.3016357421875
23.1953125,953.289794921875
23.2109375,953.3204956054688
23.2265625,953.3267211914062
23.2421875,953.3953857421875
23.2578125,953.5723876953125
23.2734375,953.5865478515625
23.2890625,953.643798828125
23.3046875,953.6095581054688
23.3203125,953.697265625
23.3359375,953.5156860351562
23.3515625,953.6447143554688
23.3671875,953.612548828125
23.3828125,953.6722412109375
23.3984375,953.795654296875
23.4140625,953.6948852539062
23.4296875,953.8077392578125
23.4453125,953.8209838867188
23.4609375,953.6234130859375
23.4765625,953.8350830078125
23.4921875,953.6430053710938
23.5078125,953.7631225585938
23.5234375,953.86279296875
23.5390625,953.787109375
23.5546875,953.7565307617188
23.5703125,953.7938232421875
23.5859375,953.687255859375
23.6015625,953.693359375
23.6171875,953.7461547851562
23.6328125,953.6728515625
23.6484375,953.7017211914062
23.6640625,953.690185546875
23.6796875,953.5978393554688
23.6953125,953.6253051757812
23.7109375,953.7426147460938
23.7265625,953.8333129882812
23.7421875,953.8125610351562
23.7578125,953.5784912109375
23.7734375,953.7247924804688
23.7890625,953.6331176757812
23.8046875,953.5678100585938
23.8203125,953.5855102539062
23.8359375,953.6289672851562
23.8515625,953.6110229492188
23.8671875,953.5823974609375
23.8828125,953.5589599609375
23.8984375,953.5182495117188
23.9140625,953.532958984375
23.9296875,953.5321655273438
23.9453125,953.5324096679688
23.9609375,953.5770874023438
23.9765625,953.6253051757812
23.9921875,953.489501953125
24.0078125,953.4632568359375
24.0234375,953.4680786132812
24.0390625,953.4266357421875
24.0546875,953.42529296875
24.0703125,953.421142578125
24.0859375,953.3977661132812
24.1015625,953.4049682617188
24.1171875,953.4021606445312
24.1328125,953.3983154296875
24.1484375,953.399658203125
24.1640625,953.3574829101562
24.1796875,953.3701171875
24.1953125,953.3587036132812
24.2109375,953.361328125
24.2265625,953.353515625
24.2421875,953.3736572265625
24.2578125,953.3482666015625
24.2734375,953.3480834960938
24.2890625,953.340576171875
24.3046875,953.3600463867188
24.3203125,953.3478393554688
24.3359375,953.3392944335938
24.3515625,953.34765625
24.3671875,953.3460083007812
24.3828125,953.3101196289062
24.3984375,953.328125
24.4140625,953.3296508789062
24.4296875,953.3405151367188
24.4453125,953.339599609375
24.4609375,953.337158203125
24.4765625,953.3270874023438
24.4921875,953.3382568359375
24.5078125,953.3421020507812
24.5234375,953.3302001953125
24.5390625,953.335693359375
24.5546875,953.313720703125
24.5703125,953.3404541015625
24.5859375,953.3338012695312
24.6015625,953.3331298828125
24.6171875,953.3305053710938
24.6328125,953.3430786132812
24.6484375,953.3385009765625
24.6640625,953.32568359375
24.6796875,953.3379516601562
24.6953125,953.3380737304688
24.7109375,953.3323364257812
24.7265625,953.3345947265625
24.7421875,953.31591796875
24.7578125,953.3314819335938
24.7734375,953.3203735351562
24.7890625,953.321044921875
24.8046875,953.3187255859375
24.8203125,953.3348999023438
24.8359375,953.3067626953125
24.8515625,953.3060913085938
24.8671875,953.3079223632812
24.8828125,953.3189697265625
24.8984375,953.3051147460938
24.9140625,953.3104248046875
24.9296875,953.31640625
24.9453125,953.3008422851562
24.9609375,953.3338012695312
24.9765625,953.3088989257812
24.9921875,953.3074951171875
25.0078125,953.3110961914062
25.0234375,953.3097534179688
25.0390625,953.329833984375
25.0546875,953.2974853515625
25.0703125,953.3158569335938
25.0859375,953.302001953125
25.1015625,953.315673828125
25.1171875,953.3047485351562
25.1328125,953.3130493164062
25.1484375,953.3173217773438
25.1640625,953.3178100585938
25.1796875,953.2979736328125
25.1953125,953.3092041015625
25.2109375,953.298828125
25.2265625,953.3065185546875
25.2421875,953.2896118164062
25.2578125,953.2853393554688
25.2734375,953.330810546875
25.2890625,953.4102172851562
25.3046875,953.469482421875
25.3203125,953.5516357421875
25.3359375,953.6112060546875
25.3515625,953.7677612304688
25.3671875,953.7711791992188
25.3828125,953.7095336914062
25.3984375,953.6734008789062
25.4140625,953.671142578125
25.4296875,953.7710571289062
25.4453125,953.8034057617188
25.4609375,953.7249145507812
25.4765625,953.7646484375
25.4921875,953.8219604492188
25.5078125,953.8294067382812
25.5234375,953.7697143554688
25.5390625,953.6979370117188
25.5546875,953.59765625
25.5703125,953.610107421875
25.5859375,953.7272338867188
25.6015625,953.5623168945312
25.6171875,953.6884155273438
25.6328125,953.6337890625
25.6484375,953.5264892578125
25.6640625,953.5809326171875
25.6796875,953.5426635742188
25.6953125,953.5895385742188
25.7109375,953.516845703125
25.7265625,953.6065673828125
25.7421875,953.518310546875
25.7578125,953.620849609375
25.7734375,953.5159912109375
25.7890625,953.5400390625
25.8046875,953.4869384765625
25.8203125,953.4805297851562
25.8359375,953.5272216796875
25.8515625,953.4803466796875
25.8671875,953.4298095703125
25.8828125,953.489501953125
25.8984375,953.44873046875
25.9140625,953.4822387695312
25.9296875,953.4165649414062
25.9453125,953.5491943359375
25.9609375,953.474609375
25.9765625,953.43359375
25.9921875,953.4227294921875
26.0078125,953.426513671875
26.0234375,953.4385986328125
26.0390625,953.3836669921875
26.0546875,953.4551391601562
26.0703125,953.4567260742188
26.0859375,953.4231567382812
26.1015625,953.401611328125
26.1171875,953.4364013671875
26.1328125,953.436279296875
26.1484375,953.4057006835938
26.1640625,953.4273071289062
26.1796875,953.3949584960938
26.1953125,953.4049072265625
26.2109375,953.3707885742188
26.2265625,953.4034423828125
26.2421875,953.3812866210938
26.2578125,953.3706665039062
26.2734375,953.3789672851562
26.2890625,953.386474609375
26.3046875,953.3828125
26.3203125,953.373046875
26.3359375,953.3657836914062
26.3515625,953.3817138671875
26.3671875,953.3682861328125
26.3828125,953.3759155273438
26.3984375,953.3828735351562
26.4140625,953.3688354492188
26.4296875,953.3535766601562
26.4453125,953.3568725585938
26.4609375,953.3756713867188
26.4765625,953.3712768554688
26.4921875,953.3775024414062
26.5078125,953.3659057617188
26.5234375,953.368896484375
26.5390625,953.365234375
26.5546875,953.3480834960938
26.5703125,953.3627319335938
26.5859375,953.369873046875
26.6015625,953.3577880859375
26.6171875,953.3739013671875
26.6328125,953.366943359375
26.6484375,953.3547973632812
26.6640625,953.3549194335938
26.6796875,953.3400268554688
26.6953125,953.3502197265625
26.7109375,953.3540649414062
26.7265625,953.327880859375
26.7421875,953.317138671875
26.7578125,953.3524780273438
26.7734375,953.3374633789062
26.7890625,953.3563842773438
26.8046875,953.33154296875
26.8203125,953.32568359375
26.8359375,953.3358154296875
26.8515625,953.3436279296875
26.8671875,953.3246459960938
26.8828125,953.3406982421875
26.8984375,953.3350830078125
26.9140625,953.32177734375
26.9296875,953.350830078125
26.9453125,953.3282470703125
26.9609375,953.3383178710938
26.9765625,953.3375854492188
26.9921875,953.34326171875
27.0078125,953.3402709960938
27.0234375,953.3161010742188
27.0390625,953.34326171875
27.0546875,953.3349609375
27.0703125,953.3410034179688
27.0859375,953.3407592773438
27.1015625,953.3433227539062
27.1171875,953.3228149414062
27.1328125,953.34130859375
27.1484375,953.3379516601562
27.1640625,953.3831176757812
27.1796875,953.4166259765625
27.1953125,953.4320068359375
27.2109375,953.3862915039062
27.2265625,953.4110107421875
27.2421875,953.4764404296875
27.2578125,953.440185546875
27.2734375,953.4730834960938
27.2890625,953.4505004882812
27.3046875,953.4699096679688
27.3203125,953.4102783203125
27.3359375,953.4420166015625
27.3515625,953.3937377929688
27.3671875,953.4524536132812
27.3828125,953.3219604492188
27.3984375,953.40966796875
27.4140625,953.391845703125
27.4296875,953.3916015625
27.4453125,953.3109130859375
27.4609375,953.4147338867188
27.4765625,953.3114013671875
27.4921875,953.293701171875
27.5078125,953.4142456054688
27.5234375,953.3477783203125
27.5390625,953.325439453125
27.5546875,953.3999633789062
27.5703125,953.359375
27.5859375,953.3477783203125
27.6015625,953.3499755859375
27.6171875,953.349365234375
27.6328125,953.3613891601562
27.6484375,953.4034423828125
27.6640625,953.4083862304688
27.6796875,953.3684692382812
27.6953125,953.3895263671875
27.7109375,953.497802734375
27.7265625,953.4210815429688
27.7421875,953.4066772460938
27.7578125,953.4188842773438
27.7734375,953.4453125
27.7890625,953.4487915039062
27.8046875,953.3648071289062
27.8203125,953.4072265625
27.8359375,953.3687133789062
27.8515625,953.3688354492188
27.8671875,953.383544921875
27.8828125,953.380615234375
27.8984375,953.3655395507812
27.9140625,953.3712768554688
27.9296875,953.3687133789062
27.9453125,953.3613891601562
27.9609375,953.3773193359375
27.9765625,953.3701171875
27.9921875,953.3673706054688
28.0078125,953.3677368164062
28.0234375,953.361328125
28.0390625,953.3654174804688
28.0546875,953.341552734375
28.0703125,953.338623046875
28.0859375,953.3399658203125
28.1015625,953.3662109375
28.1171875,953.3471069335938
28.1328125,953.3533935546875
28.1484375,953.37060546875
28.1640625,953.3670043945312
28.1796875,953.3567504882812
28.1953125,953.358642578125
28.2109375,953.3380126953125
28.2265625,953.3490600585938
28.2421875,953.36279296875
28.2578125,953.3326416015625
28.2734375,953.3324584960938
28.2890625,953.3348388671875
28.3046875,953.3299560546875
28.3203125,953.3306884765625
28.3359375,953.3556518554688
28.3515625,953.348876953125
28.3671875,953.341796875
28.3828125,953.3344116210938
28.3984375,953.3361206054688
28.4140625,953.3583984375
28.4296875,953.3438110351562
28.4453125,953.3557739257812
28.4609375,953.3408203125
28.4765625,953.3473510742188
28.4921875,953.3302001953125
28.5078125,953.3618774414062
28.5234375,953.3527221679688
28.5390625,953.3528442382812
28.5546875,953.3519287109375
28.5703125,953.349609375
28.5859375,953.3512573242188
28.6015625,953.3514404296875
28.6171875,953.3565673828125
28.6328125,953.3396606445312
28.6484375,953.3490600585938
28.6640625,953.3198852539062
28.6796875,953.3377685546875
28.6953125,953.3426513671875
28.7109375,953.3190307617188
28.7265625,953.3410034179688
28.7421875,953.3458251953125
28.7578125,953.3396606445312
28.7734375,953.316162109375
28.7890625,953.343505859375
28.8046875,953.329345703125
28.8203125,953.3281860351562
28.8359375,953.321044921875
28.8515625,953.323974609375
28.8671875,953.3212280273438
28.8828125,953.3134765625
28.8984375,953.3341674804688
28.9140625,953.3134765625
28.9296875,953.308349609375
28.9453125,953.32958984375
28.9609375,953.3487548828125
28.9765625,953.3571166992188
28.9921875,953.4586791992188
29.0078125,953.439453125
29.0234375,953.461669921875
29.0390625,953.481201171875
29.0546875,953.4925537109375
29.0703125,953.5062255859375
29.0859375,953.4640502929688
29.1015625,953.5941162109375
29.1171875,953.5421752929688
29.1328125,953.5117797851562
29.1484375,953.41357421875
29.1640625,953.4635009765625
29.1796875,953.4203491210938
29.1953125,953.44482421875
29.2109375,953.4865112304688
29.2265625,953.4852294921875
29.2421875,953.4556884765625
29.2578125,953.5428466796875
29.2734375,953.389404296875
29.2890625,953.40966796875
29.3046875,953.3739624023438
29.3203125,953.4208374023438
29.3359375,953.5444946289062
29.3515625,953.4605102539062
29.3671875,953.4594116210938
29.3828125,953.469482421875
29.3984375,953.5279541015625
29.4140625,953.4574584960938
29.4296875,953.5209350585938
29.4453125,953.4506225585938
29.4609375,953.5862426757812
29.4765625,953.535888671875
29.4921875,953.4171142578125
29.5078125,953.4987182617188
29.5234375,953.4860229492188
29.5390625,953.5224609375
29.5546875,953.5140991210938
29.5703125,953.5159912109375
29.5859375,953.4556274414062
29.6015625,953.5030517578125
29.6171875,953.4462280273438
29.6328125,953.4895629882812
29.6484375,953.47412109375
29.6640625,953.5462036132812
29.6796875,953.4492797851562
29.6953125,953.4989624023438
29.7109375,953.4287109375
29.7265625,953.4737548828125
29.7421875,953.5556030273438
29.7578125,953.4654541015625
29.7734375,953.471923828125
29.7890625,953.4562377929688
29.8046875,953.424560546875
29.8203125,953.4165649414062
29.8359375,953.3960571289062
29.8515625,953.4144287109375
29.8671875,953.357421875
29.8828125,953.3906860351562
29.8984375,953.3702392578125
29.9140625,953.3698120117188
29.9296875,953.3630981445312
29.9453125,953.3668823242188
29.9609375,953.3344116210938
29.9765625,953.35302734375
29.9921875,953.3553466796875
30.0078125,953.3549194335938
30.0234375,953.3321533203125
30.0390625,953.3507690429688
30.0546875,953.3301391601562
30.0703125,953.3229370117188
30.0859375,953.3502807617188
30.1015625,953.3434448242188
30.1171875,953.3228149414062
30.1328125,953.3270263671875
30.1484375,953.3229370117188
30.1640625,953.323486328125
30.1796875,953.3348388671875
30.1953125,953.3214111328125
30.2109375,953.3162231445312
30.2265625,953.3322143554688
30.2421875,953.3193359375
30.2578125,953.326904296875
30.2734375,953.3257446289062
30.2890625,953.3361206054688
30.3046875,953.3405151367188
30.3203125,953.3318481445312
30.3359375,953.31396484375
30.3515625,953.3212890625
30.3671875,953.3287963867188
30.3828125,953.322998046875
30.3984375,953.3165283203125
30.4140625,953.335205078125
30.4296875,953.3349609375
30.4453125,953.341552734375
30.4609375,953.31591796875
30.4765625,953.3256225585938
30.4921875,953.3312377929688
30.5078125,953.3283081054688
30.5234375,953.3271484375
30.5390625,953.314208984375
30.5546875,953.3179321289062
30.5703125,953.3331909179688
30.5859375,953.321044921875
30.6015625,953.329833984375
30.6171875,953.3304443359375
30.6328125,953.3325805664062
30.6484375,953.3292236328125
30.6640625,953.3290405273438
30.6796875,953.3334350585938
30.6953125,953.3175048828125
30.7109375,953.3303833007812
30.7265625,953.3176879882812
30.7421875,953.3096923828125
30.7578125,953.3125
30.7734375,953.3048095703125
30.7890625,953.3240356445312
30.8046875,953.31640625
30.8203125,953.3247680664062
30.8359375,953.3405151367188
30.8515625,953.3370361328125
30.8671875,953.3407592773438
30.8828125,953.5294799804688
30.8984375,953.5333251953125
30.9140625,953.5216064453125
30.9296875,953.5545043945312
30.9453125,953.6254272460938
30.9609375,953.6038818359375
30.9765625,953.716796875
30.9921875,953.5810546875
31.0078125,953.5686645507812
31.0234375,953.6223754882812
31.0390625,953.5728149414062
31.0546875,953.7052001953125
31.0703125,953.6156005859375
31.0859375,953.5040283203125
31.1015625,953.55078125
31.1171875,953.634765625
31.1328125,953.59375
31.1484375,953.6116943359375
31.1640625,953.5922241210938
31.1796875,953.7669067382812
31.1953125,953.6558227539062
31.2109375,953.7363891601562
31.2265625,953.6370849609375
31.2421875,953.65625
31.2578125,953.6635131835938
31.2734375,953.5492553710938
31.2890625,953.6488037109375
31.3046875,953.6541137695312
31.3203125,953.6840209960938
31.3359375,953.6072387695312
31.3515625,953.6145629882812
31.3671875,953.5659790039062
31.3828125,953.6141967773438
31.3984375,953.5502319335938
31.4140625,953.6161499023438
31.4296875,953.6021728515625
31.4453125,953.62451171875
31.4609375,953.5855102539062
31.4765625,953.6946411132812
31.4921875,953.70654296875
31.5078125,953.6364135742188
31.5234375,953.5369873046875
31.5390625,953.5919189453125
31.5546875,953.5167846679688
31.5703125,953.5122680664062
31.5859375,953.5167846679688
31.6015625,953.4426879882812
31.6171875,953.4398803710938
31.6328125,953.4361572265625
31.6484375,953.4044799804688
31.6640625,953.384033203125
31.6796875,953.37841796875
31.6953125,953.3789672851562
31.7109375,953.3634643554688
31.7265625,953.3541870117188
31.7421875,953.3500366210938
31.7578125,953.3490600585938
31.7734375,953.356689453125
31.7890625,953.3383178710938
31.8046875,953.3343505859375
31.8203125,953.3449096679688
31.8359375,953.3367919921875
31.8515625,953.3259887695312
31.8671875,953.3555297851562
31.8828125,953.341064453125
31.8984375,953.3446655273438
31.9140625,953.3373413085938
31.9296875,953.3396606445312
31.9453125,953.3165283203125
31.9609375,953.3344116210938
31.9765625,953.3192749023438
31.9921875,953.3198852539062
32.0078125,953.3301391601562
32.0234375,953.3318481445312
32.0390625,953.3184204101562
32.0546875,953.3194580078125
32.0703125,953.3226928710938
32.0859375,953.3257446289062
32.1015625,953.30615234375
32.1171875,953.3330078125
32.1328125,953.2981567382812
32.1484375,953.2992553710938
32.1640625,953.3079223632812
32.1796875,953.3082885742188
32.1953125,953.3099975585938
32.2109375,953.30859375
32.2265625,953.3125
32.2421875,953.3147583007812
32.2578125,953.3009033203125
32.2734375,953.2944946289062
32.2890625,953.2953491210938
32.3046875,953.3012084960938
32.3203125,953.2996826171875
32.3359375,953.2866821289062
32.3515625,953.2997436523438
32.3671875,953.2908325195312
32.3828125,953.301513671875
32.3984375,953.3065185546875
32.4140625,953.2970581054688
32.4296875,953.3053588867188
32.4453125,953.3033447265625
32.4609375,953.2827758789062
32.4765625,953.2928466796875
32.4921875,953.3001098632812
32.5078125,953.3031005859375
32.5234375,953.2969360351562
32.5390625,953.2989501953125
32.5546875,953.29833984375
32.5703125,953.292236328125
32.5859375,953.2892456054688
32.6015625,953.3095092773438
32.6171875,953.291015625
32.6328125,953.2928466796875
32.6484375,953.3063354492188
32.6640625,953.3020629882812
32.6796875,953.3031005859375
32.6953125,953.3439331054688
32.7109375,953.378173828125
32.7265625,953.4108276367188
32.7421875,953.489013671875
32.7578125,953.4841918945312
32.7734375,953.475830078125
32.7890625,953.6971435546875
32.8046875,953.6546020507812
32.8203125,953.5922241210938
32.8359375,953.6990966796875
32.8515625,953.68505859375
32.8671875,953.5421752929688
32.8828125,953.6246948242188
32.8984375,953.5626831054688
32.9140625,953.6643676757812
32.9296875,953.5696411132812
32.9453125,953.6686401367188
32.9609375,953.7160034179688
32.9765625,953.7344360351562
32.9921875,953.5860595703125
33.0078125,953.7232055664062
33.0234375,953.604248046875
33.0390625,953.6474609375
33.0546875,953.6908569335938
33.0703125,953.67724609375
33.0859375,953.5753784179688
33.1015625,953.5650024414062
33.1171875,953.662841796875
33.1328125,953.7182006835938
33.1484375,953.6066284179688
33.1640625,953.509521484375
33.1796875,953.483154296875
33.1953125,953.5672607421875
33.2109375,953.4788208007812
33.2265625,953.469970703125
33.2421875,953.4400024414062
33.2578125,953.427001953125
33.2734375,953.38427734375
33.2890625,953.3815307617188
33.3046875,953.3480224609375
33.3203125,953.348388671875
33.3359375,953.3493041992188
33.3515625,953.34716796875
33.3671875,953.3497924804688
33.3828125,953.337890625
33.3984375,953.3338012695312
33.4140625,953.3283081054688
33.4296875,953.3286743164062
33.4453125,953.3502197265625
33.4609375,953.3280029296875
33.4765625,953.3276977539062
33.4921875,953.331787109375
33.5078125,953.3439331054688
33.5234375,953.322021484375
33.5390625,953.318115234375
33.5546875,953.318115234375
33.5703125,953.3143310546875
33.5859375,953.319091796875
33.6015625,953.3123779296875
33.6171875,953.312255859375
33.6328125,953.3218383789062
33.6484375,953.3162231445312
33.6640625,953.3060913085938
33.6796875,953.3101196289062
33.6953125,953.3052978515625
33.7109375,953.3095703125
33.7265625,953.3092651367188
33.7421875,953.312255859375
33.7578125,953.299560546875
33.7734375,953.3051147460938
33.7890625,953.3056640625
33.8046875,953.3095092773438
33.8203125,953.3034057617188
33.8359375,953.303955078125
33.8515625,953.3128662109375
33.8671875,953.2925415039062
33.8828125,953.300048828125
33.8984375,953.3067016601562
33.9140625,953.312255859375
33.9296875,953.3086547851562
33.9453125,953.31005859375
33.9609375,953.2980346679688
33.9765625,953.2852172851562
33.9921875,953.3013305664062
34.0078125,953.2947387695312
34.0234375,953.2957763671875
34.0390625,953.3157348632812
34.0546875,953.2960205078125
34.0703125,953.3092651367188
34.0859375,953.3005981445312
34.1015625,953.2928466796875
34.1171875,953.288818359375
