# Time (seconds),f0
0.0078125,952.9118041992188
0.0234375,952.9444580078125
0.0390625,952.9288330078125
0.0546875,952.928466796875
0.0703125,952.9456176757812
0.0859375,952.9371948242188
0.1015625,952.9303588867188
0.1171875,952.9358520507812
0.1328125,952.9392700195312
0.1484375,952.9454956054688
0.1640625,952.9525756835938
0.1796875,952.9360961914062
0.1953125,952.9292602539062
0.2109375,952.9376831054688
0.2265625,952.932861328125
0.2421875,952.9520874023438
0.2578125,952.929443359375
0.2734375,952.9286499023438
0.2890625,952.9456176757812
0.3046875,952.9523315429688
0.3203125,952.945068359375
0.3359375,952.9326171875
0.3515625,952.9420776367188
0.3671875,952.9487915039062
0.3828125,952.9525756835938
0.3984375,952.933349609375
0.4140625,952.9425659179688
0.4296875,952.9467163085938
0.4453125,952.9395141601562
0.4609375,952.93896484375
0.4765625,952.9395141601562
0.4921875,952.9476928710938
0.5078125,952.9520874023438
0.5234375,952.93359375
0.5390625,952.9364624023438
0.5546875,952.9471435546875
0.5703125,952.942138671875
0.5859375,952.93359375
0.6015625,952.9267578125
0.6171875,952.9383544921875
0.6328125,952.92578125
0.6484375,952.9437255859375
0.6640625,952.9342041015625
0.6796875,952.9263916015625
0.6953125,952.9368286132812
0.7109375,952.925048828125
0.7265625,952.927001953125
0.7421875,952.936767578125
0.7578125,952.9334716796875
0.7734375,952.93310546875
0.7890625,952.9274291992188
0.8046875,952.9654541015625
0.8203125,952.93359375
0.8359375,952.9852294921875
0.8515625,953.0270385742188
0.8671875,952.9598999023438
0.8828125,953.0277099609375
0.8984375,953.0916748046875
0.9140625,952.9688110351562
0.9296875,953.1692504882812
0.9453125,953.0715942382812
0.9609375,953.0284423828125
0.9765625,953.079833984375
0.9921875,953.0369262695312
1.0078125,952.9712524414062
1.0234375,953.0047607421875
1.0390625,953.0413818359375
1.0546875,953.04296875
1.0703125,952.9887084960938
1.0859375,952.9373779296875
1.1015625,952.9503784179688
1.1171875,952.9598999023438
1.1328125,952.9688110351562
1.1484375,952.9922485351562
1.1640625,953.0321655273438
1.1796875,952.9586791992188
1.1953125,952.965576171875
1.2109375,952.9959106445312
1.2265625,953.0226440429688
1.2421875,953.0414428710938
1.2578125,953.0376586914062
1.2734375,952.9580078125
1.2890625,952.9652709960938
1.3046875,952.970703125
1.3203125,952.9390258789062
1.3359375,952.9732666015625
1.3515625,952.9705810546875
1.3671875,952.9801635742188
1.3828125,953.0025024414062
1.3984375,952.973388671875
1.4140625,952.9161376953125
1.4296875,952.9321899414062
1.4453125,952.9614868164062
1.4609375,952.9718627929688
1.4765625,953.0835571289062
1.4921875,953.0073852539062
1.5078125,953.0140380859375
1.5234375,952.9609375
1.5390625,952.990234375
1.5546875,953.0008544921875
1.5703125,953.0282592773438
1.5859375,953.0146484375
1.6015625,953.0172729492188
1.6171875,953.005859375
1.6328125,952.9981689453125
1.6484375,952.9983520507812
1.6640625,953.0402221679688
1.6796875,953.02490234375
1.6953125,952.9959716796875
1.7109375,952.9828491210938
1.7265625,952.9505004882812
1.7421875,952.9503784179688
1.7578125,952.961669921875
1.7734375,952.9451904296875
1.7890625,952.9593505859375
1.8046875,952.9517211914062
1.8203125,952.9547729492188
1.8359375,952.9564819335938
1.8515625,952.9450073242188
1.8671875,952.9632568359375
1.8828125,952.958251953125
1.8984375,952.9447631835938
1.9140625,952.9568481445312
1.9296875,952.9497680664062
1.9453125,952.9439086914062
1.9609375,952.954833984375
1.9765625,952.9483642578125
1.9921875,952.9507446289062
2.0078125,952.9298706054688
2.0234375,952.9429321289062
2.0390625,952.9487915039062
2.0546875,952.9459838867188
2.0703125,952.9439697265625
2.0859375,952.9384155273438
2.1015625,952.9448852539062
2.1171875,952.931396484375
2.1328125,952.9485473632812
2.1484375,952.9439697265625
2.1640625,952.9551391601562
2.1796875,952.9486694335938
2.1953125,952.933349609375
2.2109375,952.9429321289062
2.2265625,952.9510498046875
2.2421875,952.9500732421875
2.2578125,952.9493408203125
2.2734375,952.94287109375
2.2890625,952.947021484375
2.3046875,952.9560546875
2.3203125,952.9414672851562
2.3359375,952.9530029296875
2.3515625,952.9267578125
2.3671875,952.927490234375
2.3828125,952.9551391601562
2.3984375,952.9669189453125
2.4140625,952.9560546875
2.4296875,953.0349731445312
2.4453125,952.9512939453125
2.4609375,953.0142211914062
2.4765625,952.9876098632812
2.4921875,952.9563598632812
2.5078125,953.0103149414062
2.5234375,952.9757690429688
2.5390625,953.0037841796875
2.5546875,952.9835205078125
2.5703125,952.9866333007812
2.5859375,952.9620971679688
2.6015625,952.95849609375
2.6171875,952.9869384765625
2.6328125,952.9973754882812
2.6484375,952.9581298828125
2.6640625,952.9541015625
2.6796875,952.9458618164062
2.6953125,953.065185546875
2.7109375,952.9862060546875
2.7265625,952.9735107421875
2.7421875,953.0166015625
2.7578125,952.9920043945312
2.7734375,952.9696044921875
2.7890625,953.0421752929688
2.8046875,952.9747924804688
2.8203125,953.0258178710938
2.8359375,953.0067749023438
2.8515625,952.9732666015625
2.8671875,952.98828125
2.8828125,952.9705200195312
2.8984375,952.9296875
2.9140625,952.9668579101562
2.9296875,952.984130859375
2.9453125,952.9595336914062
2.9609375,952.940185546875
2.9765625,952.9701538085938
2.9921875,952.9876098632812
3.0078125,952.97802734375
3.0234375,952.9505004882812
3.0390625,952.9595336914062
3.0546875,952.95849609375
3.0703125,952.974365234375
3.0859375,952.9948120117188
3.1015625,952.9124145507812
3.1171875,952.9313354492188
3.1328125,952.9611206054688
3.1484375,952.9180297851562
3.1640625,952.9955444335938
3.1796875,953.0350341796875
3.1953125,953.020263671875
3.2109375,953.0732421875
3.2265625,953.0220947265625
3.2421875,952.982421875
3.2578125,952.9950561523438
3.2734375,952.999755859375
3.2890625,952.962158203125
3.3046875,952.972412109375
3.3203125,952.977783203125
3.3359375,952.9560546875
3.3515625,952.9691772460938
3.3671875,952.958740234375
3.3828125,952.94873046875
3.3984375,952.9426879882812
3.4140625,952.97021484375
3.4296875,952.9564819335938
3.4453125,952.9635009765625
3.4609375,952.9498291015625
3.4765625,952.9473876953125
3.4921875,952.9457397460938
3.5078125,952.9559326171875
3.5234375,952.9555053710938
3.5390625,952.95068359375
3.5546875,952.9518432617188
3.5703125,952.9547729492188
3.5859375,952.9592895507812
3.6015625,952.9471435546875
3.6171875,952.9469604492188
3.6328125,952.9407348632812
3.6484375,952.9588012695312
3.6640625,952.9420776367188
3.6796875,952.9546508789062
3.6953125,952.9405517578125
3.7109375,952.9501342773438
3.7265625,952.9590454101562
3.7421875,952.9489135742188
3.7578125,952.94921875
3.7734375,952.9540405273438
3.7890625,952.9588012695312
3.8046875,952.9490966796875
3.8203125,952.9559326171875
3.8359375,952.9691772460938
3.8515625,952.9806518554688
3.8671875,952.9819946289062
3.8828125,953.0573120117188
3.8984375,953.1178588867188
3.9140625,953.0470581054688
3.9296875,953.0391845703125
3.9453125,953.0166015625
3.9609375,953.1318359375
3.9765625,953.0328979492188
3.9921875,953.0263671875
4.0078125,953.0783081054688
4.0234375,953.0082397460938
4.0390625,953.078125
4.0546875,953.007568359375
4.0703125,953.0252075195312
4.0859375,952.9880981445312
4.1015625,953.1176147460938
4.1171875,953.1915893554688
4.1328125,953.1491088867188
4.1484375,952.9841918945312
4.1640625,953.0250854492188
4.1796875,953.0096435546875
4.1953125,952.8929443359375
4.2109375,952.9415283203125
4.2265625,952.9710693359375
4.2421875,953.042724609375
4.2578125,953.0477294921875
4.2734375,953.0765991210938
4.2890625,952.9592895507812
4.3046875,953.011474609375
4.3203125,953.0219116210938
4.3359375,952.9771728515625
4.3515625,952.9609375
4.3671875,952.9965209960938
4.3828125,952.9738159179688
4.3984375,953.0590209960938
4.4140625,953.0324096679688
4.4296875,953.0418701171875
4.4453125,952.9952392578125
4.4609375,952.9754638671875
4.4765625,952.9595947265625
4.4921875,952.9760131835938
4.5078125,952.9923095703125
4.5234375,953.0109252929688
4.5390625,952.9649047851562
4.5546875,953.0070190429688
4.5703125,953.0016479492188
4.5859375,952.9849243164062
4.6015625,953.0005493164062
4.6171875,952.97802734375
4.6328125,953.0555419921875
4.6484375,953.048828125
4.6640625,953.0232543945312
4.6796875,953.01318359375
4.6953125,953.020263671875
4.7109375,952.984130859375
4.7265625,952.9733276367188
4.7421875,952.9821166992188
4.7578125,952.9766845703125
4.7734375,952.9693603515625
4.7890625,952.9769287109375
4.8046875,952.9596557617188
4.8203125,952.958984375
4.8359375,952.951904296875
4.8515625,952.9664916992188
4.8671875,952.9508666992188
4.8828125,952.97607421875
4.8984375,952.9451293945312
4.9140625,952.9743041992188
4.9296875,952.9515991210938
4.9453125,952.9469604492188
4.9609375,952.9573364257812
4.9765625,952.961669921875
4.9921875,952.9420776367188
5.0078125,952.953125
5.0234375,952.952880859375
5.0390625,952.9437866210938
5.0546875,952.9359130859375
5.0703125,952.953857421875
5.0859375,952.9600830078125
5.1015625,952.9423217773438
5.1171875,952.9487915039062
5.1328125,952.951904296875
5.1484375,952.9398803710938
5.1640625,952.9373168945312
5.1796875,952.9507446289062
5.1953125,952.9362182617188
5.2109375,952.9515991210938
5.2265625,952.9462280273438
5.2421875,952.9359130859375
5.2578125,952.9300537109375
5.2734375,952.9481201171875
5.2890625,952.9400024414062
5.3046875,952.9420776367188
5.3203125,952.9386596679688
5.3359375,952.9325561523438
5.3515625,952.940185546875
5.3671875,952.9563598632812
5.3828125,952.9415893554688
5.3984375,952.9430541992188
5.4140625,952.9486694335938
5.4296875,952.935546875
5.4453125,952.9442138671875
5.4609375,952.958251953125
5.4765625,952.9467163085938
5.4921875,952.9556884765625
5.5078125,952.9869384765625
5.5234375,952.9867553710938
5.5390625,952.989990234375
5.5546875,953.0004272460938
5.5703125,953.0087890625
5.5859375,952.9970092773438
5.6015625,952.9661254882812
5.6171875,952.9970092773438
5.6328125,953.0440673828125
5.6484375,952.9989624023438
5.6640625,953.0380249023438
5.6796875,953.0266723632812
5.6953125,953.0489501953125
5.7109375,953.0557861328125
5.7265625,953.0023193359375
5.7421875,953.050537109375
5.7578125,953.0580444335938
5.7734375,953.1053466796875
5.7890625,953.1209716796875
5.8046875,953.0907592773438
5.8203125,953.1417236328125
5.8359375,953.1448974609375
5.8515625,953.0447998046875
5.8671875,953.0494995117188
5.8828125,953.0458374023438
5.8984375,953.07568359375
5.9140625,953.0988159179688
5.9296875,953.1044311523438
5.9453125,953.056640625
5.9609375,953.0729370117188
5.9765625,953.0715942382812
5.9921875,953.1447143554688
6.0078125,953.0202026367188
6.0234375,953.0200805664062
6.0390625,953.0723876953125
6.0546875,953.0687255859375
6.0703125,953.0634155273438
6.0859375,953.0474243164062
6.1015625,953.00341796875
6.1171875,953.0365600585938
6.1328125,953.1237182617188
6.1484375,952.9431762695312
6.1640625,952.9813842773438
6.1796875,952.9469604492188
6.1953125,952.961669921875
6.2109375,953.006591796875
6.2265625,952.9769897460938
6.2421875,952.97998046875
6.2578125,952.9821166992188
6.2734375,953.0299682617188
6.2890625,952.9808959960938
6.3046875,952.9613037109375
6.3203125,952.9602661132812
6.3359375,953.023193359375
6.3515625,953.0513305664062
6.3671875,953.0101318359375
6.3828125,952.9664916992188
6.3984375,952.9691162109375
6.4140625,952.969482421875
6.4296875,952.9600830078125
6.4453125,952.9696044921875
6.4609375,952.9708862304688
6.4765625,952.9473876953125
6.4921875,952.9474487304688
6.5078125,952.9674072265625
6.5234375,952.9535522460938
6.5390625,952.9583129882812
6.5546875,952.9409790039062
6.5703125,952.9606323242188
6.5859375,952.946044921875
6.6015625,952.956298828125
6.6171875,952.970458984375
6.6328125,952.9633178710938
6.6484375,952.9448852539062
6.6640625,952.9445190429688
6.6796875,952.9548950195312
6.6953125,952.9454956054688
6.7109375,952.9339599609375
6.7265625,952.9391479492188
6.7421875,952.9462890625
6.7578125,952.9501342773438
6.7734375,952.9556884765625
6.7890625,952.9574584960938
6.8046875,952.952392578125
6.8203125,952.9512329101562
6.8359375,952.9401245117188
6.8515625,952.9552612304688
6.8671875,952.9396362304688
6.8828125,952.9464111328125
6.8984375,952.9443359375
6.9140625,952.9380493164062
6.9296875,952.9440307617188
6.9453125,952.9395751953125
6.9609375,952.938720703125
6.9765625,952.9380493164062
6.9921875,952.9506225585938
7.0078125,952.9470825195312
7.0234375,952.949951171875
7.0390625,952.9439086914062
7.0546875,952.94287109375
7.0703125,952.9434204101562
7.0859375,952.9384155273438
7.1015625,952.9393310546875
7.1171875,952.9432373046875
7.1328125,952.945068359375
7.1484375,952.9432373046875
7.1640625,952.95654296875
7.1796875,952.9425048828125
7.1953125,952.9849243164062
7.2109375,953.0161743164062
7.2265625,952.9859008789062
7.2421875,953.0764770507812
7.2578125,953.0294189453125
7.2734375,953.0137939453125
7.2890625,953.0392456054688
7.3046875,953.0200805664062
7.3203125,953.0399169921875
7.3359375,953.148193359375
7.3515625,953.1273193359375
7.3671875,953.1649169921875
7.3828125,953.0695190429688
7.3984375,953.223388671875
7.4140625,953.3396606445312
7.4296875,953.0493774414062
7.4453125,953.0167236328125
7.4609375,953.1585693359375
7.4765625,953.2001953125
7.4921875,953.0481567382812
7.5078125,952.9766235351562
7.5234375,953.0784301757812
7.5390625,953.0681762695312
7.5546875,953.0176391601562
7.5703125,953.0927734375
7.5859375,952.9959716796875
7.6015625,953.0270385742188
7.6171875,953.375732421875
7.6328125,953.1805419921875
7.6484375,953.1824951171875
7.6640625,953.0692138671875
7.6796875,953.0592651367188
7.6953125,953.1636352539062
7.7109375,953.0416259765625
7.7265625,953.0994262695312
7.7421875,953.1853637695312
7.7578125,953.0317993164062
7.7734375,953.1950073242188
7.7890625,953.1067504882812
7.8046875,953.1865234375
7.8203125,953.2066040039062
7.8359375,953.2559814453125
7.8515625,953.1800537109375
7.8671875,953.208740234375
7.8828125,953.0933227539062
7.8984375,953.0499877929688
7.9140625,953.1343383789062
7.9296875,953.0969848632812
7.9453125,953.0894165039062
7.9609375,952.9974975585938
7.9765625,953.0308227539062
7.9921875,952.9920043945312
8.0078125,952.984130859375
8.0234375,952.9766845703125
8.0390625,952.9723510742188
8.0546875,952.9677124023438
8.0703125,952.955078125
8.0859375,952.9562377929688
8.1015625,952.9769287109375
8.1171875,952.9733276367188
8.1328125,952.955078125
8.1484375,952.9594116210938
8.1640625,952.9617919921875
8.1796875,952.953857421875
8.1953125,952.9635620117188
8.2109375,952.9542236328125
8.2265625,952.9494018554688
8.2421875,952.9515380859375
8.2578125,952.9637451171875
8.2734375,952.9392700195312
8.2890625,952.9448852539062
8.3046875,952.9422607421875
8.3203125,952.95263671875
8.3359375,952.9611206054688
8.3515625,952.956787109375
8.3671875,952.953125
8.3828125,952.9415893554688
8.3984375,952.9682006835938
8.4140625,952.9457397460938
8.4296875,952.9741821289062
8.4453125,952.9392700195312
8.4609375,952.942626953125
8.4765625,952.9498901367188
8.4921875,952.9417724609375
8.5078125,952.9376831054688
8.5234375,952.939208984375
8.5390625,952.9537353515625
8.5546875,952.9405517578125
8.5703125,952.9349975585938
8.5859375,952.92724609375
8.6015625,952.9418334960938
8.6171875,952.9567260742188
8.6328125,952.9418334960938
8.6484375,952.9635009765625
8.6640625,952.934814453125
8.6796875,952.9223022460938
8.6953125,952.938232421875
8.7109375,952.9415893554688
8.7265625,952.9370727539062
8.7421875,952.944580078125
8.7578125,952.9640502929688
8.7734375,952.9370727539062
8.7890625,952.9367065429688
8.8046875,952.9425659179688
8.8203125,952.9537963867188
8.8359375,952.9539794921875
8.8515625,952.9403686523438
8.8671875,952.9590454101562
8.8828125,952.9437866210938
8.8984375,953.0327758789062
8.9140625,953.0481567382812
8.9296875,953.1624145507812
8.9453125,953.0985717773438
8.9609375,953.3602294921875
8.9765625,953.2107543945312
8.9921875,953.1771850585938
9.0078125,953.2332763671875
9.0234375,953.2442016601562
9.0390625,953.2413330078125
9.0546875,953.2481689453125
9.0703125,953.2364501953125
9.0859375,953.1469116210938
9.1015625,953.1813354492188
9.1171875,953.1611328125
9.1328125,953.157958984375
9.1484375,953.137939453125
9.1640625,953.268310546875
9.1796875,953.1117553710938
9.1953125,953.2084350585938
9.2109375,953.1793823242188
9.2265625,953.2377319335938
9.2421875,953.0737915039062
9.2578125,953.0974731445312
9.2734375,953.0983276367188
9.2890625,953.192138671875
9.3046875,953.095458984375
9.3203125,953.178466796875
9.3359375,953.298583984375
9.3515625,953.0414428710938
9.3671875,953.1495971679688
9.3828125,953.0534057617188
9.3984375,953.0075073242188
9.4140625,953.1432495117188
9.4296875,953.1119995117188
9.4453125,953.175048828125
9.4609375,953.12451171875
9.4765625,953.1832885742188
9.4921875,953.15576171875
9.5078125,953.193359375
9.5234375,953.2060546875
9.5390625,953.1710205078125
9.5546875,953.08935546875
9.5703125,953.0128173828125
9.5859375,953.064453125
9.6015625,953.0326538085938
9.6171875,953.0595703125
9.6328125,953.0100708007812
9.6484375,953.0017700195312
9.6640625,952.9866333007812
9.6796875,952.9845581054688
9.6953125,952.9867553710938
9.7109375,952.9728393554688
9.7265625,952.9766845703125
9.7421875,952.969482421875
9.7578125,952.9657592773438
9.7734375,952.9757080078125
9.7890625,952.9627075195312
9.8046875,952.962646484375
9.8203125,952.9690551757812
9.8359375,952.9721069335938
9.8515625,952.9708862304688
9.8671875,952.9659423828125
9.8828125,952.9666748046875
9.8984375,952.939453125
9.9140625,952.9602661132812
9.9296875,952.9555053710938
9.9453125,952.9641723632812
9.9609375,952.9518432617188
9.9765625,952.9403686523438
9.9921875,952.9523315429688
10.0078125,952.9542236328125
10.0234375,952.946044921875
10.0390625,952.9553833007812
10.0546875,952.9530029296875
10.0703125,952.9417114257812
10.0859375,952.9613647460938
10.1015625,952.9375610351562
10.1171875,952.9619140625
10.1328125,952.9412231445312
10.1484375,952.9403686523438
10.1640625,952.9408569335938
10.1796875,952.9537963867188
10.1953125,952.94287109375
10.2109375,952.941162109375
10.2265625,952.9389038085938
10.2421875,952.9598999023438
10.2578125,952.9557495117188
10.2734375,952.9534301757812
10.2890625,952.9396362304688
10.3046875,952.9331665039062
10.3203125,952.9464111328125
10.3359375,952.9364013671875
10.3515625,952.9547729492188
10.3671875,952.9518432617188
10.3828125,952.9439697265625
10.3984375,952.9404296875
10.4140625,952.9435424804688
10.4296875,952.9408569335938
10.4453125,952.9458618164062
10.4609375,952.9649047851562
10.4765625,953.0513916015625
10.4921875,953.034912109375
10.5078125,953.0650634765625
10.5234375,953.1777954101562
10.5390625,953.0940551757812
10.5546875,953.0875854492188
10.5703125,953.279052734375
10.5859375,953.1741943359375
10.6015625,953.1254272460938
10.6171875,953.1809692382812
10.6328125,953.1905517578125
10.6484375,953.1286010742188
10.6640625,953.2386474609375
10.6796875,953.2796630859375
10.6953125,953.358642578125
10.7109375,953.3323974609375
10.7265625,953.37451171875
10.7421875,953.01171875
10.7578125,953.1876220703125
10.7734375,953.1024780273438
10.7890625,953.2225341796875
10.8046875,953.2091064453125
10.8203125,953.2457885742188
10.8359375,953.2586669921875
10.8515625,953.2885131835938
10.8671875,953.2288818359375
10.8828125,953.2682495117188
10.8984375,953.1644897460938
10.9140625,953.430419921875
10.9296875,953.2593383789062
10.9453125,953.2237548828125
10.9609375,953.2808227539062
10.9765625,953.215576171875
10.9921875,953.302001953125
11.0078125,953.134765625
11.0234375,953.1723022460938
11.0390625,953.3091430664062
11.0546875,953.1688842773438
11.0703125,953.1505126953125
11.0859375,953.1571044921875
11.1015625,953.2064819335938
11.1171875,953.1900024414062
11.1328125,953.1371459960938
11.1484375,953.1447143554688
11.1640625,953.0826416015625
11.1796875,953.1185913085938
11.1953125,953.0143432617188
11.2109375,952.9965209960938
11.2265625,952.9992065429688
11.2421875,952.99951171875
11.2578125,952.9862060546875
11.2734375,952.9944458007812
11.2890625,952.981201171875
11.3046875,952.9689331054688
11.3203125,952.9671630859375
11.3359375,952.9705200195312
11.3515625,952.9794921875
11.3671875,952.9738159179688
11.3828125,952.9672241210938
11.3984375,952.9755859375
11.4140625,952.9688720703125
11.4296875,952.9530029296875
11.4453125,952.96875
11.4609375,952.96630859375
11.4765625,952.9609985351562
11.4921875,952.9610595703125
11.5078125,952.9522705078125
11.5234375,952.9607543945312
11.5390625,952.951904296875
11.5546875,952.9486694335938
11.5703125,952.9606323242188
11.5859375,952.9578857421875
11.6015625,952.9567260742188
11.6171875,952.9495849609375
11.6328125,952.935546875
11.6484375,952.9567260742188
11.6640625,952.9366455078125
11.6796875,952.9464111328125
11.6953125,952.9479370117188
11.7109375,952.9490356445312
11.7265625,952.9528198242188
11.7421875,952.936279296875
11.7578125,952.96240234375
11.7734375,952.9613647460938
11.7890625,952.9419555664062
11.8046875,952.9362182617188
11.8203125,952.9336547851562
11.8359375,952.9337158203125
11.8515625,952.9359130859375
11.8671875,952.9295043945312
11.8828125,952.9395141601562
11.8984375,952.9375
11.9140625,952.9371948242188
11.9296875,952.9412231445312
11.9453125,952.936767578125
11.9609375,952.9317016601562
11.9765625,952.9461669921875
11.9921875,952.9286499023438
12.0078125,952.9483642578125
12.0234375,952.9727783203125
12.0390625,953.089599609375
12.0546875,953.1834106445312
12.0703125,953.210693359375
12.0859375,953.0576171875
12.1015625,953.1876831054688
12.1171875,953.175537109375
12.1328125,953.1246948242188
12.1484375,953.1875
12.1640625,953.2619018554688
12.1796875,953.2676391601562
12.1953125,953.1792602539062
12.2109375,953.2272338867188
12.2265625,953.2554321289062
12.2421875,953.3204345703125
12.2578125,953.2236328125
12.2734375,953.1430053710938
12.2890625,953.189208984375
12.3046875,953.1828002929688
12.3203125,953.2059326171875
12.3359375,953.16552734375
12.3515625,953.3674926757812
12.3671875,953.2424926757812
12.3828125,953.272705078125
12.3984375,953.1820678710938
12.4140625,953.1665649414062
12.4296875,953.2250366210938
12.4453125,953.1138305664062
12.4609375,953.0258178710938
12.4765625,953.1627197265625
12.4921875,953.238037109375
12.5078125,953.0469970703125
12.5234375,953.1376342773438
12.5390625,953.2291870117188
12.5546875,953.0993041992188
12.5703125,953.1231079101562
12.5859375,953.0831909179688
12.6015625,953.1201171875
12.6171875,953.1141357421875
12.6328125,953.1438598632812
12.6484375,953.1416015625
12.6640625,953.134765625
12.6796875,953.0887451171875
12.6953125,953.095703125
12.7109375,953.1266479492188
12.7265625,953.1294555664062
12.7421875,953.0999145507812
12.7578125,953.0619506835938
12.7734375,953.0628051757812
12.7890625,953.11669921875
12.8046875,953.0869140625
12.8203125,953.0822143554688
12.8359375,953.0780029296875
12.8515625,953.0276489257812
12.8671875,953.0315551757812
12.8828125,953.0243530273438
12.8984375,952.9991455078125
12.9140625,952.989501953125
12.9296875,952.98388671875
12.9453125,952.96630859375
12.9609375,952.9691772460938
12.9765625,952.961669921875
12.9921875,952.9679565429688
13.0078125,952.9540405273438
13.0234375,952.9613037109375
13.0390625,952.9735717773438
13.0546875,952.9531860351562
13.0703125,952.9445190429688
13.0859375,952.9693603515625
13.1015625,952.9691162109375
13.1171875,952.9552612304688
13.1328125,952.9574584960938
13.1484375,952.945068359375
13.1640625,952.9483642578125
13.1796875,952.9432373046875
13.1953125,952.9560546875
13.2109375,952.9570922851562
13.2265625,952.9535522460938
13.2421875,952.9630737304688
13.2578125,952.9632568359375
13.2734375,952.9564819335938
13.2890625,952.9571533203125
13.3046875,952.9442749023438
13.3203125,952.9478149414062
13.3359375,952.9537963867188
13.3515625,952.9446411132812
13.3671875,952.9443359375
13.3828125,952.9623413085938
13.3984375,952.952880859375
13.4140625,952.9322509765625
13.4296875,952.937255859375
13.4453125,952.956787109375
13.4609375,952.9469604492188
13.4765625,952.9479370117188
13.4921875,952.9508666992188
13.5078125,952.931396484375
13.5234375,952.9369506835938
13.5390625,952.9469604492188
13.5546875,952.9520263671875
13.5703125,952.9468383789062
13.5859375,952.9417724609375
13.6015625,952.9317626953125
13.6171875,952.947265625
13.6328125,952.931640625
13.6484375,952.9360961914062
13.6640625,952.944091796875
13.6796875,952.9290161132812
13.6953125,952.9302368164062
13.7109375,952.9378051757812
13.7265625,952.9318237304688
13.7421875,952.9456787109375
13.7578125,952.9447631835938
13.7734375,952.9375
13.7890625,952.9439086914062
13.8046875,952.9627075195312
13.8203125,953.008544921875
13.8359375,952.9873046875
13.8515625,953.0084838867188
13.8671875,953.0936279296875
13.8828125,953.0661010742188
13.8984375,953.1800537109375
13.9140625,953.1728515625
13.9296875,953.0628051757812
13.9453125,953.0321655273438
13.9609375,953.203125
13.9765625,953.023193359375
13.9921875,953.2861328125
14.0078125,953.2130737304688
14.0234375,953.1083374023438
14.0390625,953.111083984375
14.0546875,953.19287109375
14.0703125,953.1317749023438
14.0859375,953.0985107421875
14.1015625,953.020751953125
14.1171875,953.2418823242188
14.1328125,953.1013793945312
14.1484375,953.0609130859375
14.1640625,953.1197509765625
14.1796875,953.0440673828125
14.1953125,953.019287109375
14.2109375,953.07568359375
14.2265625,953.0574951171875
14.2421875,953.105224609375
14.2578125,953.0859375
14.2734375,953.1080932617188
14.2890625,953.0729370117188
14.3046875,953.1337280273438
14.3203125,953.1808471679688
14.3359375,953.2120971679688
14.3515625,953.2092895507812
14.3671875,953.0830078125
14.3828125,953.1077270507812
14.3984375,953.1220092773438
14.4140625,953.259521484375
14.4296875,953.1467895507812
14.4453125,953.1287841796875
14.4609375,953.236083984375
14.4765625,953.2146606445312
14.4921875,953.1621704101562
14.5078125,953.2094116210938
14.5234375,953.2459716796875
14.5390625,953.1544799804688
14.5546875,953.0875854492188
14.5703125,953.1454467773438
14.5859375,953.059814453125
14.6015625,952.9983520507812
14.6171875,953.0059814453125
14.6328125,952.9963989257812
14.6484375,952.9874267578125
14.6640625,952.9805908203125
14.6796875,952.9828491210938
14.6953125,952.9772338867188
14.7109375,952.9639892578125
14.7265625,952.97998046875
14.7421875,952.957763671875
14.7578125,952.9605102539062
14.7734375,952.9732666015625
14.7890625,952.9576416015625
14.8046875,952.9721069335938
14.8203125,952.9600830078125
14.8359375,952.9570922851562
14.8515625,952.9443359375
14.8671875,952.9718017578125
14.8828125,952.9644165039062
14.8984375,952.9435424804688
14.9140625,952.9563598632812
14.9296875,952.9481811523438
14.9453125,952.9521484375
14.9609375,952.96875
14.9765625,952.9696044921875
14.9921875,952.9469604492188
15.0078125,952.9691162109375
15.0234375,952.9334716796875
15.0390625,952.9520263671875
15.0546875,952.9400634765625
15.0703125,952.9520263671875
15.0859375,952.9302368164062
15.1015625,952.944091796875
15.1171875,952.957763671875
15.1328125,952.9307861328125
15.1484375,952.9479370117188
15.1640625,952.9475708007812
15.1796875,952.9522705078125
15.1953125,952.9336547851562
15.2109375,952.95703125
15.2265625,952.947021484375
15.2421875,952.9595947265625
15.2578125,952.95849609375
15.2734375,952.9594116210938
15.2890625,952.9485473632812
15.3046875,952.9404296875
15.3203125,952.9485473632812
15.3359375,952.9492797851562
15.3515625,952.9474487304688
15.3671875,952.9845581054688
15.3828125,953.0634155273438
15.3984375,953.0579223632812
15.4140625,953.076904296875
15.4296875,953.21875
15.4453125,953.1856689453125
15.4609375,953.0092163085938
15.4765625,953.1103515625
15.4921875,953.2093505859375
15.5078125,953.2172241210938
15.5234375,953.1381225585938
15.5390625,953.1619873046875
15.5546875,953.1156005859375
15.5703125,953.1189575195312
15.5859375,953.1318359375
15.6015625,953.206298828125
15.6171875,953.1940307617188
15.6328125,953.2583618164062
15.6484375,953.128662109375
15.6640625,953.123779296875
15.6796875,953.2131958007812
15.6953125,953.1940307617188
15.7109375,953.179443359375
15.7265625,953.2528076171875
15.7421875,953.3322143554688
15.7578125,953.1740112304688
15.7734375,953.309326171875
15.7890625,953.1337890625
15.8046875,953.1015625
15.8203125,953.264892578125
15.8359375,953.168701171875
15.8515625,953.3418579101562
15.8671875,953.151123046875
15.8828125,953.0715942382812
15.8984375,953.3702392578125
15.9140625,953.2291870117188
15.9296875,953.0872192382812
15.9453125,953.0812377929688
15.9609375,953.1832885742188
15.9765625,953.1489868164062
15.9921875,953.2485961914062
16.0078125,953.056640625
16.0234375,953.2238159179688
16.0390625,953.1763305664062
16.0546875,953.1018676757812
16.0703125,953.150390625
16.0859375,953.166015625
16.1015625,953.1290893554688
16.1171875,953.1223754882812
16.1328125,953.1686401367188
16.1484375,953.1728515625
16.1640625,953.0394287109375
16.1796875,953.019287109375
16.1953125,953.0282592773438
16.2109375,953.0374145507812
16.2265625,953.0180053710938
16.2421875,952.9810791015625
16.2578125,952.9815673828125
16.2734375,952.9867553710938
16.2890625,952.9830322265625
16.3046875,952.97216796875
16.3203125,952.9650268554688
16.3359375,952.9661254882812
16.3515625,952.9588012695312
16.3671875,952.9743041992188
16.3828125,952.9857788085938
16.3984375,952.9690551757812
16.4140625,952.9755859375
16.4296875,952.96484375
16.4453125,952.9515991210938
16.4609375,952.9594116210938
16.4765625,952.9584350585938
16.4921875,952.9483642578125
16.5078125,952.9616088867188
16.5234375,952.9660034179688
16.5390625,952.9645385742188
16.5546875,952.9545288085938
16.5703125,952.9559936523438
16.5859375,952.9671630859375
16.6015625,952.9668579101562
16.6171875,952.9546508789062
16.6328125,952.9354248046875
16.6484375,952.955078125
16.6640625,952.9542846679688
16.6796875,952.9430541992188
16.6953125,952.9528198242188
16.7109375,952.9517211914062
16.7265625,952.9423828125
16.7421875,952.9469604492188
16.7578125,952.942138671875
16.7734375,952.9457397460938
16.7890625,952.9368286132812
16.8046875,952.9385986328125
16.8203125,952.9549560546875
16.8359375,952.954345703125
16.8515625,952.9361572265625
16.8671875,952.9244384765625
16.8828125,952.935302734375
16.8984375,952.945068359375
16.9140625,952.9219360351562
16.9296875,952.9288330078125
16.9453125,952.94482421875
16.9609375,952.9357299804688
16.9765625,952.9327392578125
16.9921875,952.9490966796875
17.0078125,952.9450073242188
17.0234375,952.9259643554688
17.0390625,952.9365234375
17.0546875,952.9448852539062
17.0703125,952.9346923828125
17.0859375,952.9591064453125
17.1015625,953.0146484375
17.1171875,953.029052734375
17.1328125,953.0326538085938
17.1484375,953.0421752929688
17.1640625,953.0826416015625
17.1796875,953.0540161132812
17.1953125,953.034912109375
17.2109375,953.0284423828125
17.2265625,953.0220336914062
17.2421875,953.0126342773438
17.2578125,953.0542602539062
17.2734375,952.990234375
17.2890625,952.9986572265625
17.3046875,952.9364624023438
17.3203125,952.9719848632812
17.3359375,952.969970703125
17.3515625,952.9698486328125
17.3671875,953.0782470703125
17.3828125,953.0296630859375
17.3984375,953.1267700195312
17.4140625,953.0985107421875
17.4296875,953.1154174804688
17.4453125,953.1638793945312
17.4609375,953.096923828125
17.4765625,953.3305053710938
17.4921875,953.0973510742188
17.5078125,953.098876953125
17.5234375,953.2510986328125
17.5390625,953.1901245117188
17.5546875,953.159423828125
17.5703125,953.0751953125
17.5859375,953.2222290039062
17.6015625,953.1343383789062
17.6171875,953.3012084960938
17.6328125,953.1142578125
17.6484375,953.129638671875
17.6640625,953.2933349609375
17.6796875,953.1290283203125
17.6953125,953.2799072265625
17.7109375,953.0943603515625
17.7265625,953.1130981445312
17.7421875,953.2196655273438
17.7578125,953.3564453125
17.7734375,953.1448974609375
17.7890625,953.2665405273438
17.8046875,953.1344604492188
17.8203125,953.1182861328125
17.8359375,953.0756225585938
17.8515625,953.1891479492188
17.8671875,953.1818237304688
17.8828125,953.1510009765625
17.8984375,953.1686401367188
17.9140625,953.1275024414062
17.9296875,953.1372680664062
17.9453125,953.0131225585938
17.9609375,952.9874877929688
17.9765625,952.9833374023438
17.9921875,952.9854736328125
18.0078125,952.9916381835938
18.0234375,952.9715576171875
18.0390625,952.9783325195312
18.0546875,952.9783935546875
18.0703125,952.9765625
18.0859375,952.9662475585938
18.1015625,952.963623046875
18.1171875,952.9657592773438
18.1328125,952.9691772460938
18.1484375,952.9674682617188
18.1640625,952.9662475585938
18.1796875,952.9627685546875
18.1953125,952.952392578125
18.2109375,952.9557495117188
18.2265625,952.9639892578125
18.2421875,952.9676513671875
18.2578125,952.9633178710938
18.2734375,952.9629516601562
18.2890625,952.9512329101562
18.3046875,952.9645385742188
18.3203125,952.9415283203125
18.3359375,952.952392578125
18.3515625,952.9375
18.3671875,952.9457397460938
18.3828125,952.9512939453125
18.3984375,952.9515991210938
18.4140625,952.9420166015625
18.4296875,952.9512939453125
18.4453125,952.9320678710938
18.4609375,952.9417114257812
18.4765625,952.9412841796875
18.4921875,952.9581909179688
18.5078125,952.9444580078125
18.5234375,952.9584350585938
18.5390625,952.9398193359375
18.5546875,952.9436645507812
18.5703125,952.9434204101562
18.5859375,952.9530029296875
18.6015625,952.9524536132812
18.6171875,952.9506225585938
18.6328125,952.9334716796875
18.6484375,952.937255859375
18.6640625,952.9378662109375
18.6796875,952.9474487304688
18.6953125,952.9513549804688
18.7109375,952.9431762695312
18.7265625,952.94482421875
18.7421875,952.9337768554688
18.7578125,952.9526977539062
18.7734375,952.9599609375
18.7890625,953.05029296875
18.8046875,953.045654296875
18.8203125,953.1524047851562
18.8359375,953.2503051757812
18.8515625,953.0636596679688
18.8671875,953.0260009765625
18.8828125,953.100830078125
18.8984375,953.0830078125
18.9140625,953.0177001953125
18.9296875,953.1212768554688
18.9453125,953.0936279296875
18.9609375,953.1265258789062
18.9765625,953.15966796875
18.9921875,953.171142578125
19.0078125,953.0748901367188
19.0234375,953.2078857421875
19.0390625,953.0776977539062
19.0546875,953.105224609375
19.0703125,953.2227172851562
19.0859375,953.1546630859375
19.1015625,953.085693359375
19.1171875,953.093017578125
19.1328125,953.0310668945312
19.1484375,953.083740234375
19.1640625,953.06982421875
19.1796875,953.13427734375
19.1953125,953.19921875
19.2109375,953.0999145507812
19.2265625,953.125732421875
19.2421875,953.075439453125
19.2578125,953.1012573242188
19.2734375,953.3023071289062
19.2890625,953.05615234375
19.3046875,953.219482421875
19.3203125,953.18115234375
19.3359375,953.0946044921875
19.3515625,953.1693725585938
19.3671875,953.1905517578125
19.3828125,953.0737915039062
19.3984375,953.0684814453125
19.4140625,953.2052612304688
19.4296875,953.14453125
19.4453125,953.1930541992188
19.4609375,953.1432495117188
19.4765625,953.1746826171875
19.4921875,953.115966796875
19.5078125,953.0452880859375
19.5234375,953.0661010742188
19.5390625,953.159912109375
19.5546875,953.1438598632812
19.5703125,953.1085815429688
19.5859375,953.1060180664062
19.6015625,953.1946411132812
19.6171875,953.1194458007812
19.6328125,953.0400390625
19.6484375,953.0662231445312
19.6640625,953.0076904296875
19.6796875,952.9887084960938
19.6953125,952.9944458007812
19.7109375,952.9772338867188
19.7265625,952.994140625
19.7421875,952.9771728515625
19.7578125,952.9854736328125
19.7734375,952.9846801757812
19.7890625,952.9651489257812
19.8046875,952.9805908203125
19.8203125,952.9790649414062
19.8359375,952.9659423828125
19.8515625,952.9683227539062
19.8671875,952.962646484375
19.8828125,952.9627685546875
19.8984375,952.9663696289062
19.9140625,952.9629516601562
19.9296875,952.96484375
19.9453125,952.970458984375
19.9609375,952.9547729492188
19.9765625,952.9677734375
19.9921875,952.959716796875
20.0078125,952.939453125
20.0234375,952.96044921875
20.0390625,952.9616088867188
20.0546875,952.954833984375
20.0703125,952.9666137695312
20.0859375,952.95849609375
20.1015625,952.9537353515625
20.1171875,952.9493408203125
20.1328125,952.9645385742188
20.1484375,952.939453125
20.1640625,952.9484252929688
20.1796875,952.9490966796875
20.1953125,952.9536743164062
20.2109375,952.947265625
20.2265625,952.959716796875
20.2421875,952.9348754882812
20.2578125,952.9479370117188
20.2734375,952.9478149414062
20.2890625,952.9453735351562
20.3046875,952.9453735351562
20.3203125,952.946044921875
20.3359375,952.9345092773438
20.3515625,952.935302734375
20.3671875,952.9391479492188
20.3828125,952.9585571289062
20.3984375,952.935302734375
20.4140625,952.9547729492188
20.4296875,952.9521484375
20.4453125,952.949951171875
20.4609375,952.9490966796875
20.4765625,952.9409790039062
20.4921875,952.9931640625
20.5078125,953.057861328125
20.5234375,953.0104370117188
20.5390625,953.0455932617188
20.5546875,953.040771484375
20.5703125,953.0698852539062
20.5859375,953.2127075195312
20.6015625,953.1082763671875
20.6171875,953.1484985351562
20.6328125,953.2509155273438
20.6484375,953.2465209960938
20.6640625,953.1831665039062
20.6796875,953.1978759765625
20.6953125,953.0714111328125
20.7109375,953.1969604492188
20.7265625,953.1970825195312
20.7421875,953.2562866210938
20.7578125,953.0760498046875
20.7734375,953.1114501953125
20.7890625,953.114501953125
20.8046875,953.0997314453125
20.8203125,953.1353149414062
20.8359375,953.0545654296875
20.8515625,953.0798950195312
20.8671875,953.0913696289062
20.8828125,953.00537109375
20.8984375,953.1578979492188
20.9140625,953.1635131835938
20.9296875,953.2523193359375
20.9453125,953.0396728515625
20.9609375,953.1061401367188
20.9765625,953.1174926757812
20.9921875,953.0719604492188
21.0078125,953.1348876953125
21.0234375,953.1182861328125
21.0390625,953.1971435546875
21.0546875,953.1455078125
21.0703125,953.162841796875
21.0859375,953.0895385742188
21.1015625,953.1415405273438
21.1171875,953.2009887695312
21.1328125,953.0703735351562
21.1484375,953.298583984375
21.1640625,953.1282348632812
21.1796875,953.133544921875
21.1953125,953.0595703125
21.2109375,953.0778198242188
21.2265625,953.1505737304688
21.2421875,953.1559448242188
21.2578125,953.1018676757812
21.2734375,953.1098022460938
21.2890625,953.1414794921875
21.3046875,953.0932006835938
21.3203125,953.1251831054688
21.3359375,953.1107788085938
21.3515625,953.0247192382812
21.3671875,952.9802856445312
21.3828125,952.9857788085938
21.3984375,952.9984130859375
21.4140625,952.9808349609375
21.4296875,952.9860229492188
21.4453125,952.9788208007812
21.4609375,952.9811401367188
21.4765625,952.9805908203125
21.4921875,952.9771728515625
21.5078125,952.9674072265625
21.5234375,952.9660034179688
21.5390625,952.9696044921875
21.5546875,952.9602661132812
21.5703125,952.9660034179688
21.5859375,952.9611206054688
21.6015625,952.9690551757812
21.6171875,952.951904296875
21.6328125,952.9530029296875
21.6484375,952.9592895507812
21.6640625,952.9552001953125
21.6796875,952.9507446289062
21.6953125,952.9647216796875
21.7109375,952.9612426757812
21.7265625,952.95263671875
21.7421875,952.9596557617188
21.7578125,952.9518432617188
21.7734375,952.9369506835938
21.7890625,952.948974609375
21.8046875,952.9523315429688
21.8203125,952.9445190429688
21.8359375,952.9481201171875
21.8515625,952.9572143554688
21.8671875,952.9490966796875
21.8828125,952.9368286132812
21.8984375,952.936767578125
21.9140625,952.9338989257812
21.9296875,952.9443359375
21.9453125,952.9454345703125
21.9609375,952.947021484375
21.9765625,952.9451293945312
21.9921875,952.9453125
22.0078125,952.947021484375
22.0234375,952.9329223632812
22.0390625,952.944580078125
22.0546875,952.9556884765625
22.0703125,952.9383544921875
22.0859375,952.946533203125
22.1015625,952.9453125
22.1171875,952.9362182617188
22.1328125,952.9310913085938
22.1484375,953.0360717773438
22.1640625,953.0177612304688
22.1796875,952.9970092773438
22.1953125,953.0336303710938
22.2109375,953.095458984375
22.2265625,953.0706176757812
22.2421875,953.0523071289062
22.2578125,953.0703125
22.2734375,953.2173461914062
22.2890625,953.0865478515625
22.3046875,953.1312866210938
22.3203125,953.1957397460938
22.3359375,953.3483276367188
22.3515625,953.1478881835938
22.3671875,953.0006103515625
22.3828125,953.256591796875
22.3984375,952.9794311523438
22.4140625,953.0694580078125
22.4296875,953.09521484375
22.4453125,953.0607299804688
22.4609375,953.0684814453125
22.4765625,953.1098022460938
22.4921875,953.0357666015625
22.5078125,953.0751342773438
22.5234375,953.085205078125
22.5390625,953.0949096679688
22.5546875,953.0934448242188
22.5703125,953.074951171875
22.5859375,953.1149291992188
22.6015625,953.1203002929688
22.6171875,953.0798950195312
22.6328125,953.033935546875
22.6484375,953.0619506835938
22.6640625,953.013427734375
22.6796875,953.185546875
22.6953125,953.1111450195312
22.7109375,953.0897216796875
22.7265625,953.1822509765625
22.7421875,953.0374145507812
22.7578125,953.1515502929688
22.7734375,953.0432739257812
22.7890625,953.1892700195312
22.8046875,953.2169799804688
22.8203125,953.1181030273438
22.8359375,953.063232421875
22.8515625,953.0491333007812
22.8671875,953.1435546875
22.8828125,953.0126953125
22.8984375,952.97802734375
22.9140625,952.9884643554688
22.9296875,952.9749755859375
22.9453125,952.9827270507812
22.9609375,952.9786376953125
22.9765625,952.9815673828125
22.9921875,952.9674072265625
23.0078125,952.971435546875
23.0234375,952.9808959960938
23.0390625,952.962158203125
23.0546875,952.9674682617188
23.0703125,952.9537353515625
23.0859375,952.9691772460938
23.1015625,952.961669921875
23.1171875,952.969970703125
23.1328125,952.9568481445312
23.1484375,952.9586791992188
23.1640625,952.9585571289062
23.1796875,952.9699096679688
23.1953125,952.940673828125
23.2109375,952.953857421875
23.2265625,952.952880859375
23.2421875,952.9610595703125
23.2578125,952.9627685546875
23.2734375,952.9573974609375
23.2890625,952.9612426757812
23.3046875,952.9506225585938
23.3203125,952.9552612304688
23.3359375,952.9579467773438
23.3515625,952.9494018554688
23.3671875,952.9434814453125
23.3828125,952.9515991210938
23.3984375,952.95458984375
23.4140625,952.9286499023438
23.4296875,952.9462280273438
23.4453125,952.9557495117188
23.4609375,952.9530029296875
23.4765625,952.9529418945312
23.4921875,952.9443359375
23.5078125,952.95849609375
23.5234375,952.9567260742188
23.5390625,952.9486694335938
23.5546875,952.9446411132812
23.5703125,952.95458984375
23.5859375,952.9336547851562
23.6015625,952.95263671875
23.6171875,952.940673828125
23.6328125,952.9439086914062
23.6484375,952.9354248046875
23.6640625,952.94921875
23.6796875,952.9286499023438
23.6953125,952.9546508789062
23.7109375,952.9464721679688
23.7265625,952.93359375
23.7421875,952.9459838867188
23.7578125,952.9354248046875
23.7734375,952.9479370117188
23.7890625,952.9600830078125
23.8046875,952.9635620117188
23.8203125,953.0092163085938
23.8359375,952.9945068359375
23.8515625,953.0349731445312
23.8671875,953.037841796875
23.8828125,953.0942993164062
23.8984375,953.0301513671875
23.9140625,953.14599609375
23.9296875,953.094482421875
23.9453125,953.0348510742188
23.9609375,953.0958862304688
23.9765625,953.119873046875
23.9921875,953.1387939453125
24.0078125,953.2313842773438
24.0234375,953.1370849609375
24.0390625,953.081298828125
24.0546875,953.16015625
24.0703125,953.2052612304688
24.0859375,953.337890625
24.1015625,953.1046142578125
24.1171875,953.1552124023438
24.1328125,953.0938110351562
24.1484375,953.3544921875
24.1640625,953.26513671875
24.1796875,953.1473388671875
24.1953125,953.1729736328125
24.2109375,953.306640625
24.2265625,953.0973510742188
24.2421875,953.1741943359375
24.2578125,953.2039794921875
24.2734375,953.1254272460938
24.2890625,953.1248168945312
24.3046875,953.1304321289062
24.3203125,953.1549682617188
24.3359375,953.2139892578125
24.3515625,953.2760620117188
24.3671875,953.2420654296875
24.3828125,953.1407470703125
24.3984375,953.2230224609375
24.4140625,953.1598510742188
24.4296875,953.1033325195312
24.4453125,953.1322631835938
24.4609375,953.1072998046875
24.4765625,953.0475463867188
24.4921875,953.0648193359375
24.5078125,953.0682373046875
24.5234375,953.1737060546875
24.5390625,953.289794921875
24.5546875,953.0355834960938
24.5703125,952.998046875
24.5859375,953.0349731445312
24.6015625,953.0479736328125
24.6171875,953.0322265625
24.6328125,953.0037841796875
24.6484375,952.9774169921875
24.6640625,952.9850463867188
24.6796875,952.9859008789062
24.6953125,952.9764404296875
24.7109375,952.9746704101562
24.7265625,952.9724731445312
24.7421875,952.9713134765625
24.7578125,952.96826171875
24.7734375,952.9700317382812
24.7890625,952.9724731445312
24.8046875,952.9551391601562
24.8203125,952.9581298828125
24.8359375,952.9730834960938
24.8515625,952.9591674804688
24.8671875,952.9585571289062
24.8828125,952.9655151367188
24.8984375,952.9676513671875
24.9140625,952.961669921875
24.9296875,952.953857421875
24.9453125,952.9591064453125
24.9609375,952.9551391601562
24.9765625,952.9512939453125
24.9921875,952.95458984375
25.0078125,952.9671020507812
25.0234375,952.95703125
25.0390625,952.955810546875
25.0546875,952.9415283203125
25.0703125,952.940185546875
25.0859375,952.9503173828125
25.1015625,952.948486328125
25.1171875,952.9484252929688
25.1328125,952.94677734375
25.1484375,952.9395751953125
25.1640625,952.9425048828125
25.1796875,952.9535522460938
25.1953125,952.9436645507812
25.2109375,952.932373046875
25.2265625,952.9521484375
25.2421875,952.94140625
25.2578125,952.9475708007812
25.2734375,952.9423828125
25.2890625,952.9425048828125
25.3046875,952.9408569335938
25.3203125,952.9486694335938
25.3359375,952.9436645507812
25.3515625,952.9535522460938
25.3671875,952.9478149414062
25.3828125,952.9650268554688
25.3984375,953.010498046875
25.4140625,953.0252685546875
25.4296875,953.0084838867188
25.4453125,953.0619506835938
25.4609375,953.0030517578125
25.4765625,953.26953125
25.4921875,953.0999145507812
25.5078125,953.029052734375
25.5234375,953.0614624023438
25.5390625,953.0801391601562
25.5546875,953.0921630859375
25.5703125,953.0362548828125
25.5859375,953.0629272460938
25.6015625,953.0348510742188
25.6171875,953.013427734375
25.6328125,953.001708984375
25.6484375,953.0648803710938
25.6640625,953.0233154296875
25.6796875,953.131591796875
25.6953125,953.0569458007812
25.7109375,953.0216674804688
25.7265625,953.0843505859375
25.7421875,953.1334838867188
25.7578125,953.0689086914062
25.7734375,953.0963134765625
25.7890625,953.194580078125
25.8046875,953.0724487304688
25.8203125,953.1035766601562
25.8359375,953.2073364257812
25.8515625,953.0469360351562
25.8671875,953.0403442382812
25.8828125,953.0856323242188
25.8984375,953.0751953125
25.9140625,953.1660766601562
25.9296875,953.094970703125
25.9453125,953.1010131835938
25.9609375,953.145751953125
25.9765625,953.12451171875
25.9921875,953.082763671875
26.0078125,953.0668334960938
26.0234375,953.1490478515625
26.0390625,953.1343383789062
26.0546875,953.087890625
26.0703125,953.18896484375
26.0859375,953.1801147460938
26.1015625,953.0263671875
26.1171875,953.0601196289062
26.1328125,953.067138671875
26.1484375,953.2200317382812
26.1640625,953.044189453125
26.1796875,953.0955200195312
26.1953125,953.125732421875
26.2109375,953.0631713867188
26.2265625,953.0532836914062
26.2421875,953.029052734375
26.2578125,953.027099609375
26.2734375,952.9922485351562
26.2890625,953.005126953125
26.3046875,952.9845581054688
26.3203125,952.9947509765625
26.3359375,952.9796142578125
26.3515625,952.97265625
26.3671875,952.9631958007812
26.3828125,952.9668579101562
26.3984375,952.983154296875
26.4140625,952.9724731445312
26.4296875,952.9552612304688
26.4453125,952.948486328125
26.4609375,952.966064453125
26.4765625,952.9638061523438
26.4921875,952.9397583007812
26.5078125,952.9573364257812
26.5234375,952.9639892578125
26.5390625,952.9536743164062
26.5546875,952.9698486328125
26.5703125,952.9566040039062
26.5859375,952.9652099609375
26.6015625,952.9552001953125
26.6171875,952.9423217773438
26.6328125,952.9531860351562
26.6484375,952.9359741210938
26.6640625,952.9436645507812
26.6796875,952.9610595703125
26.6953125,952.9532470703125
26.7109375,952.962890625
26.7265625,952.938720703125
26.7421875,952.9652709960938
26.7578125,952.92578125
26.7734375,952.9462280273438
26.7890625,952.958251953125
26.8046875,952.952880859375
26.8203125,952.9547729492188
26.8359375,952.9510498046875
26.8515625,952.9540405273438
26.8671875,952.9598999023438
26.8828125,952.9458618164062
26.8984375,952.9542846679688
26.9140625,952.9475708007812
26.9296875,952.9435424804688
26.9453125,952.964111328125
26.9609375,952.9512329101562
26.9765625,952.9337768554688
26.9921875,952.9515380859375
27.0078125,952.9492797851562
27.0234375,952.9392700195312
27.0390625,952.9496459960938
27.0546875,952.966064453125
27.0703125,952.973876953125
27.0859375,952.9780883789062
27.1015625,953.0025634765625
27.1171875,953.0615234375
27.1328125,953.1664428710938
27.1484375,953.0994262695312
27.1640625,953.1741333007812
27.1796875,953.2317504882812
27.1953125,953.1185913085938
27.2109375,953.2840576171875
27.2265625,953.2874145507812
27.2421875,953.0932006835938
27.2578125,953.237060546875
27.2734375,953.343017578125
27.2890625,953.1708374023438
27.3046875,953.1884155273438
27.3203125,953.3094482421875
27.3359375,953.2789916992188
27.3515625,953.1735229492188
27.3671875,953.119873046875
27.3828125,953.1419067382812
27.3984375,953.210693359375
27.4140625,953.2754516601562
27.4296875,953.1788940429688
27.4453125,953.1320190429688
27.4609375,953.3148803710938
27.4765625,953.2467651367188
27.4921875,953.1154174804688
27.5078125,953.03466796875
27.5234375,953.2509765625
27.5390625,953.120361328125
27.5546875,953.1104736328125
27.5703125,953.1906127929688
27.5859375,953.1798095703125
27.6015625,953.2855834960938
27.6171875,953.1505737304688
27.6328125,953.1594848632812
27.6484375,953.0934448242188
27.6640625,953.0621948242188
27.6796875,953.2330322265625
27.6953125,953.2444458007812
27.7109375,953.23046875
27.7265625,953.154296875
27.7421875,953.1717529296875
27.7578125,953.1380004882812
27.7734375,953.292236328125
27.7890625,953.1666870117188
27.8046875,953.1968383789062
27.8203125,953.1224975585938
27.8359375,953.1521606445312
27.8515625,953.0570678710938
27.8671875,953.0297241210938
27.8828125,952.9944458007812
27.8984375,952.9862060546875
27.9140625,952.9995727539062
27.9296875,952.9939575195312
27.9453125,952.982177734375
27.9609375,952.9752197265625
27.9765625,952.9818725585938
27.9921875,952.9807739257812
28.0078125,952.9679565429688
28.0234375,952.9608154296875
28.0390625,952.9691772460938
28.0546875,952.97998046875
28.0703125,952.9710083007812
28.0859375,952.965576171875
28.1015625,952.9713134765625
28.1171875,952.9573974609375
28.1328125,952.9554443359375
28.1484375,952.9617919921875
28.1640625,952.9591674804688
28.1796875,952.9633178710938
28.1953125,952.966796875
28.2109375,952.9591674804688
28.2265625,952.9653930664062
28.2421875,952.955810546875
28.2578125,952.9584350585938
28.2734375,952.9684448242188
28.2890625,952.9641723632812
28.3046875,952.9524536132812
28.3203125,952.9612426757812
28.3359375,952.9645385742188
28.3515625,952.9490356445312
28.3671875,952.9401245117188
28.3828125,952.9603881835938
28.3984375,952.9520874023438
28.4140625,952.9395141601562
28.4296875,952.9526977539062
28.4453125,952.951171875
28.4609375,952.9501342773438
28.4765625,952.9471435546875
28.4921875,952.9500732421875
28.5078125,952.9536743164062
28.5234375,952.9522705078125
28.5390625,952.9451293945312
28.5546875,952.9381713867188
28.5703125,952.9369506835938
28.5859375,952.9573364257812
28.6015625,952.9503784179688
28.6171875,952.9503784179688
28.6328125,952.9462280273438
28.6484375,952.9749145507812
28.6640625,952.9821166992188
28.6796875,953.0051879882812
28.6953125,952.9723510742188
28.7109375,952.9389038085938
28.7265625,952.9411010742188
28.7421875,952.9508666992188
28.7578125,952.9397583007812
28.7734375,952.9666748046875
28.7890625,952.9403686523438
28.8046875,953.0598754882812
28.8203125,953.0166015625
28.8359375,953.0283203125
28.8515625,953.0732421875
28.8671875,953.061767578125
28.8828125,953.1452026367188
28.8984375,953.322998046875
28.9140625,953.0293579101562
28.9296875,953.233642578125
28.9453125,953.1173706054688
28.9609375,953.1671142578125
28.9765625,953.1517944335938
28.9921875,953.1156005859375
29.0078125,953.1578979492188
29.0234375,953.1359252929688
29.0390625,953.1473388671875
29.0546875,953.2482299804688
29.0703125,953.1100463867188
29.0859375,953.199951171875
29.1015625,953.1640625
29.1171875,952.9907836914062
29.1328125,953.12255859375
29.1484375,953.1470336914062
29.1640625,953.2416381835938
29.1796875,953.1588134765625
29.1953125,953.1436767578125
29.2109375,953.3882446289062
29.2265625,953.190673828125
29.2421875,953.6192016601562
29.2578125,953.2788696289062
29.2734375,953.3446044921875
29.2890625,953.201904296875
29.3046875,953.37646484375
29.3203125,953.3071899414062
29.3359375,953.3110961914062
29.3515625,953.3338012695312
29.3671875,953.4457397460938
29.3828125,953.2765502929688
29.3984375,953.3016967773438
29.4140625,953.2044067382812
29.4296875,953.2607421875
29.4453125,953.102294921875
29.4609375,953.0226440429688
29.4765625,953.0358276367188
29.4921875,953.0218505859375
29.5078125,952.9902954101562
29.5234375,952.9818725585938
29.5390625,952.9839477539062
29.5546875,952.9785766601562
29.5703125,952.9691772460938
29.5859375,952.9766235351562
29.6015625,952.9757690429688
29.6171875,952.974365234375
29.6328125,952.9811401367188
29.6484375,952.9766235351562
29.6640625,952.9671630859375
29.6796875,952.9685668945312
29.6953125,952.9691772460938
29.7109375,952.9652099609375
29.7265625,952.9497680664062
29.7421875,952.9561767578125
29.7578125,952.957763671875
29.7734375,952.9590454101562
29.7890625,952.9645385742188
29.8046875,952.9430541992188
29.8203125,952.9574584960938
29.8359375,952.9738159179688
29.8515625,952.9508666992188
29.8671875,952.9646606445312
29.8828125,952.953857421875
29.8984375,952.9512329101562
29.9140625,952.95068359375
29.9296875,952.9602661132812
29.9453125,952.96630859375
29.9609375,952.9403686523438
29.9765625,952.9512939453125
29.9921875,952.953125
30.0078125,952.954833984375
30.0234375,952.9484252929688
30.0390625,952.9532470703125
30.0546875,952.9663696289062
30.0703125,952.938720703125
30.0859375,952.960205078125
30.1015625,952.948974609375
30.1171875,952.9541015625
30.1328125,952.9458618164062
30.1484375,952.952392578125
30.1640625,952.9528198242188
30.1796875,952.9440307617188
30.1953125,952.9588623046875
30.2109375,952.9508666992188
30.2265625,952.9594116210938
30.2421875,952.9520263671875
30.2578125,952.95458984375
30.2734375,952.9913940429688
30.2890625,952.984375
30.3046875,953.12646484375
30.3203125,953.0619506835938
30.3359375,953.063232421875
30.3515625,953.1197509765625
30.3671875,953.0614013671875
30.3828125,953.0899658203125
30.3984375,953.171875
30.4140625,953.1168823242188
30.4296875,953.2477416992188
30.4453125,953.1986694335938
30.4609375,953.2950439453125
30.4765625,953.2079467773438
30.4921875,953.1156616210938
30.5078125,953.0834350585938
30.5234375,953.1144409179688
30.5390625,953.2113037109375
30.5546875,953.1630859375
30.5703125,953.1015625
30.5859375,953.1968383789062
30.6015625,953.2267456054688
30.6171875,953.1732788085938
30.6328125,953.1721801757812
30.6484375,953.17919921875
30.6640625,953.2302856445312
30.6796875,953.173828125
30.6953125,953.1956176757812
30.7109375,953.271240234375
30.7265625,953.1597290039062
30.7421875,953.186767578125
30.7578125,953.154052734375
30.7734375,953.1427001953125
30.7890625,953.16552734375
30.8046875,953.1417236328125
30.8203125,953.2015380859375
30.8359375,953.134765625
30.8515625,953.0662841796875
30.8671875,953.1234741210938
30.8828125,953.0919189453125
30.8984375,952.9865112304688
30.9140625,953.0025024414062
30.9296875,953.0076293945312
30.9453125,953.0026245117188
30.9609375,952.9796752929688
30.9765625,952.9732666015625
30.9921875,952.9868774414062
31.0078125,952.9878540039062
31.0234375,952.9881591796875
31.0390625,952.9806518554688
31.0546875,952.9754638671875
31.0703125,952.9796142578125
31.0859375,952.9652709960938
31.1015625,952.9705200195312
31.1171875,952.9691162109375
31.1328125,952.977294921875
31.1484375,952.9723510742188
31.1640625,952.9754638671875
31.1796875,952.9732666015625
31.1953125,952.9774780273438
31.2109375,952.9614868164062
31.2265625,952.9744873046875
31.2421875,952.9754638671875
31.2578125,952.9581298828125
31.2734375,952.9633178710938
31.2890625,952.9520874023438
31.3046875,952.9592895507812
31.3203125,952.9652709960938
31.3359375,952.966796875
31.3515625,952.9615478515625
