# Time (seconds),f0
0.0078125,27.58588409423828
0.0234375,27.58514404296875
0.0390625,27.594703674316406
0.0546875,27.587722778320312
0.0703125,27.571556091308594
0.0859375,27.591758728027344
0.1015625,27.58588409423828
0.1171875,27.58624267578125
0.1328125,27.60425567626953
0.1484375,27.6009521484375
0.1640625,27.58478546142578
0.1796875,27.58220672607422
0.1953125,27.58588409423828
0.2109375,27.597267150878906
0.2265625,27.595809936523438
0.2421875,27.587722778320312
0.2578125,27.597267150878906
0.2734375,27.587722778320312
0.2890625,27.602783203125
0.3046875,27.58514404296875
0.3203125,27.587722778320312
0.3359375,27.596908569335938
0.3515625,27.604629516601562
0.3671875,27.6002197265625
0.3828125,27.58403778076172
0.3984375,27.58293914794922
0.4140625,27.59984588623047
0.4296875,27.604629516601562
0.4453125,27.599472045898438
0.4609375,27.604629516601562
0.4765625,27.60167694091797
0.4921875,27.6038818359375
0.5078125,27.59911346435547
0.5234375,27.597640991210938
0.5390625,27.587722778320312
0.5546875,27.586990356445312
0.5703125,27.595062255859375
0.5859375,27.589195251464844
0.6015625,27.60608673095703
0.6171875,27.595436096191406
0.6328125,27.58037567138672
0.6484375,27.590293884277344
0.6640625,27.581832885742188
0.6796875,27.586990356445312
0.6953125,27.58588409423828
0.7109375,27.58551025390625
0.7265625,27.591026306152344
0.7421875,27.60425567626953
0.7578125,27.59984588623047
0.7734375,27.589553833007812
0.7890625,27.611602783203125
0.8046875,27.610496520996094
0.8203125,27.608665466308594
0.8359375,27.61675262451172
0.8515625,27.591026306152344
0.8671875,27.604629516601562
0.8828125,27.593963623046875
0.8984375,27.581100463867188
0.9140625,27.591026306152344
0.9296875,27.589553833007812
0.9453125,27.578903198242188
0.9609375,27.56897735595703
0.9765625,27.590293884277344
0.9921875,27.58037567138672
1.0078125,27.573760986328125
1.0234375,27.570083618164062
1.0390625,27.565673828125
1.0546875,27.56383514404297
1.0703125,27.56494140625
1.0859375,27.571556091308594
1.1015625,27.558326721191406
1.1171875,27.56456756591797
1.1328125,27.552810668945312
1.1484375,27.556121826171875
1.1640625,27.561988830566406
1.1796875,27.558326721191406
1.1953125,27.544349670410156
1.2109375,27.537734985351562
1.2265625,27.544349670410156
1.2421875,27.5322265625
1.2578125,27.534805297851562
1.2734375,27.53002166748047
1.2890625,27.531494140625
1.3046875,27.523048400878906
1.3203125,27.537002563476562
1.3359375,27.523048400878906
1.3515625,27.5303955078125
1.3671875,27.522674560546875
1.3828125,27.521202087402344
1.3984375,27.51532745361328
1.4140625,27.51202392578125
1.4296875,27.50981903076172
1.4453125,27.506507873535156
1.4609375,27.507614135742188
1.4765625,27.51458740234375
1.4921875,27.507972717285156
1.5078125,27.519363403320312
1.5234375,27.508346557617188
1.5390625,27.506134033203125
1.5546875,27.491806030273438
1.5703125,27.501358032226562
1.5859375,27.49768829345703
1.6015625,27.501358032226562
1.6171875,27.49842071533203
1.6328125,27.489974975585938
1.6484375,27.47930908203125
1.6640625,27.486663818359375
1.6796875,27.47820281982422
1.6953125,27.487770080566406
1.7109375,27.47820281982422
1.7265625,27.466445922851562
1.7421875,27.471588134765625
1.7578125,27.474166870117188
1.7734375,27.47563934326172
1.7890625,27.473068237304688
1.8046875,27.482254028320312
1.8203125,27.470130920410156
1.8359375,27.469383239746094
1.8515625,27.453590393066406
1.8671875,27.456527709960938
1.8828125,27.465721130371094
1.8984375,27.458358764648438
1.9140625,27.469383239746094
1.9296875,27.46387481689453
1.9453125,27.466445922851562
1.9609375,27.466445922851562
1.9765625,27.4598388671875
1.9921875,27.455429077148438
2.0078125,27.463516235351562
2.0234375,27.449913024902344
2.0390625,27.472694396972656
2.0546875,27.461669921875
2.0703125,27.465721130371094
2.0859375,27.466445922851562
2.1015625,27.467552185058594
2.1171875,27.4627685546875
2.1328125,27.46387481689453
2.1484375,27.452491760253906
2.1640625,27.44550323486328
2.1796875,27.454322814941406
2.1953125,27.44367218017578
2.2109375,27.43926239013672
2.2265625,27.44292449951172
2.2421875,27.436309814453125
2.2578125,27.432647705078125
2.2734375,27.434852600097656
2.2890625,27.440719604492188
2.3046875,27.431541442871094
2.3203125,27.42603302001953
2.3359375,27.434852600097656
2.3515625,27.429336547851562
2.3671875,27.44036102294922
2.3828125,27.432647705078125
2.3984375,27.428237915039062
2.4140625,27.413528442382812
2.4296875,27.42162322998047
2.4453125,27.420875549316406
2.4609375,27.4256591796875
2.4765625,27.421249389648438
2.4921875,27.420875549316406
2.5078125,27.412803649902344
2.5234375,27.4249267578125
2.5390625,27.417213439941406
2.5546875,27.419418334960938
2.5703125,27.414260864257812
2.5859375,27.413528442382812
2.6015625,27.418670654296875
2.6171875,27.413528442382812
2.6328125,27.411697387695312
2.6484375,27.40654754638672
2.6640625,27.411697387695312
2.6796875,27.402877807617188
2.6953125,27.416839599609375
2.7109375,27.402877807617188
2.7265625,27.399932861328125
2.7421875,27.397369384765625
2.7578125,27.398468017578125
2.7734375,27.387802124023438
2.7890625,27.397369384765625
2.8046875,27.38744354248047
2.8203125,27.38744354248047
2.8359375,27.396621704101562
2.8515625,27.37200927734375
2.8671875,27.3892822265625
2.8828125,27.384140014648438
2.8984375,27.37421417236328
2.9140625,27.37421417236328
2.9296875,27.377883911132812
2.9453125,27.37236785888672
2.9609375,27.379730224609375
2.9765625,27.385238647460938
2.9921875,27.35803985595703
3.0078125,27.376052856445312
3.0234375,27.385238647460938
3.0390625,27.385597229003906
3.0546875,27.383392333984375
3.0703125,27.376052856445312
3.0859375,27.383766174316406
3.1015625,27.37421417236328
3.1171875,27.37126922607422
3.1328125,27.378250122070312
3.1484375,27.37311553955078
3.1640625,27.358779907226562
3.1796875,27.385238647460938
3.1953125,27.39185333251953
3.2109375,27.3914794921875
3.2265625,27.39111328125
3.2421875,27.385971069335938
3.2578125,27.385971069335938
3.2734375,27.397369384765625
3.2890625,27.39075469970703
3.3046875,27.385238647460938
3.3203125,27.377883911132812
3.3359375,27.399932861328125
3.3515625,27.384140014648438
3.3671875,27.385971069335938
3.3828125,27.401031494140625
3.3984375,27.399200439453125
3.4140625,27.385971069335938
3.4296875,27.398468017578125
3.4453125,27.402877807617188
3.4609375,27.398468017578125
3.4765625,27.385238647460938
3.4921875,27.390380859375
3.5078125,27.387802124023438
3.5234375,27.377525329589844
3.5390625,27.394790649414062
3.5546875,27.383766174316406
3.5703125,27.3885498046875
3.5859375,27.38744354248047
3.6015625,27.382293701171875
3.6171875,27.377883911132812
3.6328125,27.37421417236328
3.6484375,27.37494659423828
3.6640625,27.37421417236328
3.6796875,27.37126922607422
3.6953125,27.384140014648438
3.7109375,27.384140014648438
3.7265625,27.37421417236328
3.7421875,27.382293701171875
3.7578125,27.35400390625
3.7734375,27.3558349609375
3.7890625,27.35400390625
3.8046875,27.35400390625
3.8203125,27.347381591796875
3.8359375,27.35803985595703
3.8515625,27.35913848876953
3.8671875,27.35400390625
3.8828125,27.35400390625
3.8984375,27.35400390625
3.9140625,27.365020751953125
3.9296875,27.35400390625
3.9453125,27.351791381835938
3.9609375,27.3558349609375
3.9765625,27.360610961914062
3.9921875,27.35400390625
4.0078125,27.35730743408203
4.0234375,27.359886169433594
4.0390625,27.35547637939453
4.0546875,27.35216522216797
4.0703125,27.342971801757812
4.0859375,27.345550537109375
4.1015625,27.342247009277344
4.1171875,27.342247009277344
4.1328125,27.35400390625
4.1484375,27.35106658935547
4.1640625,27.349220275878906
4.1796875,27.345550537109375
4.1953125,27.356201171875
4.2109375,27.333786010742188
4.2265625,27.33856201171875
4.2421875,27.35730743408203
4.2578125,27.35289764404297
4.2734375,27.350318908691406
4.2890625,27.341140747070312
4.3046875,27.35106658935547
4.3203125,27.346656799316406
4.3359375,27.33966827392578
4.3515625,27.352523803710938
4.3671875,27.351791381835938
4.3828125,27.35547637939453
4.3984375,27.364654541015625
4.4140625,27.35913848876953
4.4296875,27.35400390625
4.4453125,27.363922119140625
4.4609375,27.343704223632812
4.4765625,27.35216522216797
4.4921875,27.37494659423828
4.5078125,27.35400390625
4.5234375,27.360610961914062
4.5390625,27.360984802246094
4.5546875,27.35216522216797
4.5703125,27.347381591796875
4.5859375,27.346656799316406
4.6015625,27.35400390625
4.6171875,27.363189697265625
4.6328125,27.35400390625
4.6484375,27.35400390625
4.6640625,27.357681274414062
4.6796875,27.35803985595703
4.6953125,27.378250122070312
4.7109375,27.357681274414062
4.7265625,27.343704223632812
4.7421875,27.359886169433594
4.7578125,27.35913848876953
4.7734375,27.349960327148438
4.7890625,27.342247009277344
4.8046875,27.360244750976562
4.8203125,27.346656799316406
4.8359375,27.33856201171875
4.8515625,27.350318908691406
4.8671875,27.342971801757812
4.8828125,27.342247009277344
4.8984375,27.343704223632812
4.9140625,27.341873168945312
4.9296875,27.344078063964844
4.9453125,27.347015380859375
4.9609375,27.35106658935547
4.9765625,27.344451904296875
4.9921875,27.328643798828125
5.0078125,27.331954956054688
5.0234375,27.33673095703125
5.0390625,27.333786010742188
5.0546875,27.33673095703125
5.0703125,27.333786010742188
5.0859375,27.341140747070312
5.1015625,27.344078063964844
5.1171875,27.35547637939453
5.1328125,27.3543701171875
5.1484375,27.33856201171875
5.1640625,27.331954956054688
5.1796875,27.328269958496094
5.1953125,27.341140747070312
5.2109375,27.33856201171875
5.2265625,27.331222534179688
5.2421875,27.33856201171875
5.2578125,27.324607849121094
5.2734375,27.328269958496094
5.2890625,27.341873168945312
5.3046875,27.332679748535156
5.3203125,27.331222534179688
5.3359375,27.329376220703125
5.3515625,27.331954956054688
5.3671875,27.33856201171875
5.3828125,27.313941955566406
5.3984375,27.31835174560547
5.4140625,27.331222534179688
5.4296875,27.308425903320312
5.4453125,27.314682006835938
5.4609375,27.30365753173828
5.4765625,27.31578826904297
5.4921875,27.32129669189453
5.5078125,27.324607849121094
5.5234375,27.313941955566406
5.5390625,27.313941955566406
5.5546875,27.30512237548828
5.5703125,27.316146850585938
5.5859375,27.315040588378906
5.6015625,27.314682006835938
5.6171875,27.31578826904297
5.6328125,27.313941955566406
5.6484375,27.312103271484375
5.6640625,27.30071258544922
5.6796875,27.308799743652344
5.6953125,27.307693481445312
5.7109375,27.308425903320312
5.7265625,27.316513061523438
5.7421875,27.32386016845703
5.7578125,27.325706481933594
5.7734375,27.3209228515625
5.7890625,27.31578826904297
5.8046875,27.310272216796875
5.8203125,27.313941955566406
5.8359375,27.32276153564453
5.8515625,27.312103271484375
5.8671875,27.32276153564453
5.8828125,27.329742431640625
5.8984375,27.312103271484375
5.9140625,27.325706481933594
5.9296875,27.316513061523438
5.9453125,27.324966430664062
5.9609375,27.312103271484375
5.9765625,27.330474853515625
5.9921875,27.316513061523438
6.0078125,27.317245483398438
6.0234375,27.325706481933594
6.0390625,27.32386016845703
6.0546875,27.313941955566406
6.0703125,27.313583374023438
6.0859375,27.308425903320312
6.1015625,27.319091796875
6.1171875,27.307693481445312
6.1328125,27.313941955566406
6.1484375,27.308067321777344
6.1640625,27.311378479003906
6.1796875,27.308425903320312
6.1953125,27.30365753173828
6.2109375,27.30291748046875
6.2265625,27.30218505859375
6.2421875,27.306594848632812
6.2578125,27.306594848632812
6.2734375,27.308425903320312
6.2890625,27.30291748046875
6.3046875,27.30512237548828
6.3203125,27.292633056640625
6.3359375,27.307693481445312
6.3515625,27.299606323242188
6.3671875,27.304763793945312
6.3828125,27.297042846679688
6.3984375,27.294837951660156
6.4140625,27.296676635742188
6.4296875,27.295570373535156
6.4453125,27.289329528808594
6.4609375,27.30365753173828
6.4765625,27.30438995361328
6.4921875,27.292633056640625
6.5078125,27.30365753173828
6.5234375,27.289329528808594
6.5390625,27.28748321533203
6.5546875,27.294097900390625
6.5703125,27.28564453125
6.5859375,27.2845458984375
6.6015625,27.292991638183594
6.6171875,27.28491973876953
6.6328125,27.28491973876953
6.6484375,27.28564453125
6.6640625,27.28858184814453
6.6796875,27.27094268798828
6.6953125,27.28675079345703
6.7109375,27.2838134765625
6.7265625,27.277557373046875
6.7421875,27.275352478027344
6.7578125,27.2838134765625
6.7734375,27.291160583496094
6.7890625,27.28417205810547
6.8046875,27.28858184814453
6.8203125,27.28417205810547
6.8359375,27.28160858154297
6.8515625,27.28748321533203
6.8671875,27.273895263671875
6.8828125,27.26911163330078
6.8984375,27.28417205810547
6.9140625,27.28675079345703
6.9296875,27.278305053710938
6.9453125,27.271690368652344
6.9609375,27.272789001464844
6.9765625,27.275726318359375
6.9921875,27.290428161621094
7.0078125,27.28271484375
7.0234375,27.28234100341797
7.0390625,27.272789001464844
7.0546875,27.28491973876953
7.0703125,27.274627685546875
7.0859375,27.272789001464844
7.1015625,27.275352478027344
7.1171875,27.271690368652344
7.1328125,27.28675079345703
7.1484375,27.277198791503906
7.1640625,27.275352478027344
7.1796875,27.28050994873047
7.1953125,27.26800537109375
7.2109375,27.280868530273438
7.2265625,27.28675079345703
7.2421875,27.28491973876953
7.2578125,27.28748321533203
7.2734375,27.278663635253906
7.2890625,27.294097900390625
7.3046875,27.2845458984375
7.3203125,27.275352478027344
7.3359375,27.272789001464844
7.3515625,27.289329528808594
7.3671875,27.2852783203125
7.3828125,27.275352478027344
7.3984375,27.271690368652344
7.4140625,27.26728057861328
7.4296875,27.28675079345703
7.4453125,27.272789001464844
7.4609375,27.26728057861328
7.4765625,27.276100158691406
7.4921875,27.26728057861328
7.5078125,27.274627685546875
7.5234375,27.274627685546875
7.5390625,27.26837921142578
7.5546875,27.272048950195312
7.5703125,27.275352478027344
7.5859375,27.255149841308594
7.6015625,27.276100158691406
7.6171875,27.26653289794922
7.6328125,27.255149841308594
7.6484375,27.26653289794922
7.6640625,27.259559631347656
7.6796875,27.255508422851562
7.6953125,27.242652893066406
7.7109375,27.244125366210938
7.7265625,27.255149841308594
7.7421875,27.256614685058594
7.7578125,27.234939575195312
7.7734375,27.24706268310547
7.7890625,27.240447998046875
7.8046875,27.244857788085938
7.8203125,27.24706268310547
7.8359375,27.243759155273438
7.8515625,27.23125457763672
7.8671875,27.242652893066406
7.8828125,27.245590209960938
7.8984375,27.244857788085938
7.9140625,27.235305786132812
7.9296875,27.23015594482422
7.9453125,27.237869262695312
7.9609375,27.237869262695312
7.9765625,27.221710205078125
7.9921875,27.229049682617188
8.0078125,27.23200225830078
8.0234375,27.23272705078125
8.0390625,27.22979736328125
8.0546875,27.223907470703125
8.0703125,27.224281311035156
8.0859375,27.2158203125
8.1015625,27.228317260742188
8.1171875,27.224281311035156
8.1328125,27.21619415283203
8.1484375,27.226119995117188
8.1640625,27.23089599609375
8.1796875,27.21436309814453
8.1953125,27.22979736328125
8.2109375,27.21692657470703
8.2265625,27.223907470703125
8.2421875,27.2139892578125
8.2578125,27.21692657470703
8.2734375,27.210311889648438
8.2890625,27.228317260742188
8.3046875,27.220977783203125
8.3203125,27.221710205078125
8.3359375,27.218772888183594
8.3515625,27.221710205078125
8.3671875,27.223907470703125
8.3828125,27.208847045898438
8.3984375,27.21692657470703
8.4140625,27.223182678222656
8.4296875,27.21692657470703
8.4453125,27.20995330810547
8.4609375,27.23015594482422
8.4765625,27.23089599609375
8.4921875,27.229049682617188
8.5078125,27.23015594482422
8.5234375,27.22759246826172
8.5390625,27.229049682617188
8.5546875,27.23089599609375
8.5703125,27.222434997558594
8.5859375,27.227951049804688
8.6015625,27.221710205078125
8.6171875,27.23015594482422
8.6328125,27.225013732910156
8.6484375,27.23089599609375
8.6640625,27.224281311035156
8.6796875,27.225387573242188
8.6953125,27.220977783203125
8.7109375,27.226119995117188
8.7265625,27.221710205078125
8.7421875,27.223907470703125
8.7578125,27.228317260742188
8.7734375,27.221710205078125
8.7890625,27.223907470703125
8.8046875,27.223541259765625
8.8203125,27.23015594482422
8.8359375,27.219871520996094
8.8515625,27.22759246826172
8.8671875,27.221710205078125
8.8828125,27.221710205078125
8.8984375,27.222076416015625
8.9140625,27.221336364746094
8.9296875,27.226119995117188
8.9453125,27.210678100585938
8.9609375,27.209579467773438
8.9765625,27.209205627441406
8.9921875,27.215087890625
9.0078125,27.228317260742188
9.0234375,27.210678100585938
9.0390625,27.220230102539062
9.0546875,27.21692657470703
9.0703125,27.225387573242188
9.0859375,27.21692657470703
9.1015625,27.208847045898438
9.1171875,27.200027465820312
9.1328125,27.205543518066406
9.1484375,27.19928741455078
9.1640625,27.200027465820312
9.1796875,27.198928833007812
9.1953125,27.210678100585938
9.2109375,27.21251678466797
9.2265625,27.202232360839844
9.2421875,27.200027465820312
9.2578125,27.210678100585938
9.2734375,27.198928833007812
9.2890625,27.21546173095703
9.3046875,27.21251678466797
9.3203125,27.207374572753906
9.3359375,27.19561767578125
9.3515625,27.187530517578125
9.3671875,27.186798095703125
9.3828125,27.190109252929688
9.3984375,27.17908477783203
9.4140625,27.21619415283203
9.4296875,27.19451904296875
9.4453125,27.185699462890625
9.4609375,27.187530517578125
9.4765625,27.19451904296875
9.4921875,27.19928741455078
9.5078125,27.19818115234375
9.5234375,27.18091583251953
9.5390625,27.19597625732422
9.5546875,27.203697204589844
9.5703125,27.202964782714844
9.5859375,27.190109252929688
9.6015625,27.207000732421875
9.6171875,27.209205627441406
9.6328125,27.204071044921875
9.6484375,27.193771362304688
9.6640625,27.19414520263672
9.6796875,27.204795837402344
9.6953125,27.19928741455078
9.7109375,27.19414520263672
9.7265625,27.190841674804688
9.7421875,27.19487762451172
9.7578125,27.218772888183594
9.7734375,27.205543518066406
9.7890625,27.204071044921875
9.8046875,27.200759887695312
9.8203125,27.200759887695312
9.8359375,27.19672393798828
9.8515625,27.202964782714844
9.8671875,27.21105194091797
9.8828125,27.2139892578125
9.8984375,27.203697204589844
9.9140625,27.204795837402344
9.9296875,27.208480834960938
9.9453125,27.203338623046875
9.9609375,27.217666625976562
9.9765625,27.210311889648438
9.9921875,27.19414520263672
10.0078125,27.20038604736328
10.0234375,27.21619415283203
10.0390625,27.211410522460938
10.0546875,27.21692657470703
10.0703125,27.19672393798828
10.0859375,27.212890625
10.1015625,27.19672393798828
10.1171875,27.20038604736328
10.1328125,27.207000732421875
10.1484375,27.20995330810547
10.1640625,27.21105194091797
10.1796875,27.210678100585938
10.1953125,27.219871520996094
10.2109375,27.199661254882812
10.2265625,27.219497680664062
10.2421875,27.2147216796875
10.2578125,27.19928741455078
10.2734375,27.208106994628906
10.2890625,27.193038940429688
10.3046875,27.19561767578125
10.3203125,27.198928833007812
10.3359375,27.205543518066406
10.3515625,27.19561767578125
10.3671875,27.187530517578125
10.3828125,27.202232360839844
10.3984375,27.211410522460938
10.4140625,27.19855499267578
10.4296875,27.19451904296875
10.4453125,27.19451904296875
10.4609375,27.189361572265625
10.4765625,27.19561767578125
10.4921875,27.18164825439453
10.5078125,27.189361572265625
10.5234375,27.183853149414062
10.5390625,27.185699462890625
10.5546875,27.19525146484375
10.5703125,27.192672729492188
10.5859375,27.18091583251953
10.6015625,27.18274688720703
10.6171875,27.169891357421875
10.6328125,27.184951782226562
10.6484375,27.172828674316406
10.6640625,27.173927307128906
10.6796875,27.187904357910156
10.6953125,27.18274688720703
10.7109375,27.1768798828125
10.7265625,27.184951782226562
10.7421875,27.18091583251953
10.7578125,27.17650604248047
10.7734375,27.170989990234375
10.7890625,27.1798095703125
10.8046875,27.174301147460938
10.8203125,27.1768798828125
10.8359375,27.1787109375
10.8515625,27.173927307128906
10.8671875,27.158493041992188
10.8828125,27.167312622070312
10.8984375,27.169158935546875
10.9140625,27.17908477783203
10.9296875,27.166580200195312
10.9453125,27.15886688232422
10.9609375,27.172470092773438
10.9765625,27.170989990234375
10.9921875,27.17577362060547
11.0078125,27.167686462402344
11.0234375,27.16290283203125
11.0390625,27.153350830078125
11.0546875,27.176132202148438
11.0703125,27.16033935546875
11.0859375,27.169158935546875
11.1015625,27.171722412109375
11.1171875,27.16400909423828
11.1328125,27.16217041015625
11.1484375,27.155189514160156
11.1640625,27.166954040527344
11.1796875,27.173927307128906
11.1953125,27.16217041015625
11.2109375,27.16217041015625
11.2265625,27.168418884277344
11.2421875,27.165855407714844
11.2578125,27.155929565429688
11.2734375,27.165481567382812
11.2890625,27.171722412109375
11.3046875,27.169158935546875
11.3203125,27.167686462402344
11.3359375,27.173927307128906
11.3515625,27.16290283203125
11.3671875,27.174301147460938
11.3828125,27.173927307128906
11.3984375,27.17908477783203
11.4140625,27.18274688720703
11.4296875,27.170989990234375
11.4453125,27.171722412109375
11.4609375,27.168060302734375
11.4765625,27.167312622070312
11.4921875,27.16254425048828
11.5078125,27.166580200195312
11.5234375,27.16107177734375
11.5390625,27.155929565429688
11.5546875,27.172470092773438
11.5703125,27.165481567382812
11.5859375,27.165481567382812
11.6015625,27.170989990234375
11.6171875,27.172470092773438
11.6328125,27.16217041015625
11.6484375,27.15886688232422
11.6640625,27.148216247558594
11.6796875,27.16400909423828
11.6953125,27.16033935546875
11.7109375,27.15886688232422
11.7265625,27.149673461914062
11.7421875,27.151519775390625
11.7578125,27.149673461914062
11.7734375,27.154457092285156
11.7890625,27.14636993408203
11.8046875,27.1416015625
11.8203125,27.150779724121094
11.8359375,27.150779724121094
11.8515625,27.139022827148438
11.8671875,27.147109985351562
11.8828125,27.145263671875
11.8984375,27.147842407226562
11.9140625,27.14453125
11.9296875,27.156661987304688
11.9453125,27.133880615234375
11.9609375,27.145263671875
11.9765625,27.14122772216797
11.9921875,27.140121459960938
12.0078125,27.14196014404297
12.0234375,27.155563354492188
12.0390625,27.139022827148438
12.0546875,27.150779724121094
12.0703125,27.150779724121094
12.0859375,27.146743774414062
12.1015625,27.14563751220703
12.1171875,27.150047302246094
12.1328125,27.140121459960938
12.1484375,27.13939666748047
12.1640625,27.140853881835938
12.1796875,27.14380645751953
12.1953125,27.151519775390625
12.2109375,27.130935668945312
12.2265625,27.1441650390625
12.2421875,27.133880615234375
12.2578125,27.148574829101562
12.2734375,27.140121459960938
12.2890625,27.147109985351562
12.3046875,27.1427001953125
12.3203125,27.148574829101562
12.3359375,27.140121459960938
12.3515625,27.138290405273438
12.3671875,27.137191772460938
12.3828125,27.130203247070312
12.3984375,27.142333984375
12.4140625,27.14453125
12.4296875,27.1416015625
12.4453125,27.146743774414062
12.4609375,27.134239196777344
12.4765625,27.152626037597656
12.4921875,27.137550354003906
12.5078125,27.14380645751953
12.5234375,27.149673461914062
12.5390625,27.148941040039062
12.5546875,27.1441650390625
12.5703125,27.153724670410156
12.5859375,27.149673461914062
12.6015625,27.12579345703125
12.6171875,27.15813446044922
12.6328125,27.15924072265625
12.6484375,27.14636993408203
12.6640625,27.14453125
12.6796875,27.14196014404297
12.6953125,27.149673461914062
12.7109375,27.151519775390625
12.7265625,27.147109985351562
12.7421875,27.148574829101562
12.7578125,27.14490509033203
12.7734375,27.146743774414062
12.7890625,27.150779724121094
12.8046875,27.146743774414062
12.8203125,27.149673461914062
12.8359375,27.146011352539062
12.8515625,27.163650512695312
12.8671875,27.151878356933594
12.8828125,27.150047302246094
12.8984375,27.149673461914062
12.9140625,27.146743774414062
12.9296875,27.14453125
12.9453125,27.156661987304688
12.9609375,27.14049530029297
12.9765625,27.150779724121094
12.9921875,27.134986877441406
13.0078125,27.131675720214844
13.0234375,27.148574829101562
13.0390625,27.137924194335938
13.0546875,27.154083251953125
13.0703125,27.1441650390625
13.0859375,27.148574829101562
13.1015625,27.145263671875
13.1171875,27.140121459960938
13.1328125,27.156661987304688
13.1484375,27.138290405273438
13.1640625,27.140121459960938
13.1796875,27.140853881835938
13.1953125,27.12726593017578
13.2109375,27.132781982421875
13.2265625,27.135345458984375
13.2421875,27.130935668945312
13.2578125,27.138648986816406
13.2734375,27.132781982421875
13.2890625,27.133140563964844
13.3046875,27.119911193847656
13.3203125,27.12358856201172
13.3359375,27.132034301757812
13.3515625,27.12358856201172
13.3671875,27.12652587890625
13.3828125,27.12579345703125
13.3984375,27.12358856201172
13.4140625,27.12726593017578
13.4296875,27.11035919189453
13.4453125,27.129104614257812
13.4609375,27.114768981933594
13.4765625,27.130935668945312
13.4921875,27.12689208984375
13.5078125,27.12873077392578
13.5234375,27.10962677001953
13.5390625,27.12541961669922
13.5546875,27.118072509765625
13.5703125,27.10668182373047
13.5859375,27.111465454101562
13.6015625,27.115875244140625
13.6171875,27.12689208984375
13.6328125,27.119911193847656
13.6484375,27.10778045654297
13.6640625,27.119911193847656
13.6796875,27.11035919189453
13.6953125,27.114768981933594
13.7109375,27.11035919189453
13.7265625,27.119911193847656
13.7421875,27.10668182373047
13.7578125,27.115875244140625
13.7734375,27.119911193847656
13.7890625,27.116973876953125
13.8046875,27.112937927246094
13.8203125,27.118446350097656
13.8359375,27.12726593017578
13.8515625,27.119178771972656
13.8671875,27.119178771972656
13.8828125,27.12762451171875
13.8984375,27.116600036621094
13.9140625,27.12652587890625
13.9296875,27.12358856201172
13.9453125,27.129470825195312
13.9609375,27.134239196777344
13.9765625,27.12175750732422
13.9921875,27.10778045654297
14.0078125,27.12726593017578
14.0234375,27.10411834716797
14.0390625,27.12726593017578
14.0546875,27.123214721679688
14.0703125,27.12762451171875
14.0859375,27.132781982421875
14.1015625,27.12175750732422
14.1171875,27.12873077392578
14.1328125,27.10668182373047
14.1484375,27.12726593017578
14.1640625,27.134986877441406
14.1796875,27.129470825195312
14.1953125,27.134239196777344
14.2109375,27.12358856201172
14.2265625,27.12358856201172
14.2421875,27.12506103515625
14.2578125,27.10668182373047
14.2734375,27.115142822265625
14.2890625,27.11035919189453
14.3046875,27.12506103515625
14.3203125,27.10668182373047
14.3359375,27.09198760986328
14.3515625,27.10668182373047
14.3671875,27.114036560058594
14.3828125,27.119911193847656
14.3984375,27.10411834716797
14.4140625,27.12689208984375
14.4296875,27.119178771972656
14.4453125,27.119911193847656
14.4609375,27.10594940185547
14.4765625,27.10668182373047
14.4921875,27.12689208984375
14.5078125,27.112937927246094
14.5234375,27.10594940185547
14.5390625,27.100433349609375
14.5546875,27.100433349609375
14.5703125,27.100433349609375
14.5859375,27.100433349609375
14.6015625,27.09014129638672
14.6171875,27.09161376953125
14.6328125,27.100433349609375
14.6484375,27.08647918701172
14.6640625,27.09014129638672
14.6796875,27.09161376953125
14.6953125,27.093826293945312
14.7109375,27.08647918701172
14.7265625,27.09014129638672
14.7421875,27.085006713867188
14.7578125,27.09014129638672
14.7734375,27.083168029785156
14.7890625,27.085006713867188
14.8046875,27.082794189453125
14.8203125,27.080596923828125
14.8359375,27.08647918701172
14.8515625,27.077659606933594
14.8671875,27.083168029785156
14.8828125,27.08868408203125
14.8984375,27.082794189453125
14.9140625,27.084632873535156
14.9296875,27.084632873535156
14.9453125,27.080963134765625
14.9609375,27.080963134765625
14.9765625,27.081695556640625
14.9921875,27.081321716308594
15.0078125,27.087203979492188
15.0234375,27.082794189453125
15.0390625,27.07691192626953
15.0546875,27.077659606933594
15.0703125,27.077285766601562
15.0859375,27.078384399414062
15.1015625,27.084632873535156
15.1171875,27.078384399414062
15.1328125,27.080963134765625
15.1484375,27.07324981689453
15.1640625,27.077285766601562
15.1796875,27.082794189453125
15.1953125,27.080223083496094
15.2109375,27.078758239746094
15.2265625,27.077659606933594
15.2421875,27.083168029785156
15.2578125,27.08941650390625
15.2734375,27.10411834716797
15.2890625,27.08647918701172
15.3046875,27.102272033691406
15.3203125,27.095657348632812
15.3359375,27.09051513671875
15.3515625,27.098602294921875
15.3671875,27.087203979492188
15.3828125,27.09014129638672
15.3984375,27.09161376953125
15.4140625,27.09014129638672
15.4296875,27.09198760986328
15.4453125,27.09014129638672
15.4609375,27.097129821777344
15.4765625,27.08647918701172
15.4921875,27.10411834716797
15.5078125,27.100433349609375
15.5234375,27.10411834716797
15.5390625,27.10411834716797
15.5546875,27.10411834716797
15.5703125,27.087203979492188
15.5859375,27.100433349609375
15.6015625,27.09014129638672
15.6171875,27.098602294921875
15.6328125,27.09198760986328
15.6484375,27.096755981445312
15.6640625,27.10411834716797
15.6796875,27.100433349609375
15.6953125,27.10411834716797
15.7109375,27.100433349609375
15.7265625,27.116600036621094
15.7421875,27.100433349609375
15.7578125,27.094192504882812
15.7734375,27.094192504882812
15.7890625,27.10411834716797
15.8046875,27.100433349609375
15.8203125,27.101165771484375
15.8359375,27.093093872070312
15.8515625,27.10411834716797
15.8671875,27.09198760986328
15.8828125,27.087936401367188
15.8984375,27.09051513671875
15.9140625,27.09014129638672
15.9296875,27.078018188476562
15.9453125,27.081321716308594
15.9609375,27.07470703125
15.9765625,27.083168029785156
15.9921875,27.082069396972656
16.0078125,27.084274291992188
16.0234375,27.07470703125
16.0390625,27.084274291992188
16.0546875,27.079490661621094
16.0703125,27.082794189453125
16.0859375,27.07508087158203
16.1015625,27.066635131835938
16.1171875,27.07324981689453
16.1328125,27.076553344726562
16.1484375,27.0721435546875
16.1640625,27.062957763671875
16.1796875,27.068466186523438
16.1953125,27.07324981689453
16.2109375,27.0736083984375
16.2265625,27.062957763671875
16.2421875,27.067733764648438
16.2578125,27.05633544921875
16.2734375,27.070297241210938
16.2890625,27.065887451171875
16.3046875,27.065887451171875
16.3203125,27.05927276611328
16.3359375,27.0721435546875
16.3515625,27.07324981689453
16.3671875,27.069564819335938
16.3828125,27.065887451171875
16.3984375,27.060020446777344
16.4140625,27.069564819335938
16.4296875,27.062957763671875
16.4453125,27.062957763671875
16.4609375,27.07581329345703
16.4765625,27.077285766601562
16.4921875,27.067733764648438
16.5078125,27.082427978515625
16.5234375,27.065528869628906
16.5390625,27.078384399414062
16.5546875,27.060020446777344
16.5703125,27.076553344726562
16.5859375,27.077285766601562
16.6015625,27.083168029785156
16.6171875,27.080963134765625
16.6328125,27.070297241210938
16.6484375,27.061851501464844
16.6640625,27.067733764648438
16.6796875,27.069564819335938
16.6953125,27.076553344726562
16.7109375,27.073974609375
16.7265625,27.079116821289062
16.7421875,27.093093872070312
16.7578125,27.080963134765625
16.7734375,27.080963134765625
16.7890625,27.083168029785156
16.8046875,27.09014129638672
16.8203125,27.085006713867188
16.8359375,27.079116821289062
16.8515625,27.09051513671875
16.8671875,27.09051513671875
16.8828125,27.07581329345703
16.8984375,27.080596923828125
16.9140625,27.077285766601562
16.9296875,27.07581329345703
16.9453125,27.087203979492188
16.9609375,27.09051513671875
16.9765625,27.087203979492188
16.9921875,27.084632873535156
17.0078125,27.084274291992188
17.0234375,27.073974609375
17.0390625,27.07324981689453
17.0546875,27.093093872070312
17.0703125,27.081695556640625
17.0859375,27.100433349609375
17.1015625,27.085006713867188
17.1171875,27.083168029785156
17.1328125,27.085006713867188
17.1484375,27.081695556640625
17.1640625,27.079116821289062
17.1796875,27.087203979492188
17.1953125,27.097503662109375
17.2109375,27.095657348632812
17.2265625,27.09198760986328
17.2421875,27.084632873535156
17.2578125,27.080963134765625
17.2734375,27.086837768554688
17.2890625,27.09051513671875
17.3046875,27.09014129638672
17.3203125,27.112937927246094
17.3359375,27.08647918701172
17.3515625,27.094192504882812
17.3671875,27.100433349609375
17.3828125,27.094192504882812
17.3984375,27.10411834716797
17.4140625,27.121009826660156
17.4296875,27.100433349609375
17.4453125,27.101165771484375
17.4609375,27.10668182373047
17.4765625,27.119911193847656
17.4921875,27.118446350097656
17.5078125,27.12762451171875
17.5234375,27.115875244140625
17.5390625,27.12579345703125
17.5546875,27.12762451171875
17.5703125,27.12762451171875
17.5859375,27.12469482421875
17.6015625,27.129470825195312
17.6171875,27.12652587890625
17.6328125,27.12762451171875
17.6484375,27.12762451171875
17.6640625,27.134239196777344
17.6796875,27.123214721679688
17.6953125,27.12358856201172
17.7109375,27.130935668945312
17.7265625,27.119911193847656
17.7421875,27.130935668945312
17.7578125,27.115142822265625
17.7734375,27.130203247070312
17.7890625,27.129470825195312
17.8046875,27.134239196777344
17.8203125,27.12726593017578
17.8359375,27.11035919189453
17.8515625,27.123214721679688
17.8671875,27.12689208984375
17.8828125,27.12541961669922
17.8984375,27.12762451171875
17.9140625,27.132034301757812
17.9296875,27.135711669921875
17.9453125,27.132781982421875
17.9609375,27.12358856201172
17.9765625,27.12358856201172
17.9921875,27.132781982421875
18.0078125,27.130935668945312
18.0234375,27.12358856201172
18.0390625,27.134239196777344
18.0546875,27.135345458984375
18.0703125,27.136817932128906
18.0859375,27.135345458984375
18.1015625,27.135711669921875
18.1171875,27.12982940673828
18.1328125,27.14380645751953
18.1484375,27.133514404296875
18.1640625,27.133880615234375
18.1796875,27.150779724121094
18.1953125,27.150779724121094
18.2109375,27.14636993408203
18.2265625,27.137550354003906
18.2421875,27.134613037109375
18.2578125,27.1416015625
18.2734375,27.14563751220703
18.2890625,27.151519775390625
18.3046875,27.14636993408203
18.3203125,27.16107177734375
18.3359375,27.16400909423828
18.3515625,27.155189514160156
18.3671875,27.155929565429688
18.3828125,27.16217041015625
18.3984375,27.185325622558594
18.4140625,27.164749145507812
18.4296875,27.16254425048828
18.4453125,27.170265197753906
18.4609375,27.18091583251953
18.4765625,27.188262939453125
18.4921875,27.175399780273438
18.5078125,27.189002990722656
18.5234375,27.184951782226562
18.5390625,27.18091583251953
18.5546875,27.18091583251953
18.5703125,27.18091583251953
18.5859375,27.184593200683594
18.6015625,27.185325622558594
18.6171875,27.193038940429688
18.6328125,27.189002990722656
18.6484375,27.187530517578125
18.6640625,27.187156677246094
18.6796875,27.1768798828125
18.6953125,27.186431884765625
18.7109375,27.191940307617188
18.7265625,27.1768798828125
18.7421875,27.186431884765625
18.7578125,27.182388305664062
18.7734375,27.19451904296875
18.7890625,27.188629150390625
18.8046875,27.175399780273438
18.8203125,27.183494567871094
18.8359375,27.18091583251953
18.8515625,27.167312622070312
18.8671875,27.183853149414062
18.8828125,27.189361572265625
18.8984375,27.184951782226562
18.9140625,27.167312622070312
18.9296875,27.17833709716797
18.9453125,27.171363830566406
18.9609375,27.172470092773438
18.9765625,27.1768798828125
18.9921875,27.173927307128906
19.0078125,27.17908477783203
19.0234375,27.16400909423828
19.0390625,27.166954040527344
19.0546875,27.168060302734375
19.0703125,27.15813446044922
19.0859375,27.16327667236328
19.1015625,27.167686462402344
19.1171875,27.166580200195312
19.1328125,27.16254425048828
19.1484375,27.172470092773438
19.1640625,27.166954040527344
19.1796875,27.170265197753906
19.1953125,27.169158935546875
19.2109375,27.169158935546875
19.2265625,27.16510772705078
19.2421875,27.163650512695312
19.2578125,27.14636993408203
19.2734375,27.156661987304688
19.2890625,27.158493041992188
19.3046875,27.156661987304688
19.3203125,27.16254425048828
19.3359375,27.148216247558594
19.3515625,27.157394409179688
19.3671875,27.155929565429688
19.3828125,27.16254425048828
19.3984375,27.16254425048828
19.4140625,27.148941040039062
19.4296875,27.16290283203125
19.4453125,27.16033935546875
19.4609375,27.166213989257812
19.4765625,27.16033935546875
19.4921875,27.16033935546875
19.5078125,27.16033935546875
19.5234375,27.146743774414062
19.5390625,27.146743774414062
19.5546875,27.146743774414062
19.5703125,27.146743774414062
19.5859375,27.151519775390625
19.6015625,27.14636993408203
19.6171875,27.14636993408203
19.6328125,27.153350830078125
19.6484375,27.146743774414062
19.6640625,27.136817932128906
19.6796875,27.140121459960938
19.6953125,27.138290405273438
19.7109375,27.149673461914062
19.7265625,27.14380645751953
19.7421875,27.14196014404297
19.7578125,27.1441650390625
19.7734375,27.134986877441406
19.7890625,27.136444091796875
19.8046875,27.13939666748047
19.8203125,27.147842407226562
19.8359375,27.136817932128906
19.8515625,27.1434326171875
19.8671875,27.1427001953125
19.8828125,27.14636993408203
19.8984375,27.158493041992188
19.9140625,27.16144561767578
19.9296875,27.16033935546875
19.9453125,27.16033935546875
19.9609375,27.137550354003906
19.9765625,27.14636993408203
19.9921875,27.169158935546875
20.0078125,27.149673461914062
20.0234375,27.169158935546875
20.0390625,27.166954040527344
20.0546875,27.169158935546875
20.0703125,27.16033935546875
20.0859375,27.165481567382812
20.1015625,27.175399780273438
20.1171875,27.175399780273438
20.1328125,27.177978515625
20.1484375,27.184593200683594
20.1640625,27.190467834472656
20.1796875,27.186431884765625
20.1953125,27.189735412597656
20.2109375,27.18091583251953
20.2265625,27.186431884765625
20.2421875,27.186798095703125
20.2578125,27.190841674804688
20.2734375,27.186431884765625
20.2890625,27.19414520263672
20.3046875,27.19744873046875
20.3203125,27.19708251953125
20.3359375,27.190841674804688
20.3515625,27.190841674804688
20.3671875,27.1798095703125
20.3828125,27.187530517578125
20.3984375,27.1805419921875
20.4140625,27.18091583251953
20.4296875,27.200027465820312
20.4453125,27.177978515625
20.4609375,27.187904357910156
20.4765625,27.193771362304688
20.4921875,27.19451904296875
20.5078125,27.18164825439453
20.5234375,27.19414520263672
20.5390625,27.19414520263672
20.5546875,27.19341278076172
20.5703125,27.18274688720703
20.5859375,27.184593200683594
20.6015625,27.18091583251953
20.6171875,27.19928741455078
20.6328125,27.188262939453125
20.6484375,27.189735412597656
20.6640625,27.18164825439453
20.6796875,27.187530517578125
20.6953125,27.190841674804688
20.7109375,27.19597625732422
20.7265625,27.187530517578125
20.7421875,27.19414520263672
20.7578125,27.19451904296875
20.7734375,27.192672729492188
20.7890625,27.202964782714844
20.8046875,27.19782257080078
20.8203125,27.183853149414062
20.8359375,27.18091583251953
20.8515625,27.19231414794922
20.8671875,27.185325622558594
20.8828125,27.168060302734375
20.8984375,27.186431884765625
20.9140625,27.18018341064453
20.9296875,27.185325622558594
20.9453125,27.173927307128906
20.9609375,27.17723846435547
20.9765625,27.18018341064453
20.9921875,27.168060302734375
21.0078125,27.173927307128906
21.0234375,27.18091583251953
21.0390625,27.17723846435547
21.0546875,27.172470092773438
21.0703125,27.172470092773438
21.0859375,27.1787109375
21.1015625,27.175399780273438
21.1171875,27.183853149414062
21.1328125,27.173927307128906
21.1484375,27.18091583251953
21.1640625,27.18274688720703
21.1796875,27.187904357910156
21.1953125,27.198928833007812
21.2109375,27.184951782226562
21.2265625,27.187530517578125
21.2421875,27.187530517578125
21.2578125,27.205543518066406
21.2734375,27.190841674804688
21.2890625,27.210678100585938
21.3046875,27.19855499267578
21.3203125,27.21251678466797
21.3359375,27.19672393798828
21.3515625,27.202964782714844
21.3671875,27.206642150878906
21.3828125,27.203697204589844
21.3984375,27.211410522460938
21.4140625,27.220230102539062
21.4296875,27.2147216796875
21.4453125,27.218772888183594
21.4609375,27.21692657470703
21.4765625,27.228317260742188
21.4921875,27.228317260742188
21.5078125,27.23015594482422
21.5234375,27.243759155273438
21.5390625,27.243759155273438
21.5546875,27.24706268310547
21.5703125,27.25330352783203
21.5859375,27.24706268310547
21.6015625,27.26653289794922
21.6171875,27.259559631347656
21.6328125,27.26653289794922
21.6484375,27.26837921142578
21.6640625,27.26728057861328
21.6796875,27.272789001464844
21.6953125,27.26653289794922
21.7109375,27.272789001464844
21.7265625,27.26911163330078
21.7421875,27.26653289794922
21.7578125,27.272789001464844
21.7734375,27.260665893554688
21.7890625,27.26911163330078
21.8046875,27.26911163330078
21.8203125,27.255149841308594
21.8359375,27.259185791015625
21.8515625,27.260292053222656
21.8671875,27.26396942138672
21.8828125,27.26911163330078
21.8984375,27.26653289794922
21.9140625,27.259185791015625
21.9296875,27.263229370117188
21.9453125,27.255149841308594
21.9609375,27.263229370117188
21.9765625,27.261764526367188
21.9921875,27.244857788085938
22.0078125,27.259559631347656
22.0234375,27.259559631347656
22.0390625,27.26911163330078
22.0546875,27.259185791015625
22.0703125,27.258460998535156
22.0859375,27.26911163330078
22.1015625,27.24779510498047
22.1171875,27.259185791015625
22.1328125,27.26984405517578
22.1484375,27.263229370117188
22.1640625,27.257713317871094
22.1796875,27.255149841308594
22.1953125,27.25330352783203
22.2109375,27.2503662109375
22.2265625,27.259559631347656
22.2421875,27.253677368164062
22.2578125,27.251846313476562
22.2734375,27.256614685058594
22.2890625,27.26653289794922
22.3046875,27.254051208496094
22.3203125,27.243759155273438
22.3359375,27.242279052734375
22.3515625,27.243759155273438
22.3671875,27.24706268310547
22.3828125,27.260292053222656
22.3984375,27.24706268310547
22.4140625,27.259559631347656
22.4296875,27.255149841308594
22.4453125,27.259185791015625
22.4609375,27.25220489501953
22.4765625,27.259559631347656
22.4921875,27.24964141845703
22.5078125,27.26396942138672
22.5234375,27.256988525390625
22.5390625,27.25330352783203
22.5546875,27.24706268310547
22.5703125,27.256614685058594
22.5859375,27.26911163330078
22.6015625,27.26653289794922
22.6171875,27.272789001464844
22.6328125,27.27094268798828
22.6484375,27.271690368652344
22.6640625,27.261764526367188
22.6796875,27.279762268066406
22.6953125,27.28160858154297
22.7109375,27.275726318359375
22.7265625,27.275726318359375
22.7421875,27.28271484375
22.7578125,27.28050994873047
22.7734375,27.278305053710938
22.7890625,27.2845458984375
22.8046875,27.293739318847656
22.8203125,27.293739318847656
22.8359375,27.299606323242188
22.8515625,27.288223266601562
22.8671875,27.293739318847656
22.8828125,27.287124633789062
22.8984375,27.295570373535156
22.9140625,27.30145263671875
22.9296875,27.30255889892578
22.9453125,27.294837951660156
22.9609375,27.290428161621094
22.9765625,27.306968688964844
22.9921875,27.30365753173828
23.0078125,27.30218505859375
23.0234375,27.310272216796875
23.0390625,27.295570373535156
23.0546875,27.293739318847656
23.0703125,27.290428161621094
23.0859375,27.287124633789062
23.1015625,27.294097900390625
23.1171875,27.297042846679688
23.1328125,27.294097900390625
23.1484375,27.28271484375
23.1640625,27.310272216796875
23.1796875,27.28564453125
23.1953125,27.276458740234375
23.2109375,27.292633056640625
23.2265625,27.276458740234375
23.2421875,27.28858184814453
23.2578125,27.28675079345703
23.2734375,27.28271484375
23.2890625,27.280868530273438
23.3046875,27.292266845703125
23.3203125,27.28858184814453
23.3359375,27.294097900390625
23.3515625,27.30365753173828
23.3671875,27.28491973876953
23.3828125,27.278305053710938
23.3984375,27.274627685546875
23.4140625,27.290428161621094
23.4296875,27.28050994873047
23.4453125,27.281234741210938
23.4609375,27.289329528808594
23.4765625,27.279762268066406
23.4921875,27.26728057861328
23.5078125,27.274253845214844
23.5234375,27.28160858154297
23.5390625,27.278305053710938
23.5546875,27.290428161621094
23.5703125,27.280136108398438
23.5859375,27.2845458984375
23.6015625,27.296676635742188
23.6171875,27.28271484375
23.6328125,27.279762268066406
23.6484375,27.28858184814453
23.6640625,27.294097900390625
23.6796875,27.289329528808594
23.6953125,27.297042846679688
23.7109375,27.290054321289062
23.7265625,27.294464111328125
23.7421875,27.30145263671875
23.7578125,27.30035400390625
23.7734375,27.30071258544922
23.7890625,27.290428161621094
23.8046875,27.30035400390625
23.8203125,27.308425903320312
23.8359375,27.298507690429688
23.8515625,27.30401611328125
23.8671875,27.30071258544922
23.8828125,27.30328369140625
23.8984375,27.30108642578125
23.9140625,27.293365478515625
23.9296875,27.308799743652344
23.9453125,27.304763793945312
23.9609375,27.298873901367188
23.9765625,27.311378479003906
23.9921875,27.30035400390625
24.0078125,27.30071258544922
24.0234375,27.308799743652344
24.0390625,27.29998016357422
24.0546875,27.310630798339844
24.0703125,27.306594848632812
24.0859375,27.30512237548828
24.1015625,27.30255889892578
24.1171875,27.307693481445312
24.1328125,27.308799743652344
24.1484375,27.294464111328125
24.1640625,27.297401428222656
24.1796875,27.30328369140625
24.1953125,27.297401428222656
24.2109375,27.304763793945312
24.2265625,27.30512237548828
24.2421875,27.295570373535156
24.2578125,27.288223266601562
24.2734375,27.30218505859375
24.2890625,27.30365753173828
24.3046875,27.30622100830078
24.3203125,27.293365478515625
24.3359375,27.307327270507812
24.3515625,27.297042846679688
24.3671875,27.291534423828125
24.3828125,27.307693481445312
24.3984375,27.2852783203125
24.4140625,27.290428161621094
24.4296875,27.291160583496094
24.4453125,27.30181121826172
24.4609375,27.276458740234375
24.4765625,27.28271484375
24.4921875,27.290428161621094
24.5078125,27.288955688476562
24.5234375,27.287124633789062
24.5390625,27.287124633789062
24.5546875,27.28491973876953
24.5703125,27.277931213378906
24.5859375,27.272789001464844
24.6015625,27.28271484375
24.6171875,27.272789001464844
24.6328125,27.272415161132812
24.6484375,27.272048950195312
24.6640625,27.28675079345703
24.6796875,27.28307342529297
24.6953125,27.28271484375
24.7109375,27.271690368652344
24.7265625,27.28417205810547
24.7421875,27.275726318359375
24.7578125,27.28050994873047
24.7734375,27.28050994873047
24.7890625,27.276458740234375
24.8046875,27.28748321533203
24.8203125,27.272789001464844
24.8359375,27.274627685546875
24.8515625,27.28050994873047
24.8671875,27.272789001464844
24.8828125,27.274627685546875
24.8984375,27.28601837158203
24.9140625,27.292266845703125
24.9296875,27.2845458984375
24.9453125,27.281234741210938
24.9609375,27.28234100341797
24.9765625,27.292266845703125
24.9921875,27.289329528808594
25.0078125,27.30365753173828
25.0234375,27.287124633789062
25.0390625,27.293739318847656
25.0546875,27.287124633789062
25.0703125,27.298507690429688
25.0859375,27.30401611328125
25.1015625,27.30218505859375
25.1171875,27.30512237548828
25.1328125,27.30071258544922
25.1484375,27.310630798339844
25.1640625,27.30512237548828
25.1796875,27.30512237548828
25.1953125,27.311378479003906
25.2109375,27.31578826904297
25.2265625,27.316513061523438
25.2421875,27.306968688964844
25.2578125,27.313941955566406
25.2734375,27.316513061523438
25.2890625,27.30291748046875
25.3046875,27.316513061523438
25.3203125,27.308425903320312
25.3359375,27.312103271484375
25.3515625,27.326438903808594
25.3671875,27.3209228515625
25.3828125,27.313941955566406
25.3984375,27.316513061523438
25.4140625,27.313941955566406
25.4296875,27.31578826904297
25.4453125,27.333053588867188
25.4609375,27.331222534179688
25.4765625,27.343704223632812
25.4921875,27.341873168945312
25.5078125,27.347015380859375
25.5234375,27.326438903808594
25.5390625,27.345550537109375
25.5546875,27.33563232421875
25.5703125,27.344078063964844
25.5859375,27.341140747070312
25.6015625,27.34040069580078
25.6171875,27.348114013671875
25.6328125,27.33966827392578
25.6484375,27.33783721923828
25.6640625,27.347381591796875
25.6796875,27.350318908691406
25.6953125,27.344078063964844
25.7109375,27.341873168945312
25.7265625,27.34040069580078
25.7421875,27.345550537109375
25.7578125,27.345184326171875
25.7734375,27.35216522216797
25.7890625,27.342247009277344
25.8046875,27.35289764404297
25.8203125,27.341873168945312
25.8359375,27.345184326171875
25.8515625,27.33746337890625
25.8671875,27.348114013671875
25.8828125,27.345909118652344
25.8984375,27.331954956054688
25.9140625,27.331954956054688
25.9296875,27.33342742919922
25.9453125,27.328269958496094
25.9609375,27.341873168945312
25.9765625,27.33673095703125
25.9921875,27.325332641601562
26.0078125,27.333053588867188
26.0234375,27.33342742919922
26.0390625,27.33673095703125
26.0546875,27.331222534179688
26.0703125,27.326438903808594
26.0859375,27.33966827392578
26.1015625,27.332679748535156
26.1171875,27.334884643554688
26.1328125,27.332679748535156
26.1484375,27.33673095703125
26.1640625,27.334884643554688
26.1796875,27.333786010742188
26.1953125,27.324607849121094
26.2109375,27.331954956054688
26.2265625,27.316513061523438
26.2421875,27.330474853515625
26.2578125,27.323501586914062
26.2734375,27.307693481445312
26.2890625,27.324607849121094
26.3046875,27.308425903320312
26.3203125,27.330474853515625
26.3359375,27.32202911376953
26.3515625,27.31578826904297
26.3671875,27.314682006835938
26.3828125,27.329742431640625
26.3984375,27.312103271484375
26.4140625,27.3187255859375
26.4296875,27.314682006835938
26.4453125,27.30291748046875
26.4609375,27.307327270507812
26.4765625,27.313209533691406
26.4921875,27.291160583496094
26.5078125,27.313209533691406
26.5234375,27.295196533203125
26.5390625,27.305496215820312
26.5546875,27.29998016357422
26.5703125,27.29998016357422
26.5859375,27.305862426757812
26.6015625,27.308799743652344
26.6171875,27.30512237548828
26.6328125,27.286376953125
26.6484375,27.297401428222656
26.6640625,27.30365753173828
26.6796875,27.297042846679688
26.6953125,27.305862426757812
26.7109375,27.30071258544922
26.7265625,27.306968688964844
26.7421875,27.307693481445312
26.7578125,27.30512237548828
26.7734375,27.307693481445312
26.7890625,27.290428161621094
26.8046875,27.292266845703125
26.8203125,27.308799743652344
26.8359375,27.29998016357422
26.8515625,27.30035400390625
26.8671875,27.310272216796875
26.8828125,27.294837951660156
26.8984375,27.30401611328125
26.9140625,27.29924774169922
26.9296875,27.30071258544922
26.9453125,27.30438995361328
26.9609375,27.30328369140625
26.9765625,27.306968688964844
26.9921875,27.306968688964844
27.0078125,27.290428161621094
27.0234375,27.310630798339844
27.0390625,27.306968688964844
27.0546875,27.308799743652344
27.0703125,27.313941955566406
27.0859375,27.313941955566406
27.1015625,27.306968688964844
27.1171875,27.307693481445312
27.1328125,27.309906005859375
27.1484375,27.311378479003906
27.1640625,27.32276153564453
27.1796875,27.314682006835938
27.1953125,27.333786010742188
27.2109375,27.326812744140625
27.2265625,27.33673095703125
27.2421875,27.331222534179688
27.2578125,27.32276153564453
27.2734375,27.33563232421875
27.2890625,27.324607849121094
27.3046875,27.341140747070312
27.3203125,27.328269958496094
27.3359375,27.349220275878906
27.3515625,27.341873168945312
27.3671875,27.33966827392578
27.3828125,27.33783721923828
27.3984375,27.33783721923828
27.4140625,27.342971801757812
27.4296875,27.347381591796875
27.4453125,27.34040069580078
27.4609375,27.333786010742188
27.4765625,27.33673095703125
27.4921875,27.345550537109375
27.5078125,27.329376220703125
27.5234375,27.34040069580078
27.5390625,27.341140747070312
27.5546875,27.345909118652344
27.5703125,27.327545166015625
27.5859375,27.33636474609375
27.6015625,27.344810485839844
27.6171875,27.333786010742188
27.6328125,27.342971801757812
27.6484375,27.345550537109375
27.6640625,27.341140747070312
27.6796875,27.345909118652344
27.6953125,27.332679748535156
27.7109375,27.344078063964844
27.7265625,27.32129669189453
27.7421875,27.328269958496094
27.7578125,27.324607849121094
27.7734375,27.333786010742188
27.7890625,27.331954956054688
27.8046875,27.31835174560547
27.8203125,27.326438903808594
27.8359375,27.331222534179688
27.8515625,27.33599090576172
27.8671875,27.333786010742188
27.8828125,27.325706481933594
27.8984375,27.328269958496094
27.9140625,27.32019805908203
27.9296875,27.329742431640625
27.9453125,27.329376220703125
27.9609375,27.328269958496094
27.9765625,27.32019805908203
27.9921875,27.333053588867188
28.0078125,27.324607849121094
28.0234375,27.327545166015625
28.0390625,27.328269958496094
28.0546875,27.324607849121094
28.0703125,27.330474853515625
28.0859375,27.3216552734375
28.1015625,27.325706481933594
28.1171875,27.327545166015625
28.1328125,27.331222534179688
28.1484375,27.324607849121094
28.1640625,27.326812744140625
28.1796875,27.32129669189453
28.1953125,27.325706481933594
28.2109375,27.31578826904297
28.2265625,27.316513061523438
28.2421875,27.317245483398438
28.2578125,27.334884643554688
28.2734375,27.31945037841797
28.2890625,27.308425903320312
28.3046875,27.32276153564453
28.3203125,27.309532165527344
28.3359375,27.307693481445312
28.3515625,27.305862426757812
28.3671875,27.30218505859375
28.3828125,27.314682006835938
28.3984375,27.313941955566406
28.4140625,27.306594848632812
28.4296875,27.326438903808594
28.4453125,27.309906005859375
28.4609375,27.311004638671875
28.4765625,27.32129669189453
28.4921875,27.331222534179688
28.5078125,27.312103271484375
28.5234375,27.313209533691406
28.5390625,27.330474853515625
28.5546875,27.326812744140625
28.5703125,27.314682006835938
28.5859375,27.327545166015625
28.6015625,27.3216552734375
28.6171875,27.330474853515625
28.6328125,27.32276153564453
28.6484375,27.330474853515625
28.6640625,27.309532165527344
28.6796875,27.314682006835938
28.6953125,27.324607849121094
28.7109375,27.334152221679688
28.7265625,27.324607849121094
28.7421875,27.331222534179688
28.7578125,27.316513061523438
28.7734375,27.331222534179688
28.7890625,27.32019805908203
28.8046875,27.324607849121094
28.8203125,27.312835693359375
28.8359375,27.334884643554688
28.8515625,27.326438903808594
28.8671875,27.340042114257812
28.8828125,27.326065063476562
28.8984375,27.32276153564453
28.9140625,27.331222534179688
28.9296875,27.325706481933594
28.9453125,27.329742431640625
28.9609375,27.3216552734375
28.9765625,27.330116271972656
28.9921875,27.341140747070312
29.0078125,27.33452606201172
29.0234375,27.328269958496094
29.0390625,27.33342742919922
29.0546875,27.33673095703125
29.0703125,27.33856201171875
29.0859375,27.35216522216797
29.1015625,27.34040069580078
29.1171875,27.326438903808594
29.1328125,27.340042114257812
29.1484375,27.35547637939453
29.1640625,27.348114013671875
29.1796875,27.3558349609375
29.1953125,27.347015380859375
29.2109375,27.3558349609375
29.2265625,27.35803985595703
29.2421875,27.35803985595703
29.2578125,27.350318908691406
29.2734375,27.364654541015625
29.2890625,27.369430541992188
29.3046875,27.35400390625
29.3203125,27.35400390625
29.3359375,27.350318908691406
29.3515625,27.343704223632812
29.3671875,27.35289764404297
29.3828125,27.364654541015625
29.3984375,27.37311553955078
29.4140625,27.35803985595703
29.4296875,27.349960327148438
29.4453125,27.3558349609375
29.4609375,27.35547637939453
29.4765625,27.351791381835938
29.4921875,27.35289764404297
29.5078125,27.345184326171875
29.5234375,27.3558349609375
29.5390625,27.362823486328125
29.5546875,27.347015380859375
29.5703125,27.343704223632812
29.5859375,27.342971801757812
29.6015625,27.345184326171875
29.6171875,27.350318908691406
29.6328125,27.356201171875
29.6484375,27.35106658935547
29.6640625,27.342971801757812
29.6796875,27.342247009277344
29.6953125,27.33673095703125
29.7109375,27.342247009277344
29.7265625,27.340042114257812
29.7421875,27.331222534179688
29.7578125,27.33856201171875
29.7734375,27.344078063964844
29.7890625,27.340042114257812
29.8046875,27.341140747070312
29.8203125,27.348861694335938
29.8359375,27.340042114257812
29.8515625,27.350318908691406
29.8671875,27.347015380859375
29.8828125,27.334884643554688
29.8984375,27.34040069580078
29.9140625,27.328269958496094
29.9296875,27.33525848388672
29.9453125,27.333786010742188
29.9609375,27.331222534179688
29.9765625,27.333786010742188
29.9921875,27.331222534179688
30.0078125,27.323135375976562
30.0234375,27.33673095703125
30.0390625,27.331954956054688
30.0546875,27.331581115722656
30.0703125,27.333053588867188
30.0859375,27.33819580078125
30.1015625,27.332679748535156
30.1171875,27.329376220703125
30.1328125,27.333786010742188
30.1484375,27.329376220703125
30.1640625,27.329376220703125
30.1796875,27.341140747070312
30.1953125,27.33673095703125
30.2109375,27.331222534179688
30.2265625,27.33673095703125
30.2421875,27.327545166015625
30.2578125,27.331222534179688
30.2734375,27.331222534179688
30.2890625,27.32386016845703
30.3046875,27.328269958496094
30.3203125,27.341140747070312
30.3359375,27.326812744140625
30.3515625,27.331222534179688
30.3671875,27.341140747070312
30.3828125,27.341140747070312
30.3984375,27.329742431640625
30.4140625,27.332679748535156
30.4296875,27.326438903808594
30.4453125,27.347381591796875
30.4609375,27.329376220703125
30.4765625,27.324607849121094
30.4921875,27.327545166015625
30.5078125,27.331222534179688
30.5234375,27.328269958496094
30.5390625,27.332321166992188
30.5546875,27.328643798828125
30.5703125,27.324607849121094
30.5859375,27.33966827392578
30.6015625,27.330848693847656
30.6171875,27.325706481933594
30.6328125,27.329376220703125
30.6484375,27.32129669189453
30.6640625,27.330474853515625
30.6796875,27.316513061523438
30.6953125,27.331222534179688
30.7109375,27.325706481933594
30.7265625,27.327545166015625
30.7421875,27.334884643554688
30.7578125,27.325706481933594
30.7734375,27.331222534179688
30.7890625,27.31578826904297
30.8046875,27.328269958496094
30.8203125,27.32019805908203
30.8359375,27.316513061523438
30.8515625,27.325706481933594
30.8671875,27.331222534179688
30.8828125,27.331222534179688
30.8984375,27.313941955566406
30.9140625,27.325706481933594
30.9296875,27.316513061523438
30.9453125,27.331222534179688
30.9609375,27.313941955566406
30.9765625,27.31835174560547
30.9921875,27.312103271484375
31.0078125,27.324607849121094
31.0234375,27.328269958496094
31.0390625,27.330474853515625
31.0546875,27.32129669189453
31.0703125,27.309532165527344
