# Time (seconds),Pressure (envelope),Temperature (high-pass)
0.0078125,0.0,0.0
0.0234375,0.0030202046036720276,-0.011672616004940295
0.0390625,0.004219147813291357,-0.004284146241840148
0.0546875,0.004188270659707949,-0.006809265330954162
0.0703125,0.00375722521022347,-0.01076048679549757
0.0859375,0.003417219316889897,-0.01578602866578649
0.1015625,0.002938504370119473,-0.005821973464414043
0.1171875,0.0036781802542224596,-0.006503189125826481
0.1328125,0.0033399840718641174,0.00011819466067919393
0.1484375,0.0034053297105453785,-0.003894717374940626
0.1640625,0.0035598125155070063,-0.0031375900663483947
0.1796875,0.006332440583390795,-0.007488416198338399
0.1953125,0.005670778642240692,-0.010344282053079468
0.2109375,0.004872337422939973,-0.010263467349538757
0.2265625,0.004773166336952033,-0.019304880824076776
0.2421875,0.005304358320714723,-0.00018416798713261073
0.2578125,0.005998774046735997,-0.008206706454394919
0.2734375,0.00578819764223943,-0.016529918754436324
0.2890625,0.006349915230752509,-0.015303159230622754
0.3046875,0.006173718084300113,-0.014464473259920396
0.3203125,0.005690050153111671,-0.01507059960178836
0.3359375,0.004965230898454737,-0.017882369228470196
0.3515625,0.0043130547088055604,-0.014813154532802741
0.3671875,0.005003979843146314,-0.009232038464979553
0.3828125,0.005728599510996293,-0.012081852060653375
0.3984375,0.005806263387611437,-0.005061104845303532
0.4140625,0.006469905589250793,-0.009396903518080535
0.4296875,0.006269835290843215,0.002341556005710288
0.4453125,0.008497612506129022,-0.00605649480491266
0.4609375,0.008148627949416823,-0.0005437901412150836
0.4765625,0.008879855717469557,-0.01075118833758637
0.4921875,0.012926707294218041,-0.016132582976737808
0.5078125,0.011525623906637276,-0.0014195620609953608
0.5234375,0.013166872069208602,-0.014163567691099388
0.5390625,0.013455893513989715,-0.015150534352059708
0.5546875,0.017169708275309246,-0.007371543437319161
0.5703125,0.018169936519240988,0.005812062408928398
0.5859375,0.021737738716887254,-0.008101199400659453
0.6015625,0.021621434292374894,-0.0021940309879830977
0.6171875,0.023123620890575455,3.209366415291015e-06
0.6328125,0.021911395814278107,-0.006923173452879183
0.6484375,0.020738834221304535,0.0015258108238178636
0.6640625,0.018705017482020463,0.002603940170406105
0.6796875,0.020153930911436392,0.013151023569349718
0.6953125,0.02303960885123498,-0.0026287536571771852
0.7109375,0.023542540941648732,-0.0007763273667045212
0.7265625,0.02428882627612278,0.0017731870927022442
0.7421875,0.024495465277037096,0.002493603687526047
0.7578125,0.022543902576544914,0.014865868452879738
0.7734375,0.02188918643089316,-0.0027516253619381814
0.7890625,0.022234507399129598,0.003832879542770229
0.8046875,0.020488726403884286,0.0162022510053923
0.8203125,0.018056269256283227,0.017892420492167105
0.8359375,0.019551398201124025,-0.0030264372812993656
0.8515625,0.021635604579304017,-0.004827112602679762
0.8671875,0.02103096458977384,0.007973264963123228
0.8828125,0.0228883563182235,0.013376362128635577
0.8984375,0.02080189010974989,0.012181809555848133
0.9140625,0.020957235378290067,0.00807465052885803
0.9296875,0.021423862112595747,0.01311360570509379
0.9453125,0.020426090719917214,0.006448147828944428
0.9609375,0.01841627095338505,0.011144029932850685
0.9765625,0.018819962989128587,-0.003530017912236616
0.9921875,0.01604706927969326,0.0016071685260712343
1.0078125,0.016975199365866275,-0.003514995651404007
1.0234375,0.014554373393531684,0.0140138194696533
1.0390625,0.013418395944989402,0.019740644507518113
1.0546875,0.011792502582823253,0.0042727357819636325
1.0703125,0.010086817648495195,0.016994450992378063
1.0859375,0.009676249031929108,0.01686168184399861
1.1015625,0.009774592087887373,0.015284120086274555
1.1171875,0.011294143857861209,0.014793793193664584
1.1328125,0.00961841800518766,0.0015522010211874715
1.1484375,0.008944640945564672,-0.003561963932771306
1.1640625,0.00921084173450669,0.01031857940270342
1.1796875,0.009150489614590734,0.004045877373979323
1.1953125,0.008313713776109868,0.008745387636047042
1.2109375,0.00726883560958389,0.011228083486887641
1.2265625,0.006793677052904538,-0.004536670770246332
1.2421875,0.007272482295288831,0.00315182954537363
1.2578125,0.00629030917622755,0.004595745115022254
1.2734375,0.006110055736026058,-0.0031007865087993025
1.2890625,0.006986562105609341,-0.001986511870548213
1.3046875,0.007119969481984168,-0.012901768842628059
1.3203125,0.008770134981876513,0.01635785686915625
1.3359375,0.00744361749000955,0.014413311539613005
1.3515625,0.008921179313607218,0.01611745711596413
1.3671875,0.010492377054208446,0.0043340630570725125
1.3828125,0.00905787408370263,0.02289160715062266
1.3984375,0.007722167230887235,0.00010937386874232402
1.4140625,0.008363745643543023,0.012144485304890651
1.4296875,0.007479604753945304,0.015683105658954588
1.4453125,0.00826818410609109,0.00608320445812538
1.4609375,0.00790416931494708,0.0027579604024552395
1.4765625,0.007073983156310348,0.0049240831140018315
1.4921875,0.006469385978682269,0.003795563971017657
1.5078125,0.005687664163153092,0.005582660700252262
1.5234375,0.006753449936403236,0.00043700778004307494
1.5390625,0.005932523676341164,-0.0010273757913239479
1.5546875,0.0057295915592298855,0.00991899696800047
1.5703125,0.004917744408368861,0.015306893102223995
1.5859375,0.005086776423181423,0.0002445427639585773
1.6015625,0.004541657031040507,0.00024263227361487338
1.6171875,0.003889826224376688,0.02649276803527556
1.6328125,0.003907951680644288,0.014976527194605183
1.6484375,0.0033288312738993173,0.021793450611909293
1.6640625,0.0035445587698470357,0.009223873444959452
1.6796875,0.003338187484093273,0.020090158319629126
1.6953125,0.0028487094705826723,0.01264349629707695
1.7109375,0.004566994306412768,0.003423122169053272
1.7265625,0.0040979306757361915,0.02564399150345764
1.7421875,0.005315015082125467,0.021068309265455554
1.7578125,0.00454288118129391,0.010692066542464573
1.7734375,0.004666343531779246,0.02519551988383739
1.7890625,0.00404360336553445,0.013689413794352845
1.8046875,0.0036628101742236926,0.024165031510374746
1.8203125,0.0036578706235678746,0.02032760347642082
1.8359375,0.003118994539384215,0.01141811696549766
1.8515625,0.003198054087142749,0.029920316887885434
1.8671875,0.004095241111237595,0.007809871640290567
1.8828125,0.0035719956532213404,0.015409484383209104
1.8984375,0.0034885935678650296,-0.008048564433536853
1.9140625,0.0039045265081038387,0.012066688385370838
1.9296875,0.004568252028764431,0.011972417382359879
1.9453125,0.005196896164944191,-0.0023371825352427322
1.9609375,0.0045273416973662176,-0.0001312540194930989
1.9765625,0.005212586821541146,0.01262486736124302
1.9921875,0.00491212411897205,0.011799535755880441
2.0078125,0.004190396119490319,0.007332013328408493
2.0234375,0.003645997107292514,0.02368603644815437
2.0390625,0.005174827919898378,0.017308901161268153
2.0546875,0.006433142719715768,0.023365763498080838
2.0703125,0.005490876533292243,0.014432541361987461
2.0859375,0.004702150169635054,0.015780756580689115
2.1015625,0.0050358115021805665,0.022220477251472914
2.1171875,0.00432351774273024,0.009647563938901982
2.1328125,0.004927275539337446,0.007755442772875654
2.1484375,0.005530552266345557,0.011328352521719154
2.1640625,0.005695081121774903,0.0017624728297747083
2.1796875,0.005058953027376574,0.018160007984672433
2.1953125,0.005658022711480009,0.01838905262673407
2.2109375,0.004804786166117053,0.019691218021399948
2.2265625,0.005762999991825385,0.016993930978753014
2.2421875,0.0074077092641366025,0.012485827338597488
2.2578125,0.00796963247654529,0.01676362036689838
2.2734375,0.006852574072448767,0.02282474270991841
2.2890625,0.006020835211786887,0.014622447127830895
2.3046875,0.005191739078629699,0.02144213679565965
2.3203125,0.0068182775528733,0.014340692565930624
2.3359375,0.006158579355926966,0.011685206503408097
2.3515625,0.005696212612574501,0.021071292765466154
2.3671875,0.004969060027967322,0.01653133473635293
2.3828125,0.0046500766157687445,0.00946825614771285
2.3984375,0.004465504925238382,0.009394285396560065
2.4140625,0.0037693302748215605,0.019169189184204072
2.4296875,0.0038614273450270986,0.006983463974208348
2.4453125,0.004374655369153447,0.016050502475110306
2.4609375,0.006048198006207655,0.015198408095422167
2.4765625,0.007339409008693772,0.008872442825268223
2.4921875,0.009039969002449586,0.003337738567662285
2.5078125,0.008090935152375892,0.017171947767238294
2.5234375,0.006905294489910138,0.01120148392283582
2.5390625,0.005936318374120928,0.01913794960935178
2.5546875,0.005238153027213159,0.01642984539639869
2.5703125,0.00758901113136204,0.019586776039968612
2.5859375,0.009411022435752432,0.015058415797774671
2.6015625,0.00888130098684333,0.01931611047873716
2.6171875,0.007749381249977972,0.020255253109272786
2.6328125,0.007191398781581669,0.02265559792598637
2.6484375,0.007016415729594215,0.026490589707016454
2.6640625,0.006429473470603289,0.011689077073807397
2.6796875,0.006363764750569403,0.002847079050411594
2.6953125,0.006992198013571498,0.022884779444485304
2.7109375,0.006247130162936429,0.001555999162263788
2.7265625,0.005938959528200687,0.013943158752855567
2.7421875,0.005301226117264363,0.0017982619056091664
2.7578125,0.004749377775499499,0.00506950179519805
2.7734375,0.004053944479254043,0.006119946056074355
2.7890625,0.0036459338231772114,0.01373276134262369
2.8046875,0.003640681399641439,0.00925013559025345
2.8203125,0.0034347710228482594,0.01792854601471916
2.8359375,0.0031230386505067317,0.01159639112184152
2.8515625,0.0027885259737517034,0.006388616352946741
2.8671875,0.0032028552003069578,0.01145588325094593
2.8828125,0.002869476154398822,0.0252190996552919
2.8984375,0.0024256250707235427,0.013712809348845667
2.9140625,0.004482679495208941,0.013969027940358814
2.9296875,0.005208777035638195,0.005835917629912757
2.9453125,0.005502179334993644,0.012724252059438612
2.9609375,0.004793063220481796,0.020648821119888083
2.9765625,0.004304010847986485,0.004802897560114872
2.9921875,0.0041621610677893255,0.009511633181748635
3.0078125,0.005852782248000786,0.012351692653805202
3.0234375,0.005793548304363757,-0.0008708206081990966
3.0390625,0.005003496282393818,0.01663733689533231
3.0546875,0.005025106798042651,0.01213201914645623
3.0703125,0.006117105005312771,0.014595826728502459
3.0859375,0.005842355641317891,0.023959173770048636
3.1015625,0.006672539185611916,0.016111365359861907
3.1171875,0.006525470931788397,0.009793407190851866
3.1328125,0.006039762927523556,0.01590898432430876
3.1484375,0.006910200475987956,0.0011977102730398315
3.1640625,0.006351981520485572,0.01577533827276767
3.1796875,0.007980580430837518,0.01674214318616407
3.1953125,0.008826643068620433,0.019169934174151138
3.2109375,0.00796615046122236,0.012457161231843372
3.2265625,0.009277734367170824,0.01089887021162994
3.2421875,0.009726674540563378,0.005711684404616335
3.2578125,0.008450753244469379,0.0038351727176788586
3.2734375,0.00788236530318587,0.0034494303061585185
3.2890625,0.010205261496629302,0.014360828017846217
3.3046875,0.009108901656412422,0.01497533387805916
3.3203125,0.008828650838305667,0.01048300052775275
3.3359375,0.00805832214221505,0.005299063702647544
3.3515625,0.0071370065968698335,0.007801114169321721
3.3671875,0.007504642487983086,0.014674095500886608
3.3828125,0.00740250484235812,0.01018411557540233
3.3984375,0.007538531173290984,0.00719018306617869
3.4140625,0.008516351445419526,0.008587409419178016
3.4296875,0.008802900568716134,-0.00023035682567851268
3.4453125,0.008414659253323081,-0.006428215080003241
3.4609375,0.00779632352845338,0.003099382288180408
3.4765625,0.009065642507382529,-0.00020255065679108952
3.4921875,0.009623651135291069,-0.010049264872087349
3.5078125,0.008848891542076283,-0.0019467777106072504
3.5234375,0.00954612098884901,-0.011772295362167284
3.5390625,0.010991431848355188,-0.01605566285902782
3.5546875,0.01081643326220167,-0.015203528163841185
3.5703125,0.010442292906618984,0.006065242342749855
3.5859375,0.009960653095975438,-0.008198207769854804
3.6015625,0.01040140369870773,-0.007415029232433312
3.6171875,0.010361919040917768,-0.010271468422846652
3.6328125,0.009095603545299464,0.0022156630481404704
3.6484375,0.010068015327194615,-0.007294163337061121
3.6640625,0.010879139685966994,-0.008683007554310507
3.6796875,0.009600110323538512,-0.0006063338578954358
3.6953125,0.011280451521842176,0.003773741679747644
3.7109375,0.011448612243764887,-0.00026015952706970324
3.7265625,0.009748145878441241,-0.008637884435096055
3.7421875,0.010490312749781383,0.0038137752913307565
3.7578125,0.009024516796239916,0.00015048102635972782
3.7734375,0.009529662438636174,-0.011886660526155168
3.7890625,0.008659410855600326,-0.0034064687965731366
3.8046875,0.009465230417586712,-0.014325771934945664
3.8203125,0.009336236335722196,-0.009111813458218876
3.8359375,0.010061275439688912,-0.011584076817435118
3.8515625,0.010667776246038336,-0.00820828740656765
3.8671875,0.01015516074844619,-0.011429448971934875
3.8828125,0.010214374299987195,-0.012801125849929207
3.8984375,0.008857667766854605,-0.0032237401163612844
3.9140625,0.009251101984520445,-0.015590300690860204
3.9296875,0.008494012660811455,-0.028594517129864272
3.9453125,0.007738918056913388,-0.017803695783264573
3.9609375,0.018984442098556875,-0.0038118889177134463
3.9765625,0.03895459557415376,0.004968568573225696
3.9921875,0.06134074092507266,-0.012571602586280761
4.0078125,0.11021160494026001,-0.0142901365138286
4.0234375,0.12134625792854294,0.005139608967969167
4.0390625,0.1497391594251963,-0.017503936828106248
4.0546875,0.1865814587797453,-0.007518890679332202
4.0703125,0.1965273331353483,-0.00964781862309394
4.0859375,0.21166394219514675,-0.01832312214886045
4.1015625,0.24789806225039163,0.0004114312041139101
4.1171875,0.32465478975267803,-0.015268817957061032
4.1328125,0.35493149899694487,-0.022439237977447846
4.1484375,0.3810927251359218,-0.016798543132715338
4.1640625,0.3633286755926955,-0.027969000814998424
4.1796875,0.36130681571086687,-0.02519947380438836
4.1953125,0.36677869193070406,-0.028651241640570646
4.2109375,0.35282225515975646,-0.019305807002048425
4.2265625,0.36312715219907493,-0.026088907920858162
4.2421875,0.34977650040235886,-0.020048780325254256
4.2578125,0.3277062069817877,-0.028642826337726746
4.2734375,0.3206878007105457,-0.03206769298224543
4.2890625,0.346330478644518,-0.03947022170604697
4.3046875,0.3066158783062748,-0.04316627944891849
4.3203125,0.31595920132332733,-0.03117156646554875
4.3359375,0.2921764121924695,-0.041495465284054234
4.3515625,0.27694908381112393,-0.04517570081146616
4.3671875,0.3351033976147164,-0.060878289998090196
4.3828125,0.33485796899289966,-0.04580812345635721
4.3984375,0.34519956979834654,-0.05821291324044964
4.4140625,0.3151031310160443,-0.05775812485575926
4.4296875,0.281987644947713,-0.07152295491212612
4.4453125,0.26711215691992163,-0.06586214344338259
4.4609375,0.23804837667672904,-0.06060890697879984
4.4765625,0.22266618300645002,-0.07618335445235402
4.4921875,0.24195069793138146,-0.0755881719956939
4.5078125,0.24051263097948686,-0.06988803122860787
4.5234375,0.2398793403548961,-0.06934203098463598
4.5390625,0.20471567579331346,-0.078641023219987
4.5546875,0.18270575943961487,-0.08058522920770628
4.5703125,0.19562880317395775,-0.08760871467974951
4.5859375,0.1710791210030447,-0.08364655257546971
4.6015625,0.16100085136933626,-0.08992699141948535
4.6171875,0.16891876778619833,-0.08082953981492125
4.6328125,0.16031831411182337,-0.09150732512550874
4.6484375,0.14370512019889617,-0.09698451227510674
4.6640625,0.1372464569750987,-0.10425079805261817
4.6796875,0.13113438140182077,-0.09869008043401095
4.6953125,0.1309234696877517,-0.09975095333314599
4.7109375,0.1295359502830341,-0.10480038722281648
4.7265625,0.12537465003046339,-0.10800119262735564
4.7421875,0.12767407950481655,-0.1279365065483269
4.7578125,0.1242683475547393,-0.12110069458844563
4.7734375,0.12407315270079573,-0.11650595668669439
4.7890625,0.12561818928054103,-0.12070536207345128
4.8046875,0.12415667556634777,-0.12230580083411269
4.8203125,0.12642110947264038,-0.13447630242824005
4.8359375,0.1306202410599735,-0.13780104486990297
4.8515625,0.13320921254968537,-0.12652796722977655
4.8671875,0.13459850234359283,-0.12553946748579392
4.8828125,0.13467317480174526,-0.13549703678201297
4.8984375,0.134043444851298,-0.13078225766698992
4.9140625,0.13316017209861314,-0.13560439907132604
4.9296875,0.13413630217915418,-0.13817848884908912
4.9453125,0.13208464889237606,-0.12725824255253926
4.9609375,0.1320694430155513,-0.12372058813074105
4.9765625,0.1298398268296867,-0.12894610916310612
4.9921875,0.12759909140948325,-0.1308530867915607
5.0078125,0.12755335803898754,-0.12764312777381193
5.0234375,0.1254151246206458,-0.1262901357134112
5.0390625,0.12493722626667125,-0.1300346127072025
5.0546875,0.12283282892818123,-0.13266735602070412
5.0703125,0.12123134335372962,-0.1192315764677474
5.0859375,0.12027520068336404,-0.12085866875822049
5.1015625,0.11934157275515866,-0.13157193683371915
5.1171875,0.11950472486010513,-0.12435194295007435
5.1328125,0.11787242450970281,-0.12593903237740278
5.1484375,0.1194630714407178,-0.12749858308880846
5.1640625,0.12018063240727027,-0.1250491007502248
5.1796875,0.12019242623968522,-0.13354953158848204
5.1953125,0.11923695412009008,-0.12666986787047207
5.2109375,0.11761511397577214,-0.12495355969863198
5.2265625,0.1155404614670778,-0.12762599873877178
5.2421875,0.11454686617138028,-0.12298028189833943
5.2578125,0.11378674585336958,-0.12566813717129222
5.2734375,0.11138004790796302,-0.12504213497430072
5.2890625,0.11073223890199738,-0.13318684010801718
5.3046875,0.1097929442909584,-0.12229802127736988
5.3203125,0.11021431058406254,-0.12827649552215092
5.3359375,0.10753360925701232,-0.12362569667560663
5.3515625,0.10690462569980172,-0.1241208403684162
5.3671875,0.10607674008365524,-0.13481619251809462
5.3828125,0.10523644282499273,-0.12975852216410289
5.3984375,0.10305132371741821,-0.11889648706739564
5.4140625,0.10179874595579777,-0.1223429468165591
5.4296875,0.10134950614691922,-0.12138714254455607
5.4453125,0.09676006907957507,-0.12809943285854075
5.4609375,0.0959594433340484,-0.12089142833242406
5.4765625,0.09239548074298246,-0.11557162549419786
5.4921875,0.09161497637633553,-0.1205050301724917
5.5078125,0.08778170255278953,-0.11774683505151629
5.5234375,0.08804544921869888,-0.10624437164138456
5.5390625,0.08709729971911416,-0.10614860710692042
5.5546875,0.08614997900139582,-0.1078627705157551
5.5703125,0.08654335335067626,-0.10957868160273421
5.5859375,0.08515534680303406,-0.10580822904642062
5.6015625,0.08443915184666471,-0.10789597136328766
5.6171875,0.082897041620045,-0.10742395379144654
5.6328125,0.08163948149617407,-0.10621378444801621
5.6484375,0.08090167340874554,-0.10684495870510347
5.6640625,0.07803406131417981,-0.1060102324652199
5.6796875,0.07662984108997016,-0.09350941151914327
5.6953125,0.07766543984457161,-0.0935131388606365
5.7109375,0.07549870140192244,-0.10225994440115826
5.7265625,0.07483163824245342,-0.07849429606995528
5.7421875,0.07527634123020599,-0.08225639793629114
5.7578125,0.06813048286657096,-0.09254454642348264
5.7734375,0.07625122489636126,-0.09619688070893062
5.7890625,0.07261935710949813,-0.08997995428035921
5.8046875,0.08455032920101274,-0.08927698588754396
5.8203125,0.11016111238284507,-0.07836786287844077
5.8359375,0.11840752773677181,-0.08322100224773621
5.8515625,0.14229748505841616,-0.08002738876582427
5.8671875,0.1273104280794513,-0.08487513287901294
5.8828125,0.13037261855862897,-0.09149418377418428
5.8984375,0.21140735161558988,-0.09260370482609304
5.9140625,0.23747121793140313,-0.07875422271898813
5.9296875,0.23486673123606594,-0.0868896324627606
5.9453125,0.2854800976961611,-0.08147968853009857
5.9609375,0.25303181716227185,-0.08265987803621044
5.9765625,0.23124146802092257,-0.08638943629343032
5.9921875,0.2649467461291168,-0.09081655720587989
6.0078125,0.2796415416318149,-0.08829030327995113
6.0234375,0.30445615595815156,-0.09598029268990516
6.0390625,0.3436727323064578,-0.09158937771787024
6.0546875,0.331381207142246,-0.08722519697917264
6.0703125,0.3334791753718274,-0.09310675795934387
6.0859375,0.28458342522339863,-0.09200844170835154
6.1015625,0.24329987063297373,-0.10113792239980413
6.1171875,0.20956004912297335,-0.09597244382667469
6.1328125,0.20602109371824573,-0.08720625161950224
6.1484375,0.17858646110446758,-0.08943932188501691
6.1640625,0.17558527057983875,-0.08946727701189161
6.1796875,0.1516727438578699,-0.10007001021074302
6.1953125,0.14658487314276225,-0.10731976032552026
6.2109375,0.12679006128780299,-0.10355181601191532
6.2265625,0.146335184424594,-0.11915412192319863
6.2421875,0.13956980767372928,-0.11384789179128774
6.2578125,0.11932211058102266,-0.11733379369105279
6.2734375,0.11503650244854792,-0.11641712342784061
6.2890625,0.10439661230103751,-0.12171484235796726
6.3046875,0.09853926884698214,-0.11529098706412455
6.3203125,0.10966277621927843,-0.12277003363201189
6.3359375,0.1158962005597371,-0.11925987355251877
6.3515625,0.12881850822765595,-0.1383805291996616
6.3671875,0.1119740787989914,-0.1358384618671984
6.3828125,0.09508867779886779,-0.12748751622318721
6.3984375,0.10404654761497893,-0.14546141345820018
6.4140625,0.09321036764156294,-0.13338664977960235
6.4296875,0.08742113716472005,-0.1294150578921318
6.4453125,0.08373025927276326,-0.13679889973645132
6.4609375,0.07229971706008388,-0.13827360773411712
6.4765625,0.0703135567068715,-0.1565265885437519
6.4921875,0.06362168741525079,-0.14655304746198894
6.5078125,0.05878918927686322,-0.14941252062863697
6.5234375,0.059518125108443384,-0.15371819339914694
6.5390625,0.06264180565032833,-0.14303989307535048
6.5546875,0.05430041732945694,-0.15139977084856682
6.5703125,0.059059383710734534,-0.14765837115718483
6.5859375,0.055594318393393446,-0.1702133720569563
6.6015625,0.054273166915228634,-0.1535698951474238
6.6171875,0.06526371573020975,-0.154913579743436
6.6328125,0.06627425007395381,-0.14532355999736524
6.6484375,0.062223392570002554,-0.15002452768735708
6.6640625,0.05721293568686623,-0.15979080745075436
6.6796875,0.05963346452962716,-0.15635477249035645
6.6953125,0.06597954142951262,-0.16060620891819255
6.7109375,0.06293994607655666,-0.1516908455459074
6.7265625,0.07024766364645171,-0.15086154093974713
6.7421875,0.07785533495842553,-0.16136312094598182
6.7578125,0.08186358661710635,-0.15681718275286016
6.7734375,0.08291931425264755,-0.14684137140383768
6.7890625,0.08619517286109474,-0.16538319668446988
6.8046875,0.09406542489994568,-0.16116920156418857
6.8203125,0.09958790150672299,-0.16174195632949662
6.8359375,0.1008136598161785,-0.15281771993056026
6.8515625,0.10557814237505576,-0.14104126523231386
6.8671875,0.10746762081010384,-0.15562398499245944
6.8828125,0.107262791731196,-0.14165307665099647
6.8984375,0.10470889730961276,-0.1467385001167969
6.9140625,0.10591392577368036,-0.15069414396811354
6.9296875,0.10424061649170895,-0.15279456498921107
6.9453125,0.1017527797500019,-0.14322110004590627
6.9609375,0.10540584919484174,-0.13700014681831263
6.9765625,0.10736756487251752,-0.1359298331712928
6.9921875,0.10866277459246246,-0.13632128100784513
7.0078125,0.10943070235983766,-0.1454679175568252
7.0234375,0.10942346455764562,-0.13776844161933965
7.0390625,0.1094482116918305,-0.14872052179879702
7.0546875,0.10883545951423437,-0.15157063136207682
7.0703125,0.11021247168510183,-0.14309677814388522
7.0859375,0.11063192184684129,-0.1452565535854795
7.1015625,0.1114173884912349,-0.1404730980353115
7.1171875,0.11186742017495103,-0.13209351408612235
7.1328125,0.11086042271095319,-0.13689784150979278
7.1484375,0.11190510768626469,-0.13764507669575465
7.1640625,0.1106138446117266,-0.12271700904182126
7.1796875,0.1108537383301134,-0.1334233286237385
7.1953125,0.11014351736876163,-0.146597024275664
7.2109375,0.10896737825025889,-0.13707197761918266
7.2265625,0.10754029477411411,-0.14256411062560304
7.2421875,0.10547049504842565,-0.1290510126772979
7.2578125,0.10390386430346711,-0.11783115508390196
7.2734375,0.10148660629807685,-0.13295855374413534
7.2890625,0.09913976558221646,-0.12389583776334234
7.3046875,0.09892479678416392,-0.11490392425115559
7.3203125,0.10009074915825264,-0.12240113432704547
7.3359375,0.10087141066760057,-0.12982463286944323
7.3515625,0.09899333035543412,-0.12406411966633257
7.3671875,0.097455462506642,-0.11981714971059176
7.3828125,0.09740059686251225,-0.10758695171785959
7.3984375,0.09495410740475108,-0.12460356299975928
7.4140625,0.09523985495401929,-0.11196505144876312
7.4296875,0.09416639433005287,-0.11109032448431932
7.4453125,0.09187827202574808,-0.1029327236636135
7.4609375,0.09042497254663823,-0.11598127725223506
7.4765625,0.08794624441667243,-0.10413682713774719
7.4921875,0.08545896648372446,-0.1007646691941062
7.5078125,0.08645993465687984,-0.10253603419765511
7.5234375,0.08474263453434855,-0.11085656824368684
7.5390625,0.0858030390371129,-0.11362400044978926
7.5546875,0.08515611569626783,-0.09706684788127617
7.5703125,0.0832857542095607,-0.10141055151568423
7.5859375,0.08324218134761907,-0.09952823183831683
7.6015625,0.0808014897374479,-0.0896290707138796
7.6171875,0.07970460080324875,-0.10533257828291909
7.6328125,0.08009676677655592,-0.1107168952219979
7.6484375,0.07858717681634352,-0.09745260364402597
7.6640625,0.07859458511642774,-0.10725868185957665
7.6796875,0.07600454152584196,-0.08966120859889415
7.6953125,0.07505120015069114,-0.09005078015037071
7.7109375,0.07358466788559219,-0.09591026626201682
7.7265625,0.07373646777919043,-0.08603937049364774
7.7421875,0.07350611481157775,-0.09777407353559298
7.7578125,0.07180086168134266,-0.07476260110974664
7.7734375,0.07019908865370915,-0.08183914565369221
7.7890625,0.06839794504833137,-0.07645351906944953
7.8046875,0.06905549871968415,-0.09554524944643816
7.8203125,0.06669579497063899,-0.08203613643654606
7.8359375,0.06538168531694322,-0.08395381810226255
7.8515625,0.06412308352339201,-0.09314622554063945
7.8671875,0.0634098180617548,-0.08804318209922002
7.8828125,0.06246728503641196,-0.0880744747782849
7.8984375,0.06122575635596185,-0.0910426014592467
7.9140625,0.05246075233447998,-0.07173235738427763
7.9296875,0.06609755293507198,-0.07117194834221152
7.9453125,0.08526532620081073,-0.05894330149084581
7.9609375,0.13632841611479835,-0.07416741159272888
7.9765625,0.21402379922761217,-0.07540472826241285
7.9921875,0.2284622317741772,-0.06971359043937753
8.0078125,0.2653952746475116,-0.0582306066281113
8.0234375,0.3567866754113841,-0.06033426899546157
8.0390625,0.4255153131230834,-0.07334470330674492
8.0546875,0.6369183461081618,-0.05198505478390203
8.0703125,0.5900043155429311,-0.060700518356604505
8.0859375,0.5410712453766001,-0.04126397189132547
8.1015625,0.5999056096244773,-0.03621047843187952
8.1171875,0.5836403969786734,-0.04940937985694305
8.1328125,0.5582302163420608,-0.04319463086422459
8.1484375,0.49493381302069295,-0.04540062221245478
8.1640625,0.5044844438488743,-0.042139130535012725
8.1796875,0.5176903850923945,-0.04399001806501346
8.1953125,0.6263374883877595,-0.05531139226393833
8.2109375,0.6138731112094259,-0.04722621443665176
8.2265625,0.6280286058631446,-0.058885655765973155
8.2421875,0.6723350546032245,-0.053331142986706936
8.2578125,0.5972368536845848,-0.056563132157400275
8.2734375,0.6326832926810219,-0.05393356341022937
8.2890625,0.6965712082560713,-0.048765949187266955
8.3046875,0.745325078995194,-0.04838496520924096
8.3203125,0.706363274133728,-0.042170649666072535
8.3359375,0.632236138141559,-0.056057256872357186
8.3515625,0.5737055048505081,-0.05708027900113066
8.3671875,0.5199621450247618,-0.050078901279750454
8.3828125,0.4846400489224383,-0.05005100977804844
8.3984375,0.4845442331059448,-0.048925716645165096
8.4140625,0.4881103181576195,-0.05400887278191391
8.4296875,0.4403686220206532,-0.06379857502016151
8.4453125,0.41546264204909256,-0.057834760354779746
8.4609375,0.38633479655503794,-0.05665622646040802
8.4765625,0.37733837211620536,-0.06204233790377245
8.4921875,0.34363831500418607,-0.05170933549659651
8.5078125,0.3110451631008685,-0.07392388849381604
8.5234375,0.27477267757475465,-0.04709432678866321
8.5390625,0.23413702924283838,-0.0500041213814697
8.5546875,0.21183205679515962,-0.056532252139412265
8.5703125,0.203981976592255,-0.04917180596333992
8.5859375,0.17564880072595168,-0.05060440080200479
8.6015625,0.20557735345577716,-0.06662035839461566
8.6171875,0.18062709045754638,-0.05406392092515944
8.6328125,0.19095655497917235,-0.05874358492642173
8.6484375,0.1717652731837971,-0.05865557037361668
8.6640625,0.18020892750376843,-0.05600965445288253
8.6796875,0.15791948928830057,-0.05666212877112642
8.6953125,0.151724163823224,-0.05877804487172966
8.7109375,0.17811456535743173,-0.07289825671751515
8.7265625,0.17619511571249594,-0.04972534648589644
8.7421875,0.16293383186403448,-0.06427963245237578
8.7578125,0.14541178545662284,-0.06233161795552533
8.7734375,0.15774789789451585,-0.06584907104019422
8.7890625,0.1513235148885497,-0.0678932141543207
8.8046875,0.13294256435901391,-0.06771857854339913
8.8203125,0.12682340404239598,-0.06718952714852833
8.8359375,0.12482449548732645,-0.06812557841577416
8.8515625,0.13082198442221962,-0.0694100969071556
8.8671875,0.13811463289152437,-0.0812671463591137
8.8828125,0.14576453782960586,-0.06568948154228238
8.8984375,0.17013413679466535,-0.07428273970116095
8.9140625,0.18415554145642796,-0.08173395286679508
8.9296875,0.19867141595629859,-0.08109540636002421
8.9453125,0.2171332851595064,-0.08483718705222287
8.9609375,0.23515653157798552,-0.07870143844045785
8.9765625,0.24916198143967475,-0.08573964102786746
8.9921875,0.2632699130412886,-0.08069446152795123
9.0078125,0.2772512621577733,-0.07751301685552647
9.0234375,0.2866156968318466,-0.07326637747594233
9.0390625,0.2922256211504078,-0.08108131109613126
9.0546875,0.29712485314171216,-0.07570160509437329
9.0703125,0.30243105075514465,-0.07985644456339358
9.0859375,0.30597256905667347,-0.06428223106444975
9.1015625,0.3056122879027947,-0.06450672596336204
9.1171875,0.3035493906426917,-0.07822640236346246
9.1328125,0.3035532923334369,-0.0776152585949994
9.1484375,0.30244313938274225,-0.08538864679155012
9.1640625,0.30379027259335684,-0.07634179058416635
9.1796875,0.3038467151297776,-0.07392105098258384
9.1953125,0.30099319079388276,-0.07807466145083097
9.2109375,0.29657323755075715,-0.0789332423962179
9.2265625,0.29397527140845614,-0.07321453805651856
9.2421875,0.2927429021653646,-0.06498192211283182
9.2578125,0.28809967923153024,-0.06957628922981485
9.2734375,0.28634336912208025,-0.07851010140807091
9.2890625,0.2827542603345528,-0.07170465311368801
9.3046875,0.2806894394269765,-0.06823009140494207
9.3203125,0.2742722805931478,-0.07498675147651568
9.3359375,0.27241841147085377,-0.06965465922178637
9.3515625,0.2688752448953609,-0.08078309820156093
9.3671875,0.2648243302372176,-0.07723004135068123
9.3828125,0.26174025333680506,-0.07736095127161846
9.3984375,0.2566415801028984,-0.0789442381169998
9.4140625,0.2530616629150962,-0.07212025854980197
9.4296875,0.24709305570122603,-0.07849074656589394
9.4453125,0.24365480017177316,-0.07677991807480922
9.4609375,0.23976764201718942,-0.06925371721872509
9.4765625,0.2353339730522349,-0.06980272229660756
9.4921875,0.2338559460452058,-0.07983995478995354
9.5078125,0.23020840858941333,-0.06571926977558107
9.5234375,0.2258338346112423,-0.061201419130512136
9.5390625,0.2219184085090136,-0.06655202125613968
9.5546875,0.21809555551871274,-0.07332936104063847
9.5703125,0.21447315769898842,-0.07785851379098929
9.5859375,0.2129444933339417,-0.06849956704323645
9.6015625,0.20921602650932117,-0.06321815591689628
9.6171875,0.2049694724182009,-0.07111916105789362
9.6328125,0.19992390984102779,-0.06072281575971061
9.6484375,0.1981505994968755,-0.07556210370193028
9.6640625,0.19417138686347202,-0.06220153922827265
9.6796875,0.190567451920193,-0.0671809780010868
9.6953125,0.1866210874947233,-0.06665612661045373
9.7109375,0.18464759948188997,-0.066135375621311
9.7265625,0.18338653916198655,-0.060524224405671845
9.7421875,0.18077379815306163,-0.07026302545935792
9.7578125,0.17998687532274693,-0.055846240500933675
9.7734375,0.17885205427092557,-0.050315473153421664
9.7890625,0.17832118595139862,-0.04955146381497855
9.8046875,0.17584174459088942,-0.05609070075004752
9.8203125,0.1717672233544672,-0.05347239266313153
9.8359375,0.16876994608662466,-0.04939843108028086
9.8515625,0.16525171519335816,-0.05557551366904434
9.8671875,0.1614909106128175,-0.06426292678170498
9.8828125,0.1568957260127609,-0.06485849219976103
9.8984375,0.15570111551180266,-0.05560110812068686
9.9140625,0.1524330450010537,-0.050791385909114695
9.9296875,0.14817027191214485,-0.05950860523001111
9.9453125,0.14443473811415736,-0.045554328673954814
9.9609375,0.14404542215782443,-0.055410082038044095
9.9765625,0.14250767107865064,-0.05533297089678513
9.9921875,0.14135231430422074,-0.06001029023502369
10.0078125,0.13773038429210985,-0.05333423213565425
10.0234375,0.13523009554305807,-0.05291755844709556
10.0390625,0.1334128748834757,-0.05178500998251323
10.0546875,0.13176421144458222,-0.04225884277882486
10.0703125,0.1318122012005126,-0.045948253999334554
10.0859375,0.12788711043017306,-0.04084302500614356
10.1015625,0.1266901930344137,-0.050735585430132346
10.1171875,0.1246308058448845,-0.0485073245164358
10.1328125,0.12363144804671014,-0.04449486189814422
10.1484375,0.1223713127041809,-0.04450302591422428
10.1640625,0.12003904538226823,-0.05655466185831415
10.1796875,0.11774329931596104,-0.042260113070298644
10.1953125,0.11526036078074345,-0.0532240824475565
10.2109375,0.11489295659687286,-0.04042409304916106
10.2265625,0.11377086454075495,-0.04155410969053008
10.2421875,0.1130003155980314,-0.03175209127070744
10.2578125,0.11326162724728994,-0.04244994423349979
10.2734375,0.11253372497871753,-0.05232995060102397
10.2890625,0.10970868101649965,-0.036236518217183544
10.3046875,0.10754172698594164,-0.04726268650900067
10.3203125,0.0945182204142741,-0.04543247732256006
10.3359375,0.13144527214359017,-0.03632685898471166
10.3515625,0.21941615380981916,-0.044793732507656614
10.3671875,0.31799346985266375,-0.035322184659243305
10.3828125,0.44587720858427315,-0.034319530262489906
10.3984375,0.6170920633231953,-0.03113703982601379
10.4140625,0.6679828985414161,-0.030893781702374667
10.4296875,0.6615355828053263,-0.03100820415749439
10.4453125,0.8168346383610132,-0.024944784139815823
10.4609375,0.884974124500647,-0.01854267530681497
10.4765625,0.8407062717320775,-0.015483441549683619
10.4921875,0.902943792666906,-0.016089176991677334
10.5078125,0.9849725469117018,-0.0192411993172783
10.5234375,1.076166916780517,-0.01581315842676645
10.5390625,1.1390775052716986,-0.017150587574651155
10.5546875,1.1851114113699028,-0.0053515523941669585
10.5703125,1.267058961816338,-0.003477854238560951
10.5859375,1.2776592166664986,-0.007826022056704574
10.6015625,1.2728796944172525,-0.00959677041191398
10.6171875,1.280450804880995,-0.012807084453800854
10.6328125,1.3289604981438683,0.0018799560047284558
10.6484375,1.2711660159818563,0.005877257488275944
10.6640625,1.190151953510965,0.006194691328701651
10.6796875,1.1964070402777,0.011619253390612982
10.6953125,1.2113952338062877,0.014087066955127625
10.7109375,1.0941466920051715,0.02089579970077793
10.7265625,1.0409751748799987,0.025478809524436485
10.7421875,1.0322790119466956,0.03183519436671034
10.7578125,0.9261390135210221,0.03778613982774459
10.7734375,0.8953211830727714,0.028740258501578353
10.7890625,0.8008367057052306,0.039098291493324666
10.8046875,0.8516962542667065,0.04754351319980188
10.8203125,0.7981250750968585,0.02674121659932993
10.8359375,0.7774780704560245,0.05461622132346733
10.8515625,0.744316935966777,0.05783060102977089
10.8671875,0.7326119037735251,0.04425278379607889
10.8828125,0.6604103858951874,0.06324030229272992
10.8984375,0.5959718491295848,0.05837089887668512
10.9140625,0.5669234713026433,0.06119259525005205
10.9296875,0.4850222180845527,0.06910185529388357
10.9453125,0.42418428622800264,0.05944040023619479
10.9609375,0.3846919526454016,0.061527041301090435
10.9765625,0.32586264416543026,0.05704194244098204
10.9921875,0.28297018493679116,0.07519527601672493
11.0078125,0.25815210211117984,0.07751461223925205
11.0234375,0.22692150906662026,0.06962689146034862
11.0390625,0.20916359998411171,0.08111132750042316
11.0546875,0.23626716097916778,0.07536803708095619
11.0703125,0.23878092530472125,0.09155387867969011
11.0859375,0.24192707874121014,0.09156531383160527
11.1015625,0.23625501004844035,0.08830651041543547
11.1171875,0.27424660371725806,0.10693471959309875
11.1328125,0.27466499988805865,0.09224657660402968
11.1484375,0.28453324598476143,0.09079163060532736
11.1640625,0.28244074782431494,0.09154329043930787
11.1796875,0.3009517753608861,0.0791630622676962
11.1953125,0.31690850051396063,0.09349493586951851
11.2109375,0.34493485908047367,0.10260523353545281
11.2265625,0.3868344931771953,0.09196290329604295
11.2421875,0.41991422898495395,0.08139614647173943
11.2578125,0.44018264457628914,0.09242528529248872
11.2734375,0.4624139246671467,0.08040908624051468
11.2890625,0.48068439778360394,0.08232433965611818
11.3046875,0.49662295625938513,0.07766919211272238
11.3203125,0.5066846003091645,0.07560143210125148
11.3359375,0.5128168399774028,0.07501079591295934
11.3515625,0.5179050990956985,0.0718813246680341
11.3671875,0.5215998994340638,0.06876873262732275
11.3828125,0.5230085993462794,0.051449252725355166
11.3984375,0.5227274873173431,0.06782952961675548
11.4140625,0.5253972741634239,0.05963898405151369
11.4296875,0.5225147963111066,0.05954397419304769
11.4453125,0.5167496773606896,0.053961608931409444
11.4609375,0.5143866735185161,0.06157158093118298
11.4765625,0.511021004717524,0.06109055295515731
11.4921875,0.5071353472897167,0.04676056751794988
11.5078125,0.5004376541577852,0.04930204990062137
11.5234375,0.4954641428560284,0.05476075542812353
11.5390625,0.4868829158138682,0.04812570931943583
11.5546875,0.48191670625617034,0.03645560070475895
11.5703125,0.4746358273660426,0.04564816826212237
11.5859375,0.46823940243965345,0.03616994513436822
11.6015625,0.45859217567093874,0.04901338310115122
11.6171875,0.4529145867732073,0.03405105072432235
11.6328125,0.445760194249373,0.04180143438031436
11.6484375,0.43993989882709456,0.02324680662758638
11.6640625,0.4340535139350276,0.04165659491198781
11.6796875,0.4253439763573983,0.04024110302058759
11.6953125,0.41862672740186796,0.03409041140076852
11.7109375,0.4126243906612438,0.025444322657371288
11.7265625,0.4043986023589996,0.02560888880116252
11.7421875,0.3988561014982499,0.012638583818919358
11.7578125,0.3932407513457958,0.026036780250418445
11.7734375,0.38682488304090445,0.022548079093983375
11.7890625,0.3802993266368062,0.0059681875420665165
11.8046875,0.3750868137609449,0.0252396648671791
11.8203125,0.3701816597131708,0.02723014926259637
11.8359375,0.3643114807197092,0.007328390226760462
11.8515625,0.3572494583534267,0.014575984418563337
11.8671875,0.3502983157414421,0.020654197667429486
11.8828125,0.3461717526921393,0.0248681753025366
11.8984375,0.33848497177676745,0.00754345816989499
11.9140625,0.3338606921485734,0.007484524902942269
11.9296875,0.3296708335221872,0.013989059883712684
11.9453125,0.32229996312569453,0.0087625923901129
11.9609375,0.31529348182852623,0.008694134637064366
11.9765625,0.31067628675210995,-0.007777522973778872
11.9921875,0.30745133762840243,-0.0026071529021756135
12.0078125,0.3031251784516303,-0.002586784520126173
12.0234375,0.3004913056508989,0.003625512861074043
12.0390625,0.29543175315558357,0.007253397057013444
12.0546875,0.29131699821224055,0.013017898315204945
12.0703125,0.28312480427884623,0.006353188153042311
12.0859375,0.27938276510678667,-0.0035371729818187703
12.1015625,0.275228767394312,-0.0020485693698084617
12.1171875,0.2724110307253776,0.006347192482721198
12.1328125,0.26799570365018444,0.005207555297793931
12.1484375,0.26420776073758384,-0.004681425370268499
12.1640625,0.25594788804685703,-0.013395528843329174
12.1796875,0.2512509973431296,0.009327655906545829
12.1953125,0.24728122593285556,-0.011531859433482339
12.2109375,0.2455146750209914,-0.011085986656990343
12.2265625,0.24106924382633746,-0.019008215086127933
12.2421875,0.23667468571360842,-0.001358359188238012
12.2578125,0.23371949536829123,-0.012286093393036879
12.2734375,0.231487195640984,0.000564987670305328
12.2890625,0.22779327865899734,-0.0030880650211493332
12.3046875,0.2226303178877089,-0.011814616621936835
12.3203125,0.2201202138241196,-0.0011397486682866997
12.3359375,0.2140431547794546,-0.00406035306788155
12.3515625,0.21185965420254002,0.006553934701756248
12.3671875,0.20665772349375108,-0.018651679705861568
12.3828125,0.20208831897984292,-0.0010046092406312823
12.3984375,0.19891637348397567,-0.007559768562511948
12.4140625,0.19486242980490903,0.003437638515340069
12.4296875,0.18999770190874204,-0.010457073107577486
12.4453125,0.18447708211294553,-0.006719168708759327
12.4609375,0.18293764059573284,-0.01833172141827788
12.4765625,0.1804325901934144,-0.007250158458742106
12.4921875,0.17652858373331035,-0.012310694559040769
12.5078125,0.17806191323607642,-0.01111689772426061
12.5234375,0.17744987123082429,-0.01394441606708341
12.5390625,0.17451321621233748,-0.00690154778054719
12.5546875,0.1740384633736528,-0.013781556974521436
12.5703125,0.170627363790737,-0.014044808265094133
12.5859375,0.16662086433202491,0.0006519019107109614
12.6015625,0.16324674194097047,-0.005908629114649955
12.6171875,0.15985438521187706,-0.010237806504072466
12.6328125,0.15449369588753334,-0.010884523469862017
12.6484375,0.1517380884538587,-0.0264840927750285
12.6640625,0.14940680885654167,-0.0014861239220209654
12.6796875,0.14769549106678265,-0.010580970812309687
12.6953125,0.1464274680946289,-0.019990823495476207
12.7109375,0.1419862081423142,-0.013271637355344978
12.7265625,0.13917849377851016,-0.016801451834012937
12.7421875,0.14086314231493965,-0.009380482830884773
12.7578125,0.14171471642631345,-0.011502436875847621
12.7734375,0.13865794918176771,-0.01615126255668642
12.7890625,0.1364353626460552,-0.02003706945779271
12.8046875,0.13190814835838216,-0.006383594485068755
12.8203125,0.12599312530868068,-0.027854635300403885
12.8359375,0.12447419309910876,-0.01595683516728741
12.8515625,0.12295931640995096,-0.024227069376642874
12.8671875,0.12117190341052703,-0.015642898413037898
12.8828125,0.11890267050874556,-0.00458234188322848
12.8984375,0.11576489294977532,-0.018043477704850375
12.9140625,0.11302152622895789,-0.006964166649325421
12.9296875,0.10912608994812893,-0.007280678801812712
12.9453125,0.1022230126439952,-0.00976724790053396
12.9609375,0.09247732140006452,-0.020992637576817685
12.9765625,0.10629341446610865,-0.004053978207320341
12.9921875,0.11243357487213157,-0.004022306502577067
13.0078125,0.15384260571071717,-0.02332412560308228
13.0234375,0.2080042782831593,-0.007828220931468621
13.0390625,0.26198450607777535,-0.014685850911678955
13.0546875,0.3043451666902289,-0.014571117701432712
13.0703125,0.35538447052118594,-0.017015869826018104
13.0859375,0.44402366552309114,-0.01432434436137342
13.1015625,0.42653182497924924,-0.006203597721157195
13.1171875,0.3996232492696794,-0.020000277816325962
13.1328125,0.3854186996248434,-0.008542329345377908
13.1484375,0.3665258847210896,-0.013940980695402061
13.1640625,0.3905459548197226,-0.022226963767820962
13.1796875,0.3451650695138956,-0.025338604424117506
13.1953125,0.3679459831374215,-0.014202300191094253
13.2109375,0.39913376834532766,-0.028663190252316895
13.2265625,0.40266851621683436,-0.03500226691004116
13.2421875,0.35288012665110857,-0.025259004551831055
13.2578125,0.3575728594245066,-0.03490239543118179
13.2734375,0.36878857434459655,-0.024788993614460963
13.2890625,0.359876927574407,-0.043186733563025825
13.3046875,0.33064826519904206,-0.03591540967105544
13.3203125,0.30314027770158986,-0.040751998496258324
13.3359375,0.2744467636489782,-0.04881338091233545
13.3515625,0.27981215328720427,-0.052436445223904116
13.3671875,0.2712412407291306,-0.04364702809126442
13.3828125,0.28334238975714404,-0.04768137423868524
13.3984375,0.2623894303355313,-0.05970817933648931
13.4140625,0.22756048393609685,-0.05778073973733555
13.4296875,0.2093969023385632,-0.05988791668976745
13.4453125,0.18477838192845494,-0.06670218021141494
13.4609375,0.1773503983459105,-0.06800538879115336
13.4765625,0.18716781094757934,-0.0754980739708806
13.4921875,0.18265615856929293,-0.06980620688450401
13.5078125,0.19057810437207665,-0.08129681181271309
13.5234375,0.18797570935904767,-0.06753566480727713
13.5390625,0.2266988908409871,-0.07429775008665374
13.5546875,0.19783387471663932,-0.09230870287528248
13.5703125,0.18545047646870172,-0.08283686402529966
13.5859375,0.17839899878822646,-0.0836506704731903
13.6015625,0.18427021575876285,-0.09538889565427766
13.6171875,0.17925129742543164,-0.08662726241720264
13.6328125,0.15570522323353014,-0.09251349476114257
13.6484375,0.13910100773021633,-0.08960306380613048
13.6640625,0.1442491370149211,-0.0936341585491931
13.6796875,0.1313398128084123,-0.09327356138996379
13.6953125,0.12442980579427097,-0.09873694981873982
13.7109375,0.1095104308256028,-0.10198512582800134
13.7265625,0.10191118251267309,-0.10884899439757945
13.7421875,0.08900196716624585,-0.1134639999268856
13.7578125,0.09721942281326654,-0.1071121741294192
13.7734375,0.08759362987342208,-0.11575273720690404
13.7890625,0.08458064536549838,-0.11447749924303352
13.8046875,0.0968187897708694,-0.1132273636555361
13.8203125,0.093902875810942,-0.11124515534343615
13.8359375,0.09630006821745975,-0.1125637218445057
13.8515625,0.10054199098261771,-0.1244469835161901
13.8671875,0.10987829277002628,-0.11216547536707822
13.8828125,0.1083369108424819,-0.12187174885206531
13.8984375,0.11407127875810155,-0.12164632564326183
13.9140625,0.12192671139966997,-0.12324698291591218
13.9296875,0.1260428354465118,-0.11863547713660338
13.9453125,0.1294747523297349,-0.13156135296372184
13.9609375,0.12581288780766056,-0.1123054758470623
13.9765625,0.1332928924479142,-0.11215478914610699
13.9921875,0.13423055411895934,-0.12040017666910785
14.0078125,0.1352791997649059,-0.1285735773121921
14.0234375,0.1361546455653987,-0.12683482662045265
14.0390625,0.13283537933815448,-0.1305901877963045
14.0546875,0.13095573197038035,-0.129933301868693
14.0703125,0.1316098935029178,-0.11943325122009085
14.0859375,0.13357276386201256,-0.12980187524544462
14.1015625,0.13476090545914413,-0.13316313664946833
14.1171875,0.13233105866913583,-0.13722483802787977
14.1328125,0.13251650880358506,-0.13615276898078577
14.1484375,0.1337615945233269,-0.12343159904795442
14.1640625,0.13644051453068112,-0.14324636291876303
14.1796875,0.13871719705049096,-0.11550429967772757
14.1953125,0.14257102059912813,-0.13320089608756192
14.2109375,0.14495941426996498,-0.14274283034816904
14.2265625,0.14796090603779793,-0.13906906300444533
14.2421875,0.15089005675613795,-0.142357924504104
14.2578125,0.15290887972073833,-0.14380434220054283
14.2734375,0.1521955034284914,-0.13100068498227202
14.2890625,0.15152425406895006,-0.13472350038966852
14.3046875,0.1527132469054721,-0.13731961176815588
14.3203125,0.15272589592174296,-0.14609509894351902
14.3359375,0.15102666397349698,-0.13764888374257467
14.3515625,0.14932835131078898,-0.13840539099086158
14.3671875,0.14861778224297845,-0.12455386333526164
14.3828125,0.14794107259872025,-0.12249073653430287
14.3984375,0.1458918672135084,-0.13430401319360996
14.4140625,0.14607031209331187,-0.12813758512727347
14.4296875,0.14402362355616058,-0.13625810705666908
14.4453125,0.1443594596357027,-0.12097752518849347
14.4609375,0.1440938815458839,-0.11966146856851623
14.4765625,0.14332223125213026,-0.12164855224150628
14.4921875,0.14089066357871224,-0.11486186492464867
14.5078125,0.13975820218233917,-0.13438022992875176
14.5234375,0.13870340787793378,-0.12641159642619115
14.5390625,0.1359114418656205,-0.13745240195871844
14.5546875,0.13475784233335783,-0.12106487012807676
14.5703125,0.13595428631423756,-0.12340433964093123
14.5859375,0.13490218629349898,-0.12279602336215234
14.6015625,0.1354995723826134,-0.12183667942963439
14.6171875,0.13325199121366746,-0.12709205807849955
14.6328125,0.131060784622652,-0.11989192366785062
14.6484375,0.12988600139004874,-0.11422414933515057
14.6640625,0.1283400981548392,-0.12317250002088898
14.6796875,0.12645449409428025,-0.1109085185639671
14.6953125,0.12500425634367082,-0.11623413388982229
14.7109375,0.12500326559910244,-0.1233500319984735
14.7265625,0.1268837821260537,-0.11436238259381781
14.7421875,0.12299365046569195,-0.11602751546143253
14.7578125,0.1215694234844676,-0.11730114998419339
14.7734375,0.12284404662065114,-0.11785327398791878
14.7890625,0.12141040629606792,-0.11437395630325753
14.8046875,0.1174882116825614,-0.11239036002599079
14.8203125,0.11451143225451055,-0.11697769863632601
14.8359375,0.11255026282451118,-0.11241517164044268
14.8515625,0.11143526260744245,-0.10497392028043251
14.8671875,0.11129483981630094,-0.09321546514228629
14.8828125,0.11011904042968328,-0.0913895997873233
14.8984375,0.10868872340968139,-0.1019848846293776
14.9140625,0.10780960520951421,-0.08769119235062561
14.9296875,0.10655696779306466,-0.087377024614824
14.9453125,0.10482149259654926,-0.09909370744406587
14.9609375,0.10325290491346532,-0.10742599508808937
14.9765625,0.10020953249178191,-0.1011213412034273
14.9921875,0.09730187071151375,-0.09851458115252143
15.0078125,0.09549715208020593,-0.09483056688097591
15.0234375,0.08883177754683927,-0.09153111409559145
15.0390625,0.08505303936078451,-0.09700811539385512
15.0546875,0.08735253044405565,-0.094433489919588
15.0703125,0.1090263285781091,-0.08421835134172184
15.0859375,0.15707820957692772,-0.088662433855351
15.1015625,0.2658809081539089,-0.09234509714523753
15.1171875,0.3322261978999029,-0.07484899668536116
15.1328125,0.4080433989336101,-0.08666355473280163
15.1484375,0.46495645012237574,-0.07686489889825054
15.1640625,0.604489459560042,-0.08538598868880953
15.1796875,0.6152677349560705,-0.0683151759681877
15.1953125,0.6269164221733765,-0.07580544093559993
15.2109375,0.7443677074214773,-0.06572069441065409
15.2265625,0.8376424290391057,-0.05755419391034167
15.2421875,0.9648834178468967,-0.05456110236856304
15.2578125,1.074298558058622,-0.05230295460378187
15.2734375,1.1041146882620514,-0.06247690403223061
15.2890625,1.1270942889675275,-0.05578157551256879
15.3046875,1.1458441788513676,-0.03530097833449375
15.3203125,1.2357854599142242,-0.04669023565631747
15.3359375,1.2327100880493642,-0.030640863545475128
15.3515625,1.1504781043322452,-0.02711619298829504
15.3671875,1.127150096776108,-0.020712259603435257
15.3828125,1.0570796120832484,-0.013260737414611867
15.3984375,1.0545887206234021,-0.012786218199124733
15.4140625,0.9923185628468502,-0.008681907019500557
15.4296875,0.9774500627831292,-0.0005901023412491213
15.4453125,0.87252381151026,0.0008754772813830414
15.4609375,0.8519062612721471,0.011436064296638904
15.4765625,0.8602267905466776,0.007698081319045258
15.4921875,0.8238757864231281,0.012013278613117961
15.5078125,0.7767681100724756,0.03744475637114775
15.5234375,0.7270581321966295,0.03314780036205178
15.5390625,0.6533173221324964,0.04126859057604548
15.5546875,0.6012600185218674,0.04641913780008977
15.5703125,0.549458993326624,0.04861507726765879
15.5859375,0.5244899184666111,0.04494998316577181
15.6015625,0.5093488372732943,0.0507984693393162
15.6171875,0.43225418558299933,0.0401823899508571
15.6328125,0.4021144088535927,0.0668623357645366
15.6484375,0.3988902287908839,0.07216114218907421
15.6640625,0.418989621076147,0.07743369126819033
15.6796875,0.3975818691194551,0.0596983060420726
15.6953125,0.40222174990776494,0.06615070098235165
15.7109375,0.35197429565630334,0.07366544570047395
15.7265625,0.2982483529569628,0.06689027648891965
15.7421875,0.29948571842483235,0.07875944224801046
15.7578125,0.25308611570201717,0.06939345699667854
15.7734375,0.2232137605630039,0.06666365133670382
15.7890625,0.18960622357663665,0.07963977692822155
15.8046875,0.18781782839165087,0.07645900218934187
15.8203125,0.19664946963850347,0.07988122466445446
15.8359375,0.17558457783437084,0.08363249115114613
15.8515625,0.1660548040927831,0.09391745869998402
15.8671875,0.1453215531326728,0.08880838999950669
15.8828125,0.14593886658622343,0.0789929776394338
15.8984375,0.1507074724846783,0.10097923760264038
15.9140625,0.16157935493409156,0.0885252910938128
15.9296875,0.15963575693907145,0.102049752663941
15.9453125,0.18442333208662653,0.09506040084411893
15.9609375,0.17019989763791143,0.10342419869595432
15.9765625,0.21129574353933625,0.10079944757088555
15.9921875,0.22298324238103143,0.0901636552444387
16.0078125,0.22338773523096425,0.10076851777823848
16.0234375,0.230034792999686,0.10799767122286852
16.0390625,0.2361968672615482,0.09840326230767005
16.0546875,0.24367811284193663,0.10238074507971362
16.0703125,0.27156462884563076,0.09938565644170083
16.0859375,0.2614622659760679,0.08620989016670322
16.1015625,0.27994697448884104,0.08918501412505364
16.1171875,0.2977787220701077,0.09214446471737148
16.1328125,0.3192890448977011,0.08595162799884548
16.1484375,0.3348097912170274,0.08709688047785491
16.1640625,0.3511628706550323,0.07913429822833606
16.1796875,0.36752812702735593,0.08543484947966462
16.1953125,0.3834701445947478,0.08513073963265327
16.2109375,0.39698432413751933,0.08775094454000154
16.2265625,0.40641972901489537,0.0976328169673053
16.2421875,0.41022667541456975,0.09104889216204981
16.2578125,0.41520044490982655,0.09033757269203235
16.2734375,0.41972174220259906,0.09035094044459058
16.2890625,0.41975006455534186,0.09402041227674829
16.3046875,0.42111065328543945,0.09328587780583675
16.3203125,0.4241209127510916,0.09621329040064808
16.3359375,0.42192267356930857,0.09946604291933525
16.3515625,0.41771317282916043,0.09831804475459549
16.3671875,0.4146484542111304,0.07348557298084302
16.3828125,0.410567181864654,0.07911869464883736
16.3984375,0.4063119331592152,0.07959819938043466
16.4140625,0.40125251046869664,0.0702256613390091
16.4296875,0.3968803769367139,0.08499070830013622
16.4453125,0.3941654651932551,0.07702187115109282
16.4609375,0.3897909038524807,0.08298314561429976
16.4765625,0.3863008283241164,0.07468178221396116
16.4921875,0.3834689583803308,0.0824932277745134
16.5078125,0.3810312865489612,0.06434739521499466
16.5234375,0.3773749829184818,0.07295113842330636
16.5390625,0.374545042630488,0.08077610463847407
16.5546875,0.36832120548719904,0.06337038693255792
16.5703125,0.3608141182750449,0.06871161378711932
16.5859375,0.3539701330530245,0.05358781919317224
16.6015625,0.3492290772349063,0.050254795249433215
16.6171875,0.34363339790370395,0.04730359067991685
16.6328125,0.33947034905630485,0.0564114083155971
16.6484375,0.3345602782145579,0.04065700924779492
16.6640625,0.33046847520991945,0.026857580575235573
16.6796875,0.3260094841588477,0.04012955151480213
16.6953125,0.32009152719577216,0.037272589991740546
16.7109375,0.31470515900464274,0.043544405714001755
16.7265625,0.3122715742173452,0.023870971674305963
16.7421875,0.3044711666166991,0.044834472650912005
16.7578125,0.2995668240404053,0.029897218222085797
16.7734375,0.29434293774766174,0.03659757374074246
16.7890625,0.29070333821338357,0.033397286089591915
16.8046875,0.28658083718733535,0.029116811362300155
16.8203125,0.2839228216462085,0.019041039631233048
16.8359375,0.28082940865467226,0.02582620904512467
16.8515625,0.27377595978192687,0.030370700045775578
16.8671875,0.2679562451840483,0.023570421120098217
16.8828125,0.2656902016823804,0.039426661974538035
16.8984375,0.26071388130631734,0.021246367255894683
16.9140625,0.25745651731858066,0.04223037295451704
16.9296875,0.253667535424762,0.03205215152350149
16.9453125,0.2505443307728937,0.019773347960118315
16.9609375,0.24925310035852996,0.014145910591260247
16.9765625,0.24609647545344923,0.029356650394987582
16.9921875,0.24205148098228624,0.019649924625912973
17.0078125,0.2363301600902965,0.008913843328478777
17.0234375,0.23280205623995454,0.027079827763994757
17.0390625,0.2289110910800017,0.01702753975717286
17.0546875,0.2230861315012519,0.020898930952764516
17.0703125,0.21753040651598898,0.010168231373178571
17.0859375,0.214935355383619,0.013366511086424282
17.1015625,0.21161833913986955,0.008515826959737183
17.1171875,0.20830326533692733,0.009546916595152055
17.1328125,0.20537393440633445,0.013847669863636725
17.1484375,0.20281940917941188,0.009364146388442407
17.1640625,0.19913342125902425,0.012939627720065516
17.1796875,0.19754286096774562,0.009560817857654058
17.1953125,0.19613846070431362,0.022967919755952693
17.2109375,0.1934430268405103,0.012584406115895064
17.2265625,0.189369868491832,0.004091193459011322
17.2421875,0.18620779394718365,0.0044301507145512176
17.2578125,0.18190158440506932,0.011685247822768474
17.2734375,0.1798037680573233,0.005030948992580164
17.2890625,0.17614506854673675,0.012288922154141346
17.3046875,0.17181404300637526,0.012192914949810785
17.3203125,0.1704932210976456,0.0007959615012538279
17.3359375,0.1684033656559183,0.004067462072868011
17.3515625,0.16610446072471013,-0.0018006229770435311
17.3671875,0.1665756813130508,0.014988098778388803
17.3828125,0.16406343703746729,0.004303577575164752
17.3984375,0.16212028211231072,-0.005578340766948742
17.4140625,0.1597000992390292,-0.0015303411297580283
17.4296875,0.15622878704078305,-4.984610170666315e-05
17.4453125,0.1528522489784343,-0.0018813458315598552
17.4609375,0.15120075290362378,0.003598740480779128
17.4765625,0.14965360518768858,0.004312464729647303
17.4921875,0.1490296959115222,0.005368823342596585
17.5078125,0.14571178148808264,0.011889887241814279
17.5234375,0.14326097948386673,0.011796997497736328
17.5390625,0.12888379565292687,0.0040517758795566294
17.5546875,0.11585551764902952,-0.006562444880795937
17.5703125,0.13062487036583886,0.004071390481129811
17.5859375,0.1642872029436868,0.00039094401771677667
17.6015625,0.2188529365021022,-0.008733707045625039
17.6171875,0.31351904184196233,-0.013396593638379528
17.6328125,0.4357216302950257,-0.010385133434173355
17.6484375,0.5109882567505528,0.004646335446572891
17.6640625,0.5969409969877643,-0.0059649605205081
17.6796875,0.9137793669365092,0.00392993737586167
17.6953125,1.0724345196799148,0.002082485167360204
17.7109375,1.277871803162665,0.007887384174690482
17.7265625,1.2793184275949363,0.025698037907790905
17.7421875,1.249363712533953,0.01893426415506383
17.7578125,1.1999280878147693,0.02462264821882343
17.7734375,1.0940678255091099,0.034278580421919
17.7890625,0.9580846154315912,0.020142923940351665
17.8046875,0.953815013668932,0.013793469219930188
17.8203125,0.9391810663342925,0.017690126591595856
17.8359375,0.9007296282469368,0.020837211288327495
17.8515625,0.8649274651940073,0.02067442057513702
17.8671875,0.8818720610870465,0.03400983703197724
17.8828125,0.8687470639166323,0.028642096796684058
17.8984375,0.810149927156857,0.02767649100657721
17.9140625,0.7475698672642118,0.023826769275078874
17.9296875,0.7330890527982303,0.03055941059635714
17.9453125,0.707427305950737,0.034340223630792366
17.9609375,0.7160084892985538,0.030052382203958672
17.9765625,0.6734219331656771,0.021066920859222904
17.9921875,0.647553145032595,0.03476262082214987
18.0078125,0.6396234748962699,0.03777632665770625
18.0234375,0.6497657216242696,0.02507431348175615
18.0390625,0.6790631473411252,0.04529414373151042
18.0546875,0.666733791589737,0.03693144553371397
18.0703125,0.6619236491863836,0.04064733746542615
18.0859375,0.6690898035080143,0.044705118695858914
18.1015625,0.6392677760674697,0.03597610255172157
18.1171875,0.6823912220967593,0.05391552350727835
18.1328125,0.6766273198146064,0.05531862784252084
18.1484375,0.6813606528262715,0.054886451062500896
18.1640625,0.620315083019601,0.04607789325924827
18.1796875,0.5896513444657195,0.053370967293385974
18.1953125,0.5434470902740536,0.0646190528264654
18.2109375,0.5090445850307957,0.0601022278364276
18.2265625,0.500181708963254,0.058913549142239674
18.2421875,0.4295259661480141,0.07120838299827525
18.2578125,0.40681969157305103,0.07356643661239914
18.2734375,0.4492364415218055,0.04491534813742604
18.2890625,0.38773870246801906,0.062065801197633164
18.3046875,0.3522064772066216,0.08017988587684499
18.3203125,0.31382636136531833,0.07445144213494714
18.3359375,0.3128440754498416,0.07824512879765066
18.3515625,0.2799022391141241,0.08419684656049142
18.3671875,0.23736965447809352,0.08426575852583795
18.3828125,0.2247139472905581,0.09564339820684609
18.3984375,0.19642808033119846,0.0941694843292531
18.4140625,0.17217189170321887,0.08468310812417457
18.4296875,0.15179509631267843,0.08583827091470653
18.4453125,0.13753233908954327,0.08335090985043436
18.4609375,0.14609022884685832,0.09363807725317841
18.4765625,0.1510597014554298,0.08888697134491963
18.4921875,0.16910953907947893,0.0889268115002757
18.5078125,0.19765412929843515,0.08786115108099324
18.5234375,0.21424125557897683,0.08864327507614433
18.5390625,0.23922199333376287,0.09742812642748078
18.5546875,0.26532908926305726,0.07988474501144793
18.5703125,0.2791041406620945,0.10296922736548808
18.5859375,0.2668703101970481,0.09158221401540345
18.6015625,0.2968528940703086,0.0926986171209343
18.6171875,0.3218446843199825,0.09817406709170129
18.6328125,0.3266515012917524,0.09120742427552386
18.6484375,0.3381027115940543,0.10507428159472099
18.6640625,0.3534822077220161,0.09149829281105326
18.6796875,0.3712697336771925,0.104999527805262
18.6953125,0.38352403602839524,0.11074222682585955
18.7109375,0.40152379885919937,0.1018530758991183
18.7265625,0.42387571307173033,0.09886967946646408
18.7421875,0.4451780866009776,0.09336614141658472
18.7578125,0.46104961616112916,0.09189487902789395
18.7734375,0.4755871467854355,0.09300883943801708
18.7890625,0.48660171283313464,0.09738424626339182
18.8046875,0.497884785053866,0.08277071634720912
18.8203125,0.5033899459307196,0.09451581616990623
18.8359375,0.5090074120291397,0.09596508063327036
18.8515625,0.5125500316898802,0.08938661522823921
18.8671875,0.5132433234293672,0.08613726310502656
18.8828125,0.5133165234827655,0.0774327686674674
18.8984375,0.5131383299854597,0.08485937223180073
18.9140625,0.509349135592918,0.07799675046921806
18.9296875,0.5053987244330629,0.0657147848512345
18.9453125,0.5016075134538027,0.07176439592615935
18.9609375,0.4975014004927256,0.06391402892231213
18.9765625,0.4920439527909431,0.04263562733298443
18.9921875,0.4863454845563792,0.05141656351775836
19.0078125,0.47907179616949547,0.05211249114881866
19.0234375,0.47390204541363484,0.04514235448014503
19.0390625,0.4659349139353184,0.041141041110488885
19.0546875,0.46087677177085085,0.04081962672681172
19.0703125,0.4563985426042759,0.04231747296576316
19.0859375,0.45025376426083613,0.02886085204507083
19.1015625,0.44565705016874063,0.043593281454143096
19.1171875,0.43850263483069307,0.042155089409245505
19.1328125,0.431647864761154,0.03234080604547884
19.1484375,0.4243232136698878,0.03865115132983021
19.1640625,0.41687530937323736,0.01902351562989324
19.1796875,0.41094710238392135,0.0352861988879134
19.1953125,0.40212387413220724,0.022255429500390278
19.2109375,0.3962062764844952,0.022081558957417258
19.2265625,0.3888954851280872,0.02700351537166057
19.2421875,0.3845686670750787,0.03372647794382999
19.2578125,0.3768141040265723,0.02725576212798586
19.2734375,0.3707451139136093,0.018292149377597156
19.2890625,0.3652849285031459,0.0032064767246851034
19.3046875,0.35736224974247327,0.00937351425240962
19.3203125,0.3500914873693215,0.01586329150388721
19.3359375,0.3443920764971336,0.0011675140075482204
19.3515625,0.3368962822105436,0.012815869229530819
19.3671875,0.33293042385190735,0.006160307209491123
19.3828125,0.3238928704965427,0.011948487811888953
19.3984375,0.3179432053015286,0.0020068436085551866
19.4140625,0.31267741916312264,0.002717864971966577
19.4296875,0.3107892490192271,0.01947128604030368
19.4453125,0.3052398624657392,-0.0029208760683516743
19.4609375,0.3006993007567782,-0.011648733832831937
19.4765625,0.2989520663429242,0.004119306755125507
19.4921875,0.29467745341502216,-0.0028392330750222072
19.5078125,0.28923205629272275,-0.005375640548251681
19.5234375,0.28602323518792555,0.002690333923194288
19.5390625,0.28070050657990636,0.010693292969083501
19.5546875,0.27699271967325123,0.002214854633667329
19.5703125,0.2706956901643243,0.005127059767904285
19.5859375,0.26694176246787715,-0.011687649774959397
19.6015625,0.2613291705515557,-0.006501871417494698
19.6171875,0.25627189507355463,0.0022996015617238186
19.6328125,0.25257774555909723,-0.010844379738628618
19.6484375,0.24735765718734326,-0.014037377042765087
19.6640625,0.24420120448948995,-0.013927710034618457
19.6796875,0.24057355744879547,-0.022569576908740174
19.6953125,0.23741806948208521,-0.016927863791107
19.7109375,0.23167066140964296,-0.022616783277936037
19.7265625,0.22677002618301204,-0.018435670808631954
19.7421875,0.2215843554949138,-0.014287223280497585
19.7578125,0.2169360975574905,-0.008339296346143499
19.7734375,0.2129897231415713,-0.01192278431871685
19.7890625,0.2099633063945735,-0.021670364418650223
19.8046875,0.206491617162107,-0.019669175544102302
19.8203125,0.20222268939267526,-0.006760414151450789
19.8359375,0.1992895589012074,-0.024579872337859854
19.8515625,0.19781641301614583,-0.01891488399730079
19.8671875,0.1947971738207687,-0.015118472740791589
19.8828125,0.19296728709896258,-0.038338021892510454
19.8984375,0.18757321787092351,-0.030385448521247582
19.9140625,0.1842963254344573,-0.017741176580745588
19.9296875,0.1812941850943706,-0.022348831897524235
19.9453125,0.17814513124116235,-0.032378308415289325
19.9609375,0.17375274240455363,-0.018272637388548674
19.9765625,0.17076695768190345,-0.014852163388109574
19.9921875,0.16558775463705883,-0.030042246012087048
20.0078125,0.16316349007846517,-0.014130506110227259
20.0234375,0.16090314449531062,-0.024602677792533
20.0390625,0.15870114796566964,-0.024410469372277532
20.0546875,0.15658219328321046,-0.020934473769575135
20.0703125,0.15532384341487934,-0.01602466493443444
20.0859375,0.1520602974202916,-0.027935438159126136
20.1015625,0.14907406996181471,-0.02225180425047313
20.1171875,0.14606455979030447,-0.01806597338993754
20.1328125,0.1447467599272879,-0.014276194247543117
20.1484375,0.14278472889210686,-0.010160242630043115
20.1640625,0.14086611124911208,-0.02976988922921109
20.1796875,0.13931653013424156,-0.013481787620399643
20.1953125,0.13848839206220334,-0.02468572724500362
20.2109375,0.1347718812833034,-0.025219569830003508
20.2265625,0.13492336657685858,-0.017361914575594994
20.2421875,0.13153257354302988,-0.016870494493311128
20.2578125,0.1304579740411514,-0.022211651843001334
20.2734375,0.1289932043297122,-0.014006576243431823
20.2890625,0.12520912600237277,-0.016811518972819073
20.3046875,0.12359470884020958,-0.005015132765787911
20.3203125,0.12171365940067004,-0.026133514773750477
20.3359375,0.1188884361143186,-0.014249160894753032
20.3515625,0.11554321047101099,-0.02581802512008835
20.3671875,0.11801478029129125,-0.011748466726817952
20.3828125,0.11389263734273386,-0.02150497847281585
20.3984375,0.09652064039345293,-0.01586401274057536
20.4140625,0.09369373719639736,-0.015740075141039256
20.4296875,0.1206541074044806,-0.020363364062820466
20.4453125,0.16708767350316028,-0.012914567620406103
20.4609375,0.2521827479383957,-0.006977364558398591
20.4765625,0.38907713610949324,-0.02442420811531676
20.4921875,0.5477318920473323,-0.012197428069924854
20.5078125,0.5500413825847686,-0.019391843323798952
20.5234375,0.6730638485284578,-0.024357522511088803
20.5390625,0.7459935572141738,-0.012487043571642431
20.5546875,0.8617139645161856,-0.019694335784183892
20.5703125,0.8981617521707198,-0.01223562654542576
20.5859375,1.0259129462121501,-0.021988332355338258
20.6015625,1.136863633358845,-0.009061452550106708
20.6171875,1.2830037921482742,-0.008990659952058166
20.6328125,1.2637025923644338,-0.01839022756916009
20.6484375,1.2854790442689705,-0.011683546084707785
20.6640625,1.2855640729618234,-0.006490229997428543
20.6796875,1.2005864317286679,-0.010451513715409533
20.6953125,1.0402339640509897,-0.013291800160690315
20.7109375,1.0518896542925387,-0.008449269503000068
20.7265625,1.0816233434008473,-0.007656559755904624
20.7421875,1.1394713160397103,-0.007596742882810759
20.7578125,1.207562661103952,-0.0002325460885863606
20.7734375,1.0803790285475248,-0.0016916987703581299
20.7890625,0.9781782782044495,0.0041578256287557736
20.8046875,0.8647820244232706,0.0033835032071571902
20.8203125,0.9020547378358822,0.0040989089972249815
20.8359375,0.9769169464764271,0.023014070356527583
20.8515625,0.9268964517338043,0.014825435231980322
20.8671875,0.8791247757937694,0.02490611849631108
20.8828125,0.9504179111203406,0.015241732297578636
20.8984375,0.8919902125627478,0.011837367453274794
20.9140625,0.930425993757735,0.015030176830777009
20.9296875,0.9087692062618681,0.0214681916159698
20.9453125,0.9291751948105829,0.029332018438523733
20.9609375,0.9271567273405255,0.01852029578317982
20.9765625,0.8393633871389612,0.04098656836327308
20.9921875,0.8340771906145932,0.022430736961418063
21.0078125,0.7805652394401279,0.03538151249205512
21.0234375,0.7874831765312802,0.04094140242818156
21.0390625,0.7805922512406325,0.046813635848849344
21.0546875,0.7329849402251076,0.04900649330040707
21.0703125,0.6925046817431403,0.05336988833031597
21.0859375,0.7327729849388107,0.0467457083708247
21.1015625,0.7487858977868833,0.05768220382467959
21.1171875,0.716398976099398,0.06307543939966109
21.1328125,0.7262805440421491,0.056738784736989345
21.1484375,0.7418230820631551,0.07416778690320314
21.1640625,0.6787633806790292,0.0823390281767864
21.1796875,0.6122847514909157,0.07585944651668441
21.1953125,0.6280455650578257,0.08110310259324649
21.2109375,0.6146130214084458,0.08775919226490814
21.2265625,0.604720032545505,0.09290988157781399
21.2421875,0.6705508288218581,0.09691514180703464
21.2578125,0.6102443262411935,0.10017755069138445
21.2734375,0.6463212632881152,0.10193836297846559
21.2890625,0.5752942206826637,0.10917351658724073
21.3046875,0.5018015200805724,0.10978156793699156
21.3203125,0.4966780279991861,0.12714438369422965
21.3359375,0.46432166129417884,0.12943635700735
21.3515625,0.4231680822354574,0.13461722359536665
21.3671875,0.38959877395294773,0.13758508496574606
21.3828125,0.3297788046214461,0.1448899588937742
21.3984375,0.2855385556245712,0.14631659507154637
21.4140625,0.2671715357334475,0.15793616242114794
21.4296875,0.2601411119771927,0.15195602789341223
21.4453125,0.22607815676151116,0.1500421715963931
21.4609375,0.2051194476586869,0.14559224810995275
21.4765625,0.195757391216428,0.16085854335558736
21.4921875,0.19889742166240695,0.16689154364629388
21.5078125,0.21649403834898429,0.17142401146402975
21.5234375,0.23486939227110626,0.16862379192637533
21.5390625,0.25440327460925616,0.17714714540437626
21.5546875,0.2755933494310031,0.17431735346258392
21.5703125,0.301791666018326,0.1795185069702292
21.5859375,0.34217977077402667,0.17628412948199923
21.6015625,0.35001175294077674,0.1891229751272192
21.6171875,0.38135164699760166,0.20295913682437572
21.6328125,0.423113594384857,0.19664239988888355
21.6484375,0.45364044182439983,0.19364516169166635
21.6640625,0.4845135101534121,0.19687856712477014
21.6796875,0.5180940584426359,0.18731647603944168
21.6953125,0.5512031618097407,0.18585306607038277
21.7109375,0.5625675737623349,0.1920541465669352
21.7265625,0.5935161875001131,0.1967458116740204
21.7421875,0.6196267139459994,0.20324028208986533
21.7578125,0.640430237754988,0.1976404787462016
21.7734375,0.6578739534832032,0.18988918479909245
21.7890625,0.6717930296584983,0.19642965282251268
21.8046875,0.6812296698117365,0.1970902852269134
21.8203125,0.6862747909949932,0.1933552783065018
21.8359375,0.6903364279769145,0.1881960514694505
21.8515625,0.6920292333746787,0.20278129416655943
21.8671875,0.690887613718413,0.18951687951105356
21.8828125,0.6884705963211021,0.18549282948801604
21.8984375,0.6870255595267648,0.19060667458922254
21.9140625,0.6832566131743502,0.19312197879393622
21.9296875,0.6789231358186499,0.1832334559302815
21.9453125,0.6729203011121677,0.17742660600144333
21.9609375,0.6652275087473776,0.17202090221233846
21.9765625,0.6575440116316952,0.1692311590454878
21.9921875,0.6515279861374227,0.17191345946539016
22.0078125,0.6424589423539245,0.1683827162861249
22.0234375,0.6348004031805351,0.16013329877912952
22.0390625,0.6268266778164584,0.16325759593679834
22.0546875,0.6175973399182575,0.15651675767050577
22.0703125,0.6102934868012205,0.15784498969294702
22.0859375,0.6008646285880117,0.15114643741293676
22.1015625,0.5944659845539295,0.14230497850553547
22.1171875,0.5838613298271347,0.13681788230658043
22.1328125,0.5773647160851342,0.12809593502583283
22.1484375,0.5687602567048341,0.13511916281310832
22.1640625,0.5595042520850831,0.1275005365220565
22.1796875,0.5502517667143545,0.1294188076867755
22.1953125,0.5408527699647488,0.11637932712211452
22.2109375,0.5318942294170537,0.1048951171575645
22.2265625,0.5230188387958892,0.10334135443578418
22.2421875,0.5156699444326591,0.11712098521548953
22.2578125,0.5050058669543152,0.10489671142810053
22.2734375,0.49713921236293407,0.0978851177429334
22.2890625,0.49032042429485334,0.09237413200174771
22.3046875,0.48325790667083157,0.08910900969362956
22.3203125,0.4773804817494101,0.08767857593640827
22.3359375,0.46855548355735105,0.08298916821195945
22.3515625,0.4598903583145564,0.06630043056586388
22.3671875,0.4522161277111286,0.07816663470634211
22.3828125,0.4439357307217906,0.08302891596061812
22.3984375,0.4358243229515512,0.059776859953664996
22.4140625,0.43016833629947715,0.06405611149409651
22.4296875,0.4227178610993707,0.05662174558703725
22.4453125,0.41518946633285253,0.05873797718126639
22.4609375,0.4084798298803208,0.04515307107138966
22.4765625,0.4012150400804729,0.04333934325554978
22.4921875,0.3963463536987613,0.031335708421309505
22.5078125,0.38811692679429644,0.038743955774496186
22.5234375,0.38252759876934783,0.02093991440247933
22.5390625,0.3759602412199042,0.011291374593458414
22.5546875,0.37027756635197295,0.030536404099500203
22.5703125,0.3622864990043738,0.0364899265696117
22.5859375,0.3544766092215871,0.02344975305957675
22.6015625,0.3497390845682303,0.0298295596953686
22.6171875,0.34697796507728157,0.01756055034075743
22.6328125,0.3400068939223559,0.011957970243184235
22.6484375,0.33262258397692207,0.020615225709423868
22.6640625,0.3281635649842633,0.029204846367331783
22.6796875,0.3219491463348108,0.007099990733181016
22.6953125,0.3147503251957289,0.014334229716251201
22.7109375,0.31005982493093476,-0.0003723113545284207
22.7265625,0.3045132980459179,0.006193605159502624
22.7421875,0.29815397601843535,0.001414098940148989
22.7578125,0.29586365136915277,0.003590720569370376
22.7734375,0.28922298239916344,0.006477037171212174
22.7890625,0.2866149572076667,-0.0023242417904469903
22.8046875,0.27878593990125694,-0.011783460589327888
22.8203125,0.27653574751487725,-0.0014873255365017712
22.8359375,0.27254929401385475,0.00035618334677423036
22.8515625,0.269149001499047,0.00945985789780579
22.8671875,0.26687048161967825,-0.013217439843032253
22.8828125,0.2642272081167,-0.006551170762687519
22.8984375,0.26094428361883626,6.301809047215556e-05
22.9140625,0.25753493351136636,-0.019626497733078452
22.9296875,0.24639205868009928,-0.009995788781672843
22.9453125,0.21243798033487987,-0.029962500301206063
22.9609375,0.2123588515935677,-0.022075360692372925
22.9765625,0.21817195703226383,-0.018988527830671842
22.9921875,0.25866047025536043,-0.007175133741938566
23.0078125,0.30548527679932685,-0.027163881628965214
23.0234375,0.4005988748476584,-0.033514671635312965
23.0390625,0.47421797193420656,-0.02377546132529673
23.0546875,0.6141719520554638,-0.021038696341950214
23.0703125,0.7171373881883808,-0.022706220679307165
23.0859375,0.8716976907786521,-0.022528828330251827
23.1015625,1.0274860762135207,-0.0176065636001006
23.1171875,1.2575435140929903,-0.020383381428267455
23.1328125,1.4541053452936643,-0.020224136260857506
23.1484375,1.5124986161949565,-0.020066135196319834
23.1640625,1.5114010748685347,-0.02246038770683967
23.1796875,1.616693203730976,-0.012815108779900442
23.1953125,1.6322049582390243,-0.014160820610875646
23.2109375,1.67339073741926,-0.01077247017900973
23.2265625,1.6761182915305761,-0.019438987364502225
23.2421875,1.6929984699428038,-0.019287120275716774
23.2578125,1.5103920244547573,-0.006744693604403551
23.2734375,1.4039106150786043,-0.01361078864185572
23.2890625,1.3027758917895569,-0.012058624487274017
23.3046875,1.2519845977472777,-0.011222577074594398
23.3203125,1.2067160835527573,-0.0005674740096850428
23.3359375,1.3098807581052032,-0.009313717727746251
23.3515625,1.4914281411776997,-0.004494696049178515
23.3671875,1.6449385625050927,0.013397553105900073
23.3828125,1.4916632126071734,-0.0005598307699905547
23.3984375,1.4284197276796278,-0.0031140460737262288
23.4140625,1.4348287461700504,0.005305179395325155
23.4296875,1.4633826527236788,0.010365771064780205
23.4453125,1.3528661301489306,0.021949834693398174
23.4609375,1.356855646313636,0.014117724244748331
23.4765625,1.34297134284249,0.024945775910037327
23.4921875,1.2922290450510503,0.030223845123661164
23.5078125,1.385957267130697,0.03801169861329612
23.5234375,1.3680710368240712,0.031522644090738794
23.5390625,1.3592258328977922,0.04221471981973579
23.5546875,1.2334882289283742,0.03859962851041843
23.5703125,1.1508389967110928,0.05033403483217569
23.5859375,1.1081645378051272,0.051757549757802224
23.6015625,1.0944077428082113,0.035668589255546834
23.6171875,1.010101022539158,0.05289128261951248
23.6328125,0.9883930423380783,0.06050204675370807
23.6484375,0.9921690513290411,0.05821262494069401
23.6640625,0.9881414114665075,0.06760613545064942
23.6796875,0.9097110556136498,0.06779709255665622
23.6953125,0.8664190648378951,0.07201368602987657
23.7109375,0.8161324210034484,0.08749146387720685
23.7265625,0.7599229048012154,0.07586959042971131
23.7421875,0.7280463964393076,0.09314913317644269
23.7578125,0.6496160287013586,0.09167956616462902
23.7734375,0.6090533242041697,0.09424860836469762
23.7890625,0.5940410562285936,0.10409485737313773
23.8046875,0.5596025958819335,0.09816443833666
23.8203125,0.47902452274723856,0.10579242564625346
23.8359375,0.44229234926204186,0.10496592232089341
23.8515625,0.45628832739055414,0.10268490660466867
23.8671875,0.3928018845798332,0.10844568860339265
23.8828125,0.3460674941274754,0.1075984566611794
23.8984375,0.3100856602258437,0.11150410197733507
23.9140625,0.3199537212231406,0.11536409485968235
23.9296875,0.33860454261096773,0.12029912087105998
23.9453125,0.33124191421680443,0.1292000108416751
23.9609375,0.3269640033388188,0.12491291673613247
23.9765625,0.36397137552094344,0.110811018910983
23.9921875,0.3656861080648422,0.13000525102490101
24.0078125,0.4077198565010821,0.12351662691334298
24.0234375,0.45612548618860776,0.1316581104990142
24.0390625,0.46477236554015205,0.12991040147152333
24.0546875,0.45275074216001204,0.126336887478395
24.0703125,0.4955257915310111,0.1322838080809845
24.0859375,0.5358986863014281,0.13343044031765672
24.1015625,0.5706079592318449,0.13823189279503367
24.1171875,0.6152623149028558,0.13313239770285534
24.1328125,0.6511300559824131,0.1262635626332198
24.1484375,0.69296256332025,0.14860722098026002
24.1640625,0.7227803720986641,0.1547435045169152
24.1796875,0.7563877858111423,0.13967428560573936
24.1953125,0.7933549329871858,0.1385830802494432
24.2109375,0.8287809583994409,0.1334884112951613
24.2265625,0.8597289391448792,0.15323217611017625
24.2421875,0.8912258924346407,0.14510112219830518
24.2578125,0.9205281927753962,0.14324081985202852
24.2734375,0.9401084977819347,0.13374199354260696
24.2890625,0.9537369385118818,0.14107689162238302
24.3046875,0.9655323971062741,0.13925559836736667
24.3203125,0.970483115840292,0.12795601744826257
24.3359375,0.9745624207852143,0.14992310357751393
24.3515625,0.9745235084806009,0.12468746728171354
24.3671875,0.970759918977569,0.13975373121301615
24.3828125,0.9639732518340535,0.1226215204184733
24.3984375,0.95797906050742,0.12203445949463898
24.4140625,0.9512281306391432,0.1152371874874838
24.4296875,0.942160637903392,0.1209074745816956
24.4453125,0.9310454346826758,0.11667759612579687
24.4609375,0.9204581538813779,0.12123144070409708
24.4765625,0.9076002273007405,0.10060286636876725
24.4921875,0.8956053900406852,0.10236792566700714
24.5078125,0.881509270471494,0.11323322246278522
24.5234375,0.8672700194181404,0.11162188808319229
24.5390625,0.8544331902814077,0.09360426798967936
24.5546875,0.8363345375828846,0.08048880839173833
24.5703125,0.8197448133802001,0.08970071642859523
24.5859375,0.8042202470747881,0.09519958749852009
24.6015625,0.7881749075098352,0.08642429365163906
24.6171875,0.7758619246820004,0.08283473475119152
24.6328125,0.7591564019150523,0.06541293399752135
24.6484375,0.7472834723959285,0.0641751956215657
24.6640625,0.7351901702670146,0.062212857457687676
