Time (seconds),right-pad,center-pad,down-pad,left-pad,top-pad
0.0164778,0.0,0.0,0.0,0.0,0.0
0.0661867,0.0,0.0,0.0,0.0,0.0
0.1160634,0.0,0.0,0.0,0.0,0.0
0.165993,0.0,0.0,0.0,0.0,0.0
0.2162223,0.0,0.0,0.0,0.0,0.0
0.2660372,0.0,0.0,0.0,0.0,0.0
0.3159912,0.0,0.0,0.0,0.0,0.0
0.3652537,0.0,0.0,0.0,0.0,0.0
0.4154689,0.0,0.0,0.0,0.0,0.0
0.465169,0.0,0.0,0.0,0.0,0.0
0.5146565,0.0,0.0,0.0,0.0,0.0
0.5642464,0.0,0.0,0.0,0.0,0.0
0.6142578,0.0,0.0,0.0,0.0,0.0
0.6643834,0.0,0.0,0.0,0.0,0.0
0.7134302,0.0,0.0,0.0,0.0,0.0
0.7636046,0.0,0.0,0.0,0.0,0.0
0.813334,0.0,0.0,0.0,0.0,0.0
0.8630989,0.0,0.0,0.0,0.0,0.0
0.9132111,0.0,0.0,0.0,0.0,0.0
0.9626844,0.0,0.0,0.0,0.0,0.0
1.0124032,0.0,0.0,0.0,0.0,0.0
1.0622466,0.0,0.0,0.0,0.0,0.0
1.111685,0.0,0.0,0.0,0.0,0.0
1.1620216,0.0,0.0,0.0,0.0,0.0
1.2110217,0.0,0.0,0.0,0.0,0.0
1.2606792,0.0,0.0,0.0,0.0,0.0
1.311305,0.0,0.0,0.0,0.0,0.0
1.3609385,0.0,0.0,0.0,0.0,0.0
1.4100044,0.0,0.0,0.0,0.0,0.0
1.4601829,0.0,0.0,0.0,0.0,0.0
1.5099924,0.0,0.0,0.0,0.0,0.0
1.5600224,0.0,0.0,0.0,0.0,0.0
1.6094341,0.0,0.0,0.1022222,0.0,0.0
1.6588275,0.0,0.0,0.6466666,0.0,0.0
1.7088566,0.0,0.0,1.1266667,0.0,0.0
1.7591853,0.0,0.0,1.1866666,0.0,0.0
1.8089602,0.3666667,0.0755556,1.1933334,0.0,0.0
1.8586295,1.0733334,0.4555556,1.1933334,0.0,0.0
1.9083619,1.3088889,1.0088888,1.1933334,0.0711111,0.0
1.9586887,1.3755555,1.3044444,1.1955556,0.2622222,0.0
2.0082636,1.3844445,1.3422222,1.1955556,0.6177778,0.0
2.0586259,1.3844445,1.3466667,0.7955555,1.0666667,1.0088888
2.1086049,1.3222222,1.3466667,0.1377778,1.1177778,1.3511111
2.1575527,0.4577778,0.8733333,0.0,0.6488889,1.3933333
2.2079639,0.0755556,0.1288889,0.0,0.1044444,0.6888889
2.2573953,0.0,0.0,0.0,0.0,0.0955556
2.3072879,0.0,0.0,0.0,0.0,0.0
2.3569398,0.0,0.0,0.0,0.0,0.0
2.4068494,0.0,0.0,0.0,0.0,0.0
2.456804,0.0,0.0,0.0,0.0,0.0
2.5070188,0.0,0.0,0.0,0.0,0.0
2.5564835,0.0,0.0,0.0,0.0,0.0
2.606559,0.0,0.0,0.0,0.0,0.0
2.6561055,0.0,0.0,0.0,0.0,0.0
2.7057955,0.0,0.0,0.0,0.0,0.0
2.7557874,0.0,0.0,0.0,0.0,0.0
2.8051956,0.0,0.0,0.0,0.0,0.0
2.8552914,0.0,0.0,0.0,0.0,0.0
2.9044471,0.0,0.0,0.0,0.0,0.0
2.9548142,0.0,0.0,0.0,0.0,0.0
3.0045474,0.0,0.0,0.0,0.0,0.0
3.0541101,0.0,0.0,0.0,0.0,0.0
3.1041036,0.0,0.0,0.0,0.0,0.0
3.1535809,0.0,0.0,0.0,0.0,0.0
3.2039487,0.0,0.0,0.0,0.0,0.0
3.2533197,0.0,0.0,0.0,0.0,0.0
3.3026271,0.0,0.0,0.0666667,0.0,0.0
3.3528047,0.0,0.0,0.84,0.0,0.0
3.403013,0.0,0.0,1.1444445,0.0,0.0
3.4529004,0.1,0.1066667,1.1888889,0.0,0.0
3.5028572,0.5577778,0.6,1.1933334,0.0,0.0
3.5527155,1.0377778,1.1977777,1.1933334,0.2111111,0.0
3.6019003,1.3333334,1.3288889,1.1933334,0.46,0.0
3.6515877,1.3777778,1.3444444,1.1955556,0.5688889,0.0
3.7018106,1.38,1.3466667,0.6088889,0.7555556,0.94
3.7518835,0.7688889,1.3444444,0.0844444,0.8777778,1.3422222
3.8020484,0.1377778,0.3111111,0.0,0.2333333,1.3911111
3.8518291,0.0,0.0,0.0,0.0,0.2622222
3.9016523,0.0,0.0,0.0,0.0,0.0
3.9509842,0.0,0.0,0.0,0.0,0.0
4.0013204,0.0,0.0,0.0,0.0,0.0
4.0508659,0.0,0.0,0.0,0.0,0.0
4.1009369,0.0,0.0,0.0,0.0,0.0
4.1508224,0.0,0.0,0.0,0.0,0.0
4.1998522,0.0,0.0,0.0,0.0,0.0
4.2502649,0.0,0.0,0.0,0.0,0.0
4.2993553,0.0,0.0,0.0,0.0,0.0
4.3496206,0.0,0.0,0.0,0.0,0.0
4.3991313,0.0,0.0,0.0,0.0,0.0
4.4490066,0.0,0.0,0.0,0.0,0.0
4.4986403,0.0,0.0,0.0,0.0,0.0
4.5487964,0.0,0.0,0.0,0.0,0.0
4.5982449,0.0,0.0,0.0,0.0,0.0
4.6484351,0.0,0.0,0.0,0.0,0.0
4.6980946,0.0,0.0,0.0,0.0,0.0
4.7473269,0.0,0.0,0.0,0.0,0.0
4.7973707,0.0,0.0,0.0,0.0,0.0
4.8471155,0.0,0.0,0.0,0.0,0.0
4.8971918,0.0,0.0,0.0711111,0.0,0.0
4.9468217,0.0,0.0,0.1,0.0,0.0
4.9966481,0.0,0.0,0.48,0.0,0.0
5.0469058,0.0,0.0,1.0644444,0.0,0.0
5.0958581,0.0,0.0,1.1755556,0.0,0.0
5.1456652,0.2155555,0.52,1.1911111,0.0777778,0.0
5.1957419,0.4,1.0622222,1.1911111,0.2177778,0.0
5.2460492,0.6177778,1.2911111,1.1911111,0.4222222,0.0
5.2952051,0.8755556,1.3377777,1.1933334,0.5355555,0.0
5.3459189,0.9711111,1.3444444,1.1933334,0.7266667,0.0
5.3958533,0.7911111,1.3444444,0.7044445,1.1288888,0.66
5.4450691,0.4444444,1.3444444,0.1088889,1.1933334,1.3044444
5.4949167,0.1044444,0.4733333,0.0,0.5422222,1.3844445
5.5453796,0.0,0.0711111,0.0,0.0844444,0.58
5.5947893,0.0,0.0,0.0,0.0,0.08
5.6443353,0.0,0.0,0.0,0.0,0.0
5.6949353,0.0,0.0,0.0,0.0,0.0
5.7440073,0.0,0.0,0.0,0.0,0.0
5.7944674,0.0,0.0,0.0,0.0,0.0
5.8439565,0.0,0.0,0.0,0.0,0.0
5.8937297,0.0,0.0,0.0,0.0,0.0
5.9433537,0.0,0.0,0.0,0.0,0.0
5.9934239,0.0,0.0,0.0,0.0,0.0
6.0427768,0.0,0.0,0.0,0.0,0.0
6.0930781,0.0,0.0,0.0,0.0,0.0
6.1424325,0.0,0.0,0.0,0.0,0.0
6.1922672,0.0,0.0,0.0,0.0,0.0
6.2419033,0.0,0.0,0.0,0.0,0.0
6.2924023,0.0,0.0,0.0,0.0,0.0
6.3419554,0.0,0.0,0.0,0.0,0.0
6.391861,0.0,0.0,0.0,0.0,0.0
6.4411237,0.0,0.0,0.0,0.0,0.0
6.4907391,0.0,0.0,0.0,0.0,0.0
6.5406706,0.0,0.0,0.0,0.0,0.0
6.5909061,0.0,0.0,0.0,0.0,0.0
6.640358,0.0,0.0,0.2577778,0.0,0.0
6.6902592,0.0,0.0,0.5888889,0.0,0.0
6.739445,0.0,0.0,0.9288889,0.0,0.0
6.7896841,0.0,0.0,1.0888889,0.0,0.0
6.8392141,0.0,0.0,1.1711111,0.0,0.0
6.8889775,0.0,0.0,1.1888889,0.0,0.0
6.9390223,0.0,0.0,1.1911111,0.0,0.0
6.9889517,0.0733333,0.0,1.1911111,0.0,0.0
7.0390022,0.1044444,0.0,1.1933334,0.0,0.0
7.0886607,0.46,0.6355556,1.1933334,0.0977778,0.0
7.1384196,0.7733333,1.1933334,1.1933334,0.4488889,0.0
7.1882234,1.0577778,1.3244444,1.1933334,0.7377778,0.0
7.2379398,1.2977778,1.34,1.1933334,0.9666666,0.1755556
7.2886622,1.3222222,1.3422222,0.5155556,1.0422223,1.0577778
7.3379078,1.2844445,1.3422222,0.0955556,0.8088889,1.3533334
7.3874826,1.1911111,1.3444444,0.0,0.5044444,1.3911111
7.437952,0.2888889,0.4,0.0,0.1177778,1.3955555
7.4881237,0.0,0.0,0.0,0.0,0.3844444
7.5377734,0.0,0.0,0.0,0.0,0.0
7.5870299,0.0,0.0,0.0,0.0,0.0
7.6372449,0.0,0.0,0.0,0.0,0.0
7.6864202,0.0,0.0,0.0,0.0,0.0
7.7370703,0.0,0.0,0.0,0.0,0.0
7.786319,0.0,0.0,0.0,0.0,0.0
7.8364222,0.0,0.0,0.0,0.0,0.0
7.8855639,0.0,0.0,0.0,0.0,0.0
7.9356987,0.0,0.0,0.0,0.0,0.0
7.9859967,0.0,0.0,0.0,0.0,0.0
8.0348849,0.0,0.0,0.0,0.0,0.0
8.0848227,0.0,0.0,0.0,0.0,0.0
8.1349652,0.0,0.0,0.0,0.0,0.0
8.1846962,0.0,0.0,0.0,0.0,0.0
8.2335699,0.0,0.0,0.0,0.0,0.0
8.284306,0.0,0.0,0.0,0.0,0.0
8.3339972,0.0,0.0,0.0,0.0,0.0
8.3834972,0.0,0.0,0.0,0.0,0.0
8.4336987,0.0,0.0,0.0,0.0,0.0
8.4826493,0.0,0.0,0.0,0.0,0.0
8.5329504,0.0,0.0,0.0,0.0,0.0
8.5825875,0.0,0.0,0.0,0.0,0.0
8.6320596,0.0,0.0,0.0,0.0,0.0
8.6822536,0.0,0.0,0.4555556,0.0,0.0
8.73247,0.0,0.0,1.0022222,0.0,0.0
8.7819021,0.0,0.0,1.1666666,0.0,0.0
8.831552,0.4977778,0.1088889,1.1866666,0.0,0.0
8.8815968,0.88,0.3866667,1.1888889,0.0,0.0
8.9310634,1.1711111,1.0111111,1.1888889,0.0,0.0
8.981071,1.2911111,1.3022223,1.1911111,0.1355556,0.0
9.0306976,1.3377777,1.3377777,1.1911111,0.2444444,0.0
9.0805209,1.3733333,1.3422222,1.1911111,0.4,0.1066667
9.1306093,1.3777778,1.3422222,0.5244445,0.4511111,0.94
9.1812787,1.2711111,1.3422222,0.0777778,0.4488889,1.34
9.2302215,0.26,0.3133333,0.0,0.0911111,1.3466667
9.2808628,0.0,0.0,0.0,0.0,0.1866667
9.3305459,0.0,0.0,0.0,0.0,0.0
9.3800886,0.0,0.0,0.0,0.0,0.0
9.4303439,0.0,0.0,0.0,0.0,0.0
9.480037,0.0,0.0,0.0,0.0,0.0
9.5299938,0.0,0.0,0.0,0.0,0.0
9.5794306,0.0,0.0,0.0,0.0,0.0
9.6289964,0.0,0.0,0.0,0.0,0.0
9.6791451,0.0,0.0,0.0,0.0,0.0
9.7287426,0.0,0.0,0.0,0.0,0.0
9.7780857,0.0,0.0,0.0,0.0,0.0
9.8279388,0.0,0.0,0.0,0.0,0.0
9.878165,0.0,0.0,0.0,0.0,0.0
9.9280634,0.0,0.0,0.0,0.0,0.0
9.9773853,0.0,0.0,0.0,0.0,0.0
10.0276892,0.0,0.0,0.0,0.0,0.0
10.0771589,0.0,0.0,0.0,0.0,0.0
10.1273458,0.0,0.0,0.0,0.0,0.0
10.1767652,0.0,0.0,0.0,0.0,0.0
10.2262576,0.0,0.0,0.0,0.0,0.0
10.2759995,0.0,0.0,0.0,0.0,0.0
10.326431,0.0,0.0,0.0,0.0,0.0
10.3755152,0.0,0.0,0.0,0.0,0.0
10.4255011,0.0,0.0,0.0,0.0,0.0
10.475445,0.0,0.0,0.0,0.0,0.0
10.5248647,0.0,0.0,0.0,0.0,0.0
10.5752254,0.0,0.0,0.4688889,0.0,0.0
10.6246476,0.0,0.0,1.1,0.0,0.0
10.6748195,0.7177778,0.8288889,1.1777778,0.1311111,0.0
10.7242062,1.2444445,1.28,1.1888889,0.5,0.0
10.7740643,1.3622222,1.3355556,0.9488889,0.6844444,0.6244444
10.8239768,1.3733333,1.3422222,0.2,0.7177778,1.3
10.8746216,1.36,1.3422222,0.0822222,0.78,1.3844445
10.924073,1.1733333,1.3422222,0.0,0.7777778,1.3955555
10.9738364,0.2977778,0.6711111,0.0,0.3444445,1.3955555
11.0237494,0.0,0.1466667,0.0,0.1022222,1.3955555
11.0735793,0.0,0.0,0.0,0.0,0.4533333
11.123018,0.0,0.0,0.0,0.0,0.0688889
11.173506,0.0,0.0,0.0,0.0,0.0
11.2234459,0.0,0.0,0.0,0.0,0.0
11.272953,0.0,0.0,0.0,0.0,0.0
11.3220689,0.0,0.0,0.0,0.0,0.0
11.3729281,0.0,0.0,0.0,0.0,0.0
11.4222589,0.0,0.0,0.0,0.0,0.0
11.4720571,0.0,0.0,0.0,0.0,0.0
11.5217705,0.0,0.0,0.0,0.0,0.0
11.5717978,0.0,0.0,0.0,0.0,0.0
11.6214068,0.0,0.0,0.0,0.0,0.0
11.6712539,0.0,0.0,0.0,0.0,0.0
11.7205906,0.0,0.0,0.0,0.0,0.0
11.7709038,0.0,0.0,0.0,0.0,0.0
11.8200154,0.0,0.0,0.0,0.0,0.0
11.8697639,0.0,0.0,0.0,0.0,0.0
11.9195089,0.0,0.0,0.0,0.0,0.0
11.9700303,0.0,0.0,0.0,0.0,0.0
12.0202231,0.0,0.0,0.0,0.0,0.0
12.0692332,0.0,0.0,0.0,0.0,0.0
12.1186593,0.0,0.0,0.0,0.0,0.0
12.1690631,0.0,0.0,0.0,0.0,0.0
12.218215,0.0,0.0,0.0,0.0,0.0
12.2677095,0.0,0.0,0.0,0.0,0.0
12.3184185,0.0,0.0,0.0,0.0,0.0
12.3679185,0.0,0.0,0.0,0.0,0.0
12.4177601,0.0,0.0,0.0,0.0,0.0
12.4671714,0.0,0.0,0.0,0.0,0.0
12.5172691,0.0,0.0,0.3422222,0.0,0.0
12.567142,0.0,0.0,0.7644445,0.0,0.0
12.6172328,0.0,0.0,1.0688889,0.0,0.0
12.6669142,0.0666667,0.1288889,1.1755556,0.0,0.0
12.7160792,0.4911111,0.7066666,1.1888889,0.1155556,0.0
12.7660122,1.0266666,1.2466667,1.1888889,0.4088889,0.0
12.8166008,1.3244444,1.3311111,1.1888889,0.6022222,0.0
12.8658676,1.3711112,1.3422222,1.1911111,0.66,0.2577778
12.9156897,1.3777778,1.3422222,0.4688889,0.6911111,1.0888889
12.9660189,1.3488889,1.3422222,0.0911111,0.6666667,1.3555555
13.0154619,1.0222223,1.3444444,0.0,0.6422222,1.3888888
13.0656779,0.2555556,0.5955555,0.0,0.2466667,1.3933333
13.1159966,0.0,0.1111111,0.0,0.0666667,1.3933333
13.1653318,0.0,0.0,0.0,0.0,0.8866667
13.215095,0.0,0.0,0.0,0.0,0.1755556
13.2651479,0.0,0.0,0.0,0.0,0.0
13.3144162,0.0,0.0,0.0,0.0,0.0
13.3647494,0.0,0.0,0.0,0.0,0.0
13.4144683,0.0,0.0,0.0,0.0,0.0
13.4647212,0.0,0.0,0.0,0.0,0.0
13.5142004,0.0,0.0,0.0,0.0,0.0
13.5639119,0.0,0.0,0.0,0.0,0.0
13.6131923,0.0,0.0,0.0,0.0,0.0
13.6630661,0.0,0.0,0.0,0.0,0.0
13.7132795,0.0,0.0,0.0,0.0,0.0
13.7624843,0.0,0.0,0.0,0.0,0.0
13.8126254,0.0,0.0,0.0,0.0,0.0
13.8623037,0.0,0.0,0.0,0.0,0.0
13.9121394,0.0,0.0,0.0,0.0,0.0
13.9617989,0.0,0.0,0.0,0.0,0.0
14.0115309,0.0,0.0,0.0,0.0,0.0
14.0611606,0.0,0.0,0.0,0.0,0.0
14.1115999,0.0,0.0,0.0,0.0,0.0
14.160815,0.0,0.0,0.0,0.0,0.0
14.2104478,0.0,0.0,0.0,0.0,0.0
14.2604353,0.0,0.0,0.0,0.0,0.0
14.3105106,0.0,0.0,0.0,0.0,0.0
14.360069,0.0,0.0,0.0,0.0,0.0
14.4101648,0.0,0.0,0.0,0.0,0.0
14.4592161,0.0,0.0,0.0,0.0,0.0
14.5092237,0.0,0.0,0.0,0.0,0.0
14.5588951,0.0,0.0,0.0,0.0,0.0
14.6088181,0.0,0.0,0.0,0.0,0.0
14.6587441,0.0,0.0,0.0,0.0,0.0
14.7085052,0.0,0.0,0.0,0.0,0.0
14.7579081,0.0,0.0,0.3088889,0.0,0.0
14.8077114,0.0,0.0,1.0555556,0.0,0.0
14.8574617,0.0,0.2911111,1.1733333,0.48,0.0
14.9073641,0.0,0.9222222,1.1888889,1.0622222,0.0
14.9574785,0.1111111,1.2755556,1.1888889,1.2155555,0.0
15.007303,0.2555556,1.3333334,1.1888889,1.2333333,0.0
15.0574009,0.2777778,1.34,1.1911111,1.2355555,0.1733333
15.1071424,0.2111111,1.34,0.5511111,1.2355555,0.94
15.1566327,0.0866667,1.1955556,0.0688889,1.2377778,1.3377777
15.2071726,0.0,0.1844444,0.0,0.3688889,1.2466667
15.257,0.0,0.0,0.0,0.0,0.1777778
15.3064418,0.0,0.0,0.0,0.0,0.0
15.3563685,0.0,0.0,0.0,0.0,0.0
15.4058063,0.0,0.0,0.0,0.0,0.0
15.4561529,0.0,0.0,0.0,0.0,0.0
15.505506,0.0,0.0,0.0,0.0,0.0
15.5558529,0.0,0.0,0.0,0.0,0.0
15.6054597,0.0,0.0,0.0,0.0,0.0
15.6553085,0.0,0.0,0.0,0.0,0.0
15.7050405,0.0,0.0,0.0,0.0,0.0
15.7542055,0.0,0.0,0.0,0.0,0.0
15.8042042,0.0,0.0,0.0,0.0,0.0
15.8539503,0.0,0.0,0.0,0.0,0.0
15.9042444,0.0,0.0,0.0,0.0,0.0
15.9534209,0.0,0.0,0.0,0.0,0.0
16.0032754,0.0,0.0,0.0,0.0,0.0
16.053329,0.0,0.0,0.0,0.0,0.0
16.1032155,0.0,0.0,0.0,0.0,0.0
16.152566,0.0,0.0,0.0,0.0,0.0
16.2029152,0.0,0.0,0.0,0.0,0.0
16.2525427,0.0,0.0,0.0,0.0,0.0
16.3020835,0.0,0.0,0.0,0.0,0.0
16.3522592,0.0,0.0,0.0,0.0,0.0
16.4014673,0.0,0.0,0.0,0.0,0.0
16.4518261,0.0,0.0,0.0,0.0,0.0
16.5007417,0.0,0.0,0.66,0.0,0.0
16.5507402,0.0,0.0,1.1177778,0.0,0.0
16.6010988,0.0,0.0,1.1799999,0.0,0.0
16.6508076,0.3066667,0.0888889,1.1866666,0.0,0.0
16.700691,0.72,0.28,1.1866666,0.0,0.0
16.7500546,0.8088889,0.3533333,1.1866666,0.0,0.0
16.8002815,0.8511111,0.4066667,1.1888889,0.0,0.0
16.8501854,1.26,1.1644444,1.1888889,0.1333333,0.0
16.8996079,1.3622222,1.3200001,1.1888889,0.2711111,0.0
16.9497607,1.3755555,1.3377777,0.9866667,0.7333333,0.4777778
16.9996059,1.3155556,1.34,0.1666667,0.7288889,1.2777778
17.0494256,1.1066667,1.28,0.0,0.3866667,1.38
17.0993676,0.2444444,0.2711111,0.0,0.0711111,1.3933333
17.148972,0.0,0.0,0.0,0.0,0.2888889
17.1987464,0.0,0.0,0.0,0.0,0.0
17.2484865,0.0,0.0,0.0,0.0,0.0
17.2982101,0.0,0.0,0.0,0.0,0.0
17.3485491,0.0,0.0,0.0,0.0,0.0
17.3986905,0.0,0.0,0.0,0.0,0.0
17.4473491,0.0,0.0,0.0,0.0,0.0
17.4979372,0.0,0.0,0.0,0.0,0.0
17.547519,0.0,0.0,0.0,0.0,0.0
17.5975156,0.0,0.0,0.0,0.0,0.0
17.6469915,0.0,0.0,0.0,0.0,0.0
17.6971412,0.0,0.0,0.0,0.0,0.0
17.7463593,0.0,0.0,0.0,0.0,0.0
17.7960088,0.0,0.0,0.0,0.0,0.0
17.845969,0.0,0.0,0.0,0.0,0.0
17.8962364,0.0,0.0,0.0,0.0,0.0
17.9452009,0.0,0.0,0.0,0.0,0.0
17.9956729,0.0,0.0,0.0,0.0,0.0
18.0456245,0.0,0.0,0.0,0.0,0.0
18.0945735,0.0,0.0,0.0,0.0,0.0
18.145103,0.0,0.0,0.0,0.0,0.0
18.1949635,0.0,0.0,0.0,0.0,0.0
18.2443941,0.0,0.0,0.0,0.0,0.0
18.2937312,0.0,0.0,0.0,0.0,0.0
18.3435094,0.0,0.0,0.0,0.0,0.0
18.3936379,0.0,0.0,0.0,0.0,0.0
18.4433506,0.0,0.0,0.0,0.0,0.0
18.492914,0.0,0.0,0.0,0.0,0.0
18.5427871,0.0,0.0,0.7422222,0.0,0.0
18.5923176,0.3844444,0.0777778,1.1333333,0.0,0.0
18.6431074,0.8688889,0.36,1.1822222,0.0,0.0
18.6925466,1.2177777,1.0466666,1.1888889,0.0955556,0.0
18.7424634,1.3577778,1.3044444,1.1888889,0.46,0.0688889
18.7926741,1.34,1.3355556,0.6244444,1.0022222,0.9688889
18.8423238,0.64,1.3200001,0.0822222,1.1111112,1.3422222
18.891413,0.0977778,0.2488889,0.0,0.2822222,1.3888888
18.9421031,0.0,0.0,0.0,0.0,0.3577778
18.9910796,0.0,0.0,0.0,0.0,0.0
19.0412261,0.0,0.0,0.0,0.0,0.0
19.0911252,0.0,0.0,0.0,0.0,0.0
19.1410339,0.0,0.0,0.0,0.0,0.0
19.1906474,0.0,0.0,0.0,0.0,0.0
19.2404544,0.0,0.0,0.0,0.0,0.0
19.2902453,0.0,0.0,0.0,0.0,0.0
19.3398919,0.0,0.0,0.0,0.0,0.0
19.38943,0.0,0.0,0.0,0.0,0.0
19.4398899,0.0,0.0,0.0,0.0,0.0
19.4890981,0.0,0.0,0.0,0.0,0.0
19.5392482,0.0,0.0,0.0,0.0,0.0
19.5892944,0.0,0.0,0.0,0.0,0.0
19.6381857,0.0,0.0,0.0,0.0,0.0
19.6887705,0.0,0.0,0.0,0.0,0.0
19.7380183,0.0,0.0,0.0,0.0,0.0
19.7886543,0.0,0.0,0.0,0.0,0.0
19.8376055,0.0,0.0,0.0,0.0,0.0
19.8876123,0.0,0.0,0.0,0.0,0.0
19.9370635,0.0,0.0,0.0,0.0,0.0
19.9875021,0.0,0.0,0.0,0.0,0.0
20.0369322,0.0,0.0,0.0,0.0,0.0
20.0862474,0.0,0.0,0.0,0.0,0.0
20.1363649,0.0,0.0,0.0,0.0,0.0
20.1861994,0.0,0.0,0.0,0.0,0.0
20.2361977,0.0,0.0,0.0,0.0,0.0
20.2861953,0.0,0.0,0.0,0.0,0.0
20.3362043,0.0,0.0,0.0,0.0,0.0
20.3849533,0.0,0.0,0.0,0.0,0.0
20.4350832,0.0,0.0,0.0,0.0,0.0
20.4848433,0.0,0.0,0.0,0.0,0.0
20.5349529,0.0,0.0,0.0,0.0,0.0
20.5841761,0.0,0.0,0.0,0.0,0.0
20.6343005,0.0,0.0,0.2822222,0.0,0.0
20.6835036,0.0,0.0,0.6133333,0.0,0.0
20.7342064,0.0,0.0,1.1155555,0.0,0.0
20.7837448,0.0,0.0,1.1777778,0.0955556,0.0
20.8333058,0.0,0.0,1.1866666,0.1533333,0.0
20.8832631,0.0,0.2911111,1.1866666,0.4177778,0.0
20.9333906,0.2355556,1.0955555,1.1866666,0.8533334,0.0
20.9833484,0.6333333,1.3111111,1.1888889,1.1288888,0.0
21.0326436,0.9666666,1.3377777,1.1888889,1.2222222,0.1177778
21.0831654,1.1799999,1.34,1.0111111,1.2355555,0.5977778
21.1325309,1.3333334,1.34,0.4733333,1.2311112,1.2266667
21.1824412,1.3711112,1.3422222,0.1511111,0.9911111,1.3733333
21.2323363,1.3755555,1.3422222,0.0,0.6377778,1.3911111
21.2813771,1.3466667,1.2977778,0.0,0.2222222,1.3933333
21.3325243,0.5155556,0.3622222,0.0,0.0,1.3933333
21.3823884,0.08,0.0,0.0,0.0,0.8488889
21.4316759,0.0,0.0,0.0,0.0,0.1244444
21.4813657,0.0,0.0,0.0,0.0,0.0
21.5315964,0.0,0.0,0.0,0.0,0.0
21.5813303,0.0,0.0,0.0,0.0,0.0
21.6310632,0.0,0.0,0.0,0.0,0.0
21.6802454,0.0,0.0,0.0,0.0,0.0
21.7304096,0.0,0.0,0.0,0.0,0.0
21.7804265,0.0,0.0,0.0,0.0,0.0
21.8306046,0.0,0.0,0.0,0.0,0.0
21.8804672,0.0,0.0,0.0,0.0,0.0
21.9299817,0.0,0.0,0.0,0.0,0.0
21.9793289,0.0,0.0,0.0,0.0,0.0
22.0290244,0.0,0.0,0.0,0.0,0.0
22.0786347,0.0,0.0,0.0,0.0,0.0
22.1284177,0.0,0.0,0.0,0.0,0.0
22.1780758,0.0,0.0,0.0,0.0,0.0
22.2286878,0.0,0.0,0.0,0.0,0.0
22.2779551,0.0,0.0,0.0,0.0,0.0
22.3281593,0.0,0.0,0.0,0.0,0.0
22.3777966,0.0,0.0,0.0,0.0,0.0
22.4271593,0.0,0.0,0.0,0.0,0.0
22.4769435,0.0,0.0,0.0,0.0,0.0
22.5271771,0.0,0.0,0.0,0.0,0.0
22.577106,0.0,0.0,0.0,0.0,0.0
22.6260796,0.0,0.0,0.0,0.0,0.0
22.6761427,0.0,0.0,0.0,0.0,0.0
22.7260466,0.0,0.0,0.0,0.0,0.0
22.7756352,0.0,0.0,0.0,0.0,0.0
22.8255036,0.0,0.0,0.0,0.0,0.0
22.8751457,0.0,0.0,0.1822222,0.0,0.0
22.9249566,0.0,0.0,0.8111111,0.0,0.0
22.9744232,0.0,0.0,1.14,0.0,0.0
23.0246313,0.1711111,0.0,1.1822222,0.0,0.0
23.0745113,0.7088889,0.2977778,1.1866666,0.0,0.0
23.1244805,1.0733334,0.7222222,1.1866666,0.0,0.0
23.1739302,1.22,1.1488889,1.1866666,0.0666667,0.0
23.2244899,1.3533334,1.3177778,1.1888889,0.2044444,0.0
23.2740335,1.3733333,1.3377777,1.0888889,0.3133333,0.2733333
23.3237047,1.3755555,1.34,0.2822222,0.4244444,1.1533333
23.3736248,0.62,0.6333333,0.0,0.1377778,1.3644445
23.4232531,0.0822222,0.0844444,0.0,0.0,0.1866667
23.473412,0.0,0.0,0.0,0.0,0.0
23.523459,0.0,0.0,0.0,0.0,0.0
23.5726576,0.0,0.0,0.0,0.0,0.0
23.6227815,0.0,0.0,0.0,0.0,0.0
23.6721964,0.0,0.0,0.0,0.0,0.0
23.722465,0.0,0.0,0.0,0.0,0.0
23.7716253,0.0,0.0,0.0,0.0,0.0
23.8220363,0.0,0.0,0.0,0.0,0.0
23.8715155,0.0,0.0,0.0,0.0,0.0
23.9209991,0.0,0.0,0.0,0.0,0.0
23.9710977,0.0,0.0,0.0,0.0,0.0
24.0209928,0.0,0.0,0.0,0.0,0.0
24.0705898,0.0,0.0,0.0,0.0,0.0
24.119945,0.0,0.0,0.0,0.0,0.0
24.1707222,0.0,0.0,0.0,0.0,0.0
24.2197344,0.0,0.0,0.0,0.0,0.0
24.2695034,0.0,0.0,0.0,0.0,0.0
24.3192897,0.0,0.0,0.0,0.0,0.0
24.3696215,0.0,0.0,0.0,0.0,0.0
24.4192781,0.0,0.0,0.0,0.0,0.0
24.4691858,0.0,0.0,0.0,0.0,0.0
24.5185652,0.0,0.0,0.0,0.0,0.0
24.5687327,0.0,0.0,0.0,0.0,0.0
24.6181617,0.0,0.0,0.0,0.0,0.0
24.6677172,0.0,0.0,0.0,0.0,0.0
24.717561,0.0,0.0,0.0,0.0,0.0
24.7673125,0.0,0.0,0.1822222,0.0,0.0
24.8171945,0.0,0.0,0.9488889,0.0,0.0
24.8676534,0.1911111,0.0,1.1577778,0.0,0.0
24.916744,1.0844444,0.3533333,1.1844444,0.0,0.0
24.967411,1.2733333,0.5555556,1.1866666,0.0,0.0
25.0165606,1.3644445,1.22,1.1866666,0.0,0.0
25.0660956,1.3755555,1.3266667,1.1066667,0.0911111,0.3533333
25.1161761,1.3755555,1.34,0.48,0.0911111,0.9933333
25.1668835,1.3288889,1.1822222,0.0,0.0,1.3444444
25.2161016,0.2644444,0.1888889,0.0,0.0,1.26
25.2659106,0.0,0.0,0.0,0.0,0.1711111
25.3156648,0.0,0.0,0.0,0.0,0.0
25.3654313,0.0,0.0,0.0,0.0,0.0
25.4156833,0.0,0.0,0.0,0.0,0.0
25.4644625,0.0,0.0,0.0,0.0,0.0
25.514915,0.0,0.0,0.0,0.0,0.0
25.5642245,0.0,0.0,0.0,0.0,0.0
25.6142936,0.0,0.0,0.0,0.0,0.0
25.6641033,0.0,0.0,0.0,0.0,0.0
25.7138171,0.0,0.0,0.0,0.0,0.0
25.7635734,0.0,0.0,0.0,0.0,0.0
25.8134363,0.0,0.0,0.0,0.0,0.0
25.8636143,0.0,0.0,0.0,0.0,0.0
25.9133413,0.0,0.0,0.0,0.0,0.0
25.963064,0.0,0.0,0.0,0.0,0.0
26.0126474,0.0,0.0,0.0,0.0,0.0
26.0620048,0.0,0.0,0.0,0.0,0.0
26.1119027,0.0,0.0,0.0,0.0,0.0
26.1621692,0.0,0.0,0.0,0.0,0.0
26.2120769,0.0,0.0,0.0,0.0,0.0
26.2612901,0.0,0.0,0.0,0.0,0.0
26.3115032,0.0,0.0,0.0,0.0,0.0
26.3599813,0.0,0.0,0.0,0.0,0.0
26.4103251,0.0,0.0,0.0,0.0,0.0
26.4606771,0.0,0.0,0.0,0.0,0.0
26.5099955,0.0,0.0,0.0,0.0,0.0
26.559983,0.0,0.0,0.0,0.0,0.0
26.609993,0.0,0.0,0.0,0.0,0.0
26.6591463,0.0,0.0,0.0911111,0.0,0.0
26.7092988,0.0,0.0,0.9488889,0.0,0.0
26.7592781,0.0,0.0,1.1577778,0.0,0.0
26.8093297,0.7577778,0.8266667,1.1844444,0.1733333,0.0
26.8586755,1.2644445,1.2777778,1.1866666,0.4888889,0.0
26.9087102,1.3622222,1.3333334,1.1866666,0.6911111,0.0
26.958492,1.3755555,1.34,0.8844444,0.8377778,0.8577778
27.0083675,1.3755555,1.34,0.2288889,0.7822222,1.3244444
27.058481,1.1155555,1.3311111,0.0,0.6622222,1.3844445
27.108001,0.1822222,0.2933333,0.0,0.1488889,1.3911111
27.1580153,0.0,0.0,0.0,0.0,0.4377778
27.2072244,0.0,0.0,0.0,0.0,0.0
27.2574673,0.0,0.0,0.0,0.0,0.0
27.3069007,0.0,0.0,0.0,0.0,0.0
27.3572545,0.0,0.0,0.0,0.0,0.0
27.4065075,0.0,0.0,0.0,0.0,0.0
27.456918,0.0,0.0,0.0,0.0,0.0
27.5065677,0.0,0.0,0.0,0.0,0.0
27.5558674,0.0,0.0,0.0,0.0,0.0
27.6057487,0.0,0.0,0.0,0.0,0.0
27.6560402,0.0,0.0,0.0,0.0,0.0
27.7050903,0.0,0.0,0.0,0.0,0.0
27.7554243,0.0,0.0,0.0,0.0,0.0
27.8049011,0.0,0.0,0.0,0.0,0.0
27.8547077,0.0,0.0,0.0,0.0,0.0
27.9044614,0.0,0.0,0.0,0.0,0.0
27.9544208,0.0,0.0,0.0,0.0,0.0
28.0039887,0.0,0.0,0.0,0.0,0.0
28.0541263,0.0,0.0,0.0,0.0,0.0
28.1034789,0.0,0.0,0.0,0.0,0.0
28.1535382,0.0,0.0,0.0,0.0,0.0
28.2027843,0.0,0.0,0.0,0.0,0.0
28.2525895,0.0,0.0,0.0,0.0,0.0
28.3026676,0.0,0.0,0.0,0.0,0.0
28.3520823,0.0,0.0,0.0,0.0,0.0
28.4016755,0.0,0.0,0.0,0.0,0.0
28.4514372,0.0,0.0,0.0,0.0,0.0
28.5022669,0.0,0.0,0.0,0.0,0.0
28.5512424,0.0,0.0,0.0,0.0,0.0
28.6014907,0.0,0.0,0.0,0.0,0.0
28.6512311,0.0,0.0,0.0,0.0,0.0
28.700381,0.0,0.0,0.0711111,0.0,0.0
28.7506471,0.0,0.0,0.8333333,0.0,0.0
28.800499,0.0,0.0,1.1444445,0.0,0.0
28.8499491,0.1044444,0.0,1.1822222,0.0,0.0
28.899579,0.1666667,0.1244444,1.1866666,0.0,0.0
28.9499602,0.4022222,0.4844444,1.1866666,0.0777778,0.0
29.0000274,0.7888889,1.2022222,1.1866666,0.4577778,0.0
29.0494976,0.8488889,1.3177778,1.1888889,0.6222222,0.0
29.0995851,1.0088888,1.3377777,1.1888889,0.9355556,0.0
29.1491492,1.2111111,1.34,1.1888889,1.1288888,0.0644444
29.199157,1.2688888,1.34,0.7333333,1.2177777,0.8311111
29.248909,0.9488889,1.3422222,0.1244444,1.2222222,1.3222222
29.2987933,0.4044445,1.0955555,0.0,1.0044445,1.3844445
29.3482072,0.0,0.1822222,0.0,0.2133333,1.3911111
29.3984938,0.0,0.0,0.0,0.0,0.3044444
29.4483287,0.0,0.0,0.0,0.0,0.0
29.4980154,0.0,0.0,0.0,0.0,0.0
29.5482235,0.0,0.0,0.0,0.0,0.0
29.5972919,0.0,0.0,0.0,0.0,0.0
29.6478767,0.0,0.0,0.0,0.0,0.0
29.69696,0.0,0.0,0.0,0.0,0.0
29.7470005,0.0,0.0,0.0,0.0,0.0
29.7967815,0.0,0.0,0.0,0.0,0.0
29.8462014,0.0,0.0,0.0,0.0,0.0
29.8967237,0.0,0.0,0.0,0.0,0.0
29.9460461,0.0,0.0,0.0,0.0,0.0
29.9961908,0.0,0.0,0.0,0.0,0.0
30.0459077,0.0,0.0,0.0,0.0,0.0
30.095547,0.0,0.0,0.0,0.0,0.0
30.144943,0.0,0.0,0.0,0.0,0.0
30.1942182,0.0,0.0,0.0,0.0,0.0
30.2447233,0.0,0.0,0.0,0.0,0.0
30.2937341,0.0,0.0,0.0,0.0,0.0
30.3445635,0.0,0.0,0.0,0.0,0.0
30.3937399,0.0,0.0,0.0,0.0,0.0
30.4436615,0.0,0.0,0.0,0.0,0.0
30.4936535,0.0,0.0,0.0,0.0,0.0
30.543004,0.0,0.0,0.0,0.0,0.0
30.5925941,0.0,0.0,0.0,0.0,0.0
30.6427088,0.0,0.0,0.0,0.0,0.0
30.692194,0.0,0.0,0.1244444,0.0,0.0
30.7426701,0.0,0.0,0.7533333,0.0,0.0
30.7915442,0.0,0.0,1.1333333,0.0,0.0
30.8416984,0.12,0.36,1.1799999,0.1044444,0.0
30.8920455,0.4,0.9466667,1.1866666,0.4755556,0.0
30.9415305,0.8777778,1.28,1.1866666,0.6533333,0.0
30.9914525,1.2844445,1.3333334,1.1866666,0.7266667,0.0
31.0411673,1.3644445,1.34,1.1888889,0.6977777,0.0733333
31.0911872,1.3755555,1.34,1.1888889,0.7088889,0.1733333
31.1411002,1.3688889,1.34,0.3088889,0.9466667,1.1866666
31.1909895,1.2488889,1.3422222,0.0,0.8866667,1.3666667
31.2411382,0.7088889,1.1088889,0.0,0.5333334,1.3888888
31.2908814,0.1266667,0.22,0.0,0.1044444,1.3911111
31.34097,0.0,0.0,0.0,0.0,0.2911111
31.3907719,0.0,0.0,0.0,0.0,0.0
31.4406722,0.0,0.0,0.0,0.0,0.0
31.4892519,0.0,0.0,0.0,0.0,0.0
31.5399053,0.0,0.0,0.0,0.0,0.0
31.5896873,0.0,0.0,0.0,0.0,0.0
31.6397569,0.0,0.0,0.0,0.0,0.0
31.6887062,0.0,0.0,0.0,0.0,0.0
31.7382607,0.0,0.0,0.0,0.0,0.0
31.7888925,0.0,0.0,0.0,0.0,0.0
31.8376565,0.0,0.0,0.0,0.0,0.0
31.8877993,0.0,0.0,0.0,0.0,0.0
31.9375417,0.0,0.0,0.0,0.0,0.0
31.9870999,0.0,0.0,0.0,0.0,0.0
32.0372243,0.0,0.0,0.0,0.0,0.0
32.0864789,0.0,0.0,0.0,0.0,0.0
32.1370995,0.0,0.0,0.0,0.0,0.0
32.1868155,0.0,0.0,0.0,0.0,0.0
32.236212,0.0,0.0,0.0,0.0,0.0
32.2867553,0.0,0.0,0.0,0.0,0.0
32.3358603,0.0,0.0,0.0,0.0,0.0
32.3856745,0.0,0.0,0.0,0.0,0.0
32.4355614,0.0,0.0,0.0,0.0,0.0
32.4856586,0.0,0.0,0.0,0.0,0.0
32.534925,0.0,0.0,0.0,0.0,0.0
32.5842884,0.0,0.0,0.0,0.0,0.0
32.6340213,0.0,0.0,0.0,0.0,0.0
32.6843328,0.0,0.0,0.0755556,0.0,0.0
32.7343276,0.0,0.0,0.28,0.0,0.0
32.7838392,0.0,0.0,1.02,0.0,0.0
32.83392,0.0,0.0,1.1666666,0.0,0.0
32.8835616,0.0,0.0,1.1844444,0.0,0.0
32.9327071,0.0,0.0,1.1866666,0.0,0.0
32.9826846,0.0,0.0,1.1866666,0.0,0.0
33.0326838,0.3488889,0.6466666,1.1888889,0.2466667,0.0
33.0829539,0.8333333,1.1977777,1.1888889,0.6355556,0.0
33.1329899,1.02,1.3222222,1.1888889,0.8755556,0.0
33.1824739,1.0866667,1.3377777,1.1888889,1.0022222,0.0
33.2326005,1.3,1.3377777,1.1888889,1.2022222,0.3244444
33.2822919,1.3022223,1.3377777,0.4755556,1.2288889,1.1955556
33.3323431,1.1977777,1.34,0.0844444,1.1288888,1.3666667
33.3821886,0.4333333,0.7511111,0.0,0.4555556,1.3888888
33.4319971,0.0644444,0.1111111,0.0,0.0755556,1.2755556
33.4814827,0.0,0.0,0.0,0.0,0.1711111
33.5309417,0.0,0.0,0.0,0.0,0.0
33.581403,0.0,0.0,0.0,0.0,0.0
33.6308022,0.0,0.0,0.0,0.0,0.0
33.6807721,0.0,0.0,0.0,0.0,0.0
33.7299759,0.0,0.0,0.0,0.0,0.0
33.7803881,0.0,0.0,0.0,0.0,0.0
33.8303328,0.0,0.0,0.0,0.0,0.0
33.8795865,0.0,0.0,0.0,0.0,0.0
33.9298339,0.0,0.0,0.0,0.0,0.0
33.9790781,0.0,0.0,0.0,0.0,0.0
34.0285115,0.0,0.0,0.0,0.0,0.0
34.0791378,0.0,0.0,0.0,0.0,0.0
34.1287291,0.0,0.0,0.0,0.0,0.0
34.1778858,0.0,0.0,0.0,0.0,0.0
34.2284062,0.0,0.0,0.0,0.0,0.0
34.2773168,0.0,0.0,0.0,0.0,0.0
34.3271933,0.0,0.0,0.0,0.0,0.0
34.3774312,0.0,0.0,0.0,0.0,0.0
34.4270055,0.0,0.0,0.0,0.0,0.0
34.4769411,0.0,0.0,0.0,0.0,0.0
34.5265906,0.0,0.0,0.0,0.0,0.0
34.5763834,0.0,0.0,0.0,0.0,0.0
34.6256952,0.0,0.0,0.0,0.0,0.0
34.6764057,0.0,0.0,0.6311111,0.0,0.0
34.7252831,0.0,0.0,1.1155555,0.0,0.0
34.7753913,0.0,0.0,1.1777778,0.0,0.0
34.8254132,0.08,0.28,1.1844444,0.0822222,0.0
34.8750694,0.1355556,0.4711111,1.1844444,0.1222222,0.0
34.9249468,0.2244444,0.6555555,1.1844444,0.2,0.0
34.9744489,0.7733333,1.2488889,1.1866666,0.7666667,0.0
35.024404,1.1177778,1.3266667,1.1866666,1.0111111,0.0
35.0744634,1.3155556,1.3377777,1.1866666,1.2,0.3022222
35.1246524,1.3666667,1.3377777,0.9088889,1.2288889,0.8377778
35.1745815,1.3511111,1.3377777,0.2111111,1.12,1.3222222
35.2247081,1.3355556,1.34,0.0,1.02,1.3844445
35.2743249,1.2488889,1.34,0.0,0.96,1.3911111
35.3236687,0.4622222,0.9422222,0.0,0.5888889,1.3911111
35.3743403,0.0777778,0.1577778,0.0,0.1088889,1.3911111
35.4238963,0.0,0.0,0.0,0.0,0.26
35.4731696,0.0,0.0,0.0,0.0,0.0
35.5228462,0.0,0.0,0.0,0.0,0.0
35.5734704,0.0,0.0,0.0,0.0,0.0
35.6222823,0.0,0.0,0.0,0.0,0.0
35.6725368,0.0,0.0,0.0,0.0,0.0
35.7226205,0.0,0.0,0.0,0.0,0.0
35.7715209,0.0,0.0,0.0,0.0,0.0
35.8215244,0.0,0.0,0.0,0.0,0.0
35.87203,0.0,0.0,0.0,0.0,0.0
35.9217403,0.0,0.0,0.0,0.0,0.0
35.9707742,0.0,0.0,0.0,0.0,0.0
36.02087,0.0,0.0,0.0,0.0,0.0
36.0705769,0.0,0.0,0.0,0.0,0.0
36.1203249,0.0,0.0,0.0,0.0,0.0
36.1698556,0.0,0.0,0.0,0.0,0.0
36.2200971,0.0,0.0,0.0,0.0,0.0
36.2699263,0.0,0.0,0.0,0.0,0.0
36.3196149,0.0,0.0,0.0,0.0,0.0
36.3693998,0.0,0.0,0.0,0.0,0.0
36.4193518,0.0,0.0,0.0,0.0,0.0
36.4686615,0.0,0.0,0.0,0.0,0.0
36.5187347,0.0,0.0,0.0,0.0,0.0
36.5686901,0.0,0.0,0.0,0.0,0.0
36.6185207,0.0,0.0,0.0,0.0,0.0
36.6678114,0.0,0.0,0.0,0.0,0.0
36.7174165,0.0,0.0,0.0,0.0,0.0
36.767524,0.0,0.0,0.0,0.0,0.0
36.8167412,0.0,0.0,0.0,0.0,0.0
36.8663504,0.0,0.0,0.0844444,0.0,0.0
36.9164627,0.0,0.0,0.2822222,0.0,0.0
36.9664874,0.0,0.0,0.5444444,0.0,0.0
37.0158906,0.0,0.0,1.1044445,0.0,0.0
37.0658405,0.0,0.0,1.1755556,0.0,0.0
37.1159852,0.3422222,0.2422222,1.1844444,0.0,0.0
37.1654263,1.0244445,0.9911111,1.1844444,0.12,0.0
37.21594,1.1822222,1.2177777,1.1844444,0.1755556,0.0
37.2656679,1.3222222,1.3155556,1.1866666,0.4355555,0.0
37.3148217,1.3688889,1.3355556,1.1866666,0.6488889,0.2977778
37.3654985,1.3733333,1.3377777,0.3666667,0.6533333,1.1866666
37.4151087,1.2711111,1.3333334,0.0,0.3644444,1.3666667
37.4649174,0.6688889,0.7644445,0.0,0.1066667,1.3888888
37.515105,0.1822222,0.1955556,0.0,0.0,1.3911111
37.5648639,0.0,0.0,0.0,0.0,0.6866667
37.6143751,0.0,0.0,0.0,0.0,0.0977778
37.6642039,0.0,0.0,0.0,0.0,0.0
37.7137711,0.0,0.0,0.0,0.0,0.0
37.7641492,0.0,0.0,0.0,0.0,0.0
37.8132138,0.0,0.0,0.0,0.0,0.0
37.8632209,0.0,0.0,0.0,0.0,0.0
37.9129777,0.0,0.0,0.0,0.0,0.0
37.9631293,0.0,0.0,0.0,0.0,0.0
38.0126448,0.0,0.0,0.0,0.0,0.0
38.0630312,0.0,0.0,0.0,0.0,0.0
38.1123214,0.0,0.0,0.0,0.0,0.0
38.1617179,0.0,0.0,0.0,0.0,0.0
38.2121215,0.0,0.0,0.0,0.0,0.0
38.2616587,0.0,0.0,0.0,0.0,0.0
38.3115177,0.0,0.0,0.0,0.0,0.0
38.361913,0.0,0.0,0.0,0.0,0.0
38.4108858,0.0,0.0,0.0,0.0,0.0
38.4607861,0.0,0.0,0.0,0.0,0.0
38.5099764,0.0,0.0,0.0,0.0,0.0
38.5605001,0.0,0.0,0.0,0.0,0.0
38.609597,0.0,0.0,0.0,0.0,0.0
38.6599219,0.0,0.0,0.0,0.0,0.0
38.7095988,0.0,0.0,0.0,0.0,0.0
38.7595956,0.0,0.0,0.0,0.0,0.0
38.8090029,0.0,0.0,0.0,0.0,0.0
38.8588798,0.0,0.0,0.0,0.0,0.0
38.9082327,0.0,0.0,0.0,0.0,0.0
38.9583983,0.0,0.0,0.0,0.0,0.0
39.0082581,0.0,0.0,0.0,0.0,0.0
39.0572956,0.0,0.0,0.0,0.0,0.0
39.107321,0.0,0.0,0.0,0.0,0.0
39.1572325,0.0,0.0,0.0,0.0,0.0
39.2067213,0.0,0.0,0.0,0.0,0.0
39.2566981,0.0,0.0,0.0,0.0,0.0
39.3068552,0.0,0.0,0.0,0.0,0.0
39.3567667,0.0,0.0,0.6155556,0.0,0.0
39.4065433,0.0,0.0,1.1155555,0.0,0.0
39.4559755,0.5622222,0.1666667,1.1777778,0.0,0.0
39.5054436,1.0466666,0.4111111,1.1866666,0.0,0.0
39.555578,1.2177777,0.6222222,1.1866666,0.0,0.0
39.605103,1.3577778,1.2066667,1.1866666,0.0,0.0
39.6552625,1.3733333,1.3222222,1.1888889,0.0,0.0
39.7051153,1.3755555,1.3377777,1.1888889,0.0,0.0
39.7552314,1.3755555,1.3377777,1.1177778,0.0,0.1911111
39.8045378,1.3777778,1.3377777,0.8266667,0.0,0.4933333
39.854533,1.3777778,1.34,0.4888889,0.0,0.8511111
39.9041402,1.34,1.2177777,0.0,0.0,1.3244444
39.9545832,0.4333333,0.3288889,0.0,0.0,1.3844445
40.0045652,0.0,0.0,0.0,0.0,0.3755555
40.0543864,0.0,0.0,0.0,0.0,0.0
40.1041403,0.0,0.0,0.0,0.0,0.0
40.1533909,0.0,0.0,0.0,0.0,0.0
40.2031541,0.0,0.0,0.0,0.0,0.0
40.2530258,0.0,0.0,0.0,0.0,0.0
40.3023162,0.0,0.0,0.0,0.0,0.0
40.3530419,0.0,0.0,0.0,0.0,0.0
40.4017646,0.0,0.0,0.0,0.0,0.0
40.451761,0.0,0.0,0.0,0.0,0.0
40.5022128,0.0,0.0,0.0,0.0,0.0
40.5519381,0.0,0.0,0.0,0.0,0.0
40.6011107,0.0,0.0,0.0,0.0,0.0
40.6511123,0.0,0.0,0.0,0.0,0.0
40.7009685,0.0,0.0,0.0,0.0,0.0
40.7503591,0.0,0.0,0.0,0.0,0.0
40.8003616,0.0,0.0,0.0,0.0,0.0
40.8504374,0.0,0.0,0.0,0.0,0.0
40.8997557,0.0,0.0,0.0,0.0,0.0
40.9496605,0.0,0.0,0.0,0.0,0.0
40.9993124,0.0,0.0,0.0,0.0,0.0
41.0495582,0.0,0.0,0.0,0.0,0.0
41.098851,0.0,0.0,0.0,0.0,0.0
41.1491344,0.0,0.0,0.0,0.0,0.0
41.1984153,0.0,0.0,0.0,0.0,0.0
41.2486231,0.0,0.0,0.0,0.0,0.0
41.2978222,0.0,0.0,0.0,0.0,0.0
41.3479903,0.0,0.0,0.0,0.0,0.0
41.3977485,0.0,0.0,0.0,0.0,0.0
41.4475837,0.0,0.0,0.0,0.0,0.0
41.4968793,0.0,0.0,0.0,0.0,0.0
41.546695,0.0,0.0,0.1222222,0.0,0.0
41.5962884,0.0,0.0,0.5511111,0.0,0.0
41.6460614,0.0,0.0,1.0866667,0.0,0.0
41.6967003,0.0,0.0,1.1755556,0.0,0.0
41.7460198,0.0644444,0.34,1.1866666,0.1644444,0.0
41.7963564,0.26,0.8688889,1.1866666,0.5911111,0.0
41.8453414,0.6444445,1.2644445,1.1866666,1.02,0.0
41.8955052,1.12,1.3288889,1.1888889,1.2066667,0.1644444
41.9454672,1.3377777,1.3377777,0.58,1.2288889,1.1133333
41.9954443,1.1044445,1.2977778,0.0733333,0.8844444,1.3577778
42.0454752,0.1555556,0.1866667,0.0,0.1222222,0.76
42.0951521,0.0,0.0,0.0,0.0,0.1022222
42.1443298,0.0,0.0,0.0,0.0,0.0
42.1950099,0.0,0.0,0.0,0.0,0.0
42.2448709,0.0,0.0,0.0,0.0,0.0
42.2941391,0.0,0.0,0.0,0.0,0.0
42.3441448,0.0,0.0,0.0,0.0,0.0
42.3937268,0.0,0.0,0.0,0.0,0.0
42.4433231,0.0,0.0,0.0,0.0,0.0
42.493794,0.0,0.0,0.0,0.0,0.0
42.5435114,0.0,0.0,0.0,0.0,0.0
42.5927482,0.0,0.0,0.0,0.0,0.0
42.6430182,0.0,0.0,0.0,0.0,0.0
42.6922643,0.0,0.0,0.0,0.0,0.0
42.741693,0.0,0.0,0.0,0.0,0.0
42.7919104,0.0,0.0,0.0,0.0,0.0
42.8416698,0.0,0.0,0.0,0.0,0.0
42.8914738,0.0,0.0,0.0,0.0,0.0
42.940516,0.0,0.0,0.0,0.0,0.0
42.9906611,0.0,0.0,0.0,0.0,0.0
43.0406039,0.0,0.0,0.0,0.0,0.0
43.0903425,0.0,0.0,0.0,0.0,0.0
43.140316,0.0,0.0,0.0,0.0,0.0
43.1900153,0.0,0.0,0.0,0.0,0.0
43.2398934,0.0,0.0,0.0,0.0,0.0
43.2889786,0.0,0.0,0.0,0.0,0.0
43.3390954,0.0,0.0,0.0,0.0,0.0
43.3888192,0.0,0.0,0.0,0.0,0.0
43.4389181,0.0,0.0,0.0,0.0,0.0
43.4888163,0.0,0.0,0.0,0.0,0.0
43.5382249,0.0,0.0,0.0,0.0,0.0
43.58777,0.0,0.0,0.0,0.0,0.0
43.6381769,0.0,0.0,0.0,0.0,0.0
43.6878865,0.0,0.0,0.8844444,0.0,0.0
43.7373714,0.0,0.0,1.1488889,0.0,0.0
43.7869494,0.0,0.2066667,1.1799999,0.1777778,0.0
43.8372126,0.0,0.44,1.1844444,0.3666667,0.0
43.886246,0.1844444,1.0088888,1.1844444,0.8266667,0.0
43.9364202,0.4155556,1.2911111,1.1844444,1.1577778,0.0
43.9860752,0.6066667,1.3333334,1.1866666,1.2222222,0.0
44.0359588,0.7933334,1.3377777,1.1866666,1.2311112,0.1844444
44.0861459,0.9711111,1.3377777,0.84,1.2311112,0.98
44.1359797,0.7866667,1.3377777,0.1911111,1.2311112,1.3377777
44.1858807,0.2155555,0.9777778,0.0,1.2333333,1.3844445
44.2361445,0.0,0.1311111,0.0,0.2622222,0.7488889
44.2854419,0.0,0.0,0.0,0.0,0.0977778
44.3356233,0.0,0.0,0.0,0.0,0.0
44.3856161,0.0,0.0,0.0,0.0,0.0
44.4356024,0.0,0.0,0.0,0.0,0.0
44.4849885,0.0,0.0,0.0,0.0,0.0
44.5345273,0.0,0.0,0.0,0.0,0.0
44.5841038,0.0,0.0,0.0,0.0,0.0
44.6344571,0.0,0.0,0.0,0.0,0.0
44.6842482,0.0,0.0,0.0,0.0,0.0
44.7334645,0.0,0.0,0.0,0.0,0.0
44.7830236,0.0,0.0,0.0,0.0,0.0
44.8326533,0.0,0.0,0.0,0.0,0.0
44.8833981,0.0,0.0,0.0,0.0,0.0
44.9329567,0.0,0.0,0.0,0.0,0.0
44.9823878,0.0,0.0,0.0,0.0,0.0
45.0322499,0.0,0.0,0.0,0.0,0.0
45.0825403,0.0,0.0,0.0,0.0,0.0
45.1320388,0.0,0.0,0.0,0.0,0.0
45.1811845,0.0,0.0,0.0,0.0,0.0
45.2310903,0.0,0.0,0.0,0.0,0.0
45.2814586,0.0,0.0,0.0,0.0,0.0
45.3308957,0.0,0.0,0.0,0.0,0.0
45.3804836,0.0,0.0,0.0,0.0,0.0
45.4299679,0.0,0.0,0.0,0.0,0.0
45.4798059,0.0,0.0,0.0,0.0,0.0
45.5298259,0.0,0.0,0.0,0.0,0.0
45.5796847,0.0,0.0,0.0,0.0,0.0
45.6296105,0.0,0.0,0.0,0.0,0.0
45.6790609,0.0,0.0,0.0,0.0,0.0
45.7287905,0.0,0.0,0.0,0.0,0.0
45.7783401,0.0,0.0,0.0,0.0,0.0
45.8288674,0.0,0.0,0.0,0.0,0.0
45.8778005,0.0,0.0,0.4955555,0.0,0.0
45.9276474,0.0,0.0,1.1,0.0,0.0
45.977535,0.0,0.22,1.1755556,0.1422222,0.0
46.0276394,0.3066667,0.74,1.1844444,0.4688889,0.0
46.0771821,0.6355556,1.1111112,1.1844444,0.76,0.0
46.1271667,1.2155555,1.3111111,1.1844444,1.0133333,0.0
46.1768169,1.3555555,1.3355556,1.0777777,1.1155555,0.7177778
46.2275426,1.3711112,1.3377777,0.2511111,0.9111111,1.3066666
46.2774348,1.3733333,1.3377777,0.0,0.5955555,1.38
46.3269253,1.12,1.0355556,0.0,0.1911111,1.3888888
46.3769734,0.1955556,0.1555556,0.0,0.0,1.1044445
46.4262698,0.0,0.0,0.0,0.0,0.1466667
46.4759345,0.0,0.0,0.0,0.0,0.0
46.526401,0.0,0.0,0.0,0.0,0.0
46.5763972,0.0,0.0,0.0,0.0,0.0
46.626107,0.0,0.0,0.0,0.0,0.0
46.6751685,0.0,0.0,0.0,0.0,0.0
46.7248495,0.0,0.0,0.0,0.0,0.0
46.775275,0.0,0.0,0.0,0.0,0.0
46.8251417,0.0,0.0,0.0,0.0,0.0
46.8743334,0.0,0.0,0.0,0.0,0.0
46.9246161,0.0,0.0,0.0,0.0,0.0
46.9739971,0.0,0.0,0.0,0.0,0.0
47.0243719,0.0,0.0,0.0,0.0,0.0
47.07358,0.0,0.0,0.0,0.0,0.0
47.1232307,0.0,0.0,0.0,0.0,0.0
47.1731977,0.0,0.0,0.0,0.0,0.0
47.223165,0.0,0.0,0.0,0.0,0.0
47.2726316,0.0,0.0,0.0,0.0,0.0
47.3224144,0.0,0.0,0.0,0.0,0.0
47.3721988,0.0,0.0,0.0,0.0,0.0
47.4220421,0.0,0.0,0.0,0.0,0.0
47.472069,0.0,0.0,0.0,0.0,0.0
47.5216053,0.0,0.0,0.0,0.0,0.0
47.5717261,0.0,0.0,0.0,0.0,0.0
47.6213887,0.0,0.0,0.0,0.0,0.0
47.6709762,0.0,0.0,0.0,0.0,0.0
47.7209158,0.0,0.0,0.0,0.0,0.0
47.7699268,0.0,0.0,0.0,0.0,0.0
47.8199461,0.0,0.0,0.0,0.0,0.0
47.8702075,0.0,0.0,0.1244444,0.0,0.0
47.9192889,0.0,0.0,0.8955556,0.0,0.0
47.9690402,0.0,0.0,1.1488889,0.0,0.0
48.0191998,0.0,0.0,1.1799999,0.0,0.0
48.0688691,0.2866667,0.22,1.1844444,0.0,0.0
48.1193397,0.4711111,0.3733333,1.1844444,0.0,0.0
48.1684809,1.1088889,1.1577778,1.1844444,0.3711111,0.0
48.218658,1.3022223,1.3155556,1.1866666,0.6177778,0.0
48.2688849,1.3355556,1.3355556,1.1866666,0.7311111,0.0
48.3182931,1.3688889,1.3377777,1.1866666,1.1111112,0.4488889
48.3684778,1.3711112,1.3377777,0.3577778,1.2155555,1.2533333
48.4178739,0.5733333,0.8888889,0.0,0.8933333,1.3755555
48.467989,0.0755556,0.1155556,0.0,0.12,0.3844444
48.5181334,0.0,0.0,0.0,0.0,0.0
48.5678227,0.0,0.0,0.0,0.0,0.0
48.6172047,0.0,0.0,0.0,0.0,0.0
48.6673415,0.0,0.0,0.0,0.0,0.0
48.7173095,0.0,0.0,0.0,0.0,0.0
48.766381,0.0,0.0,0.0,0.0,0.0
48.8167055,0.0,0.0,0.0,0.0,0.0
48.8660445,0.0,0.0,0.0,0.0,0.0
48.9161956,0.0,0.0,0.0,0.0,0.0
48.9655116,0.0,0.0,0.0,0.0,0.0
49.0151308,0.0,0.0,0.0,0.0,0.0
49.065352,0.0,0.0,0.0,0.0,0.0
49.1152792,0.0,0.0,0.0,0.0,0.0
49.1646976,0.0,0.0,0.0,0.0,0.0
49.2146428,0.0,0.0,0.0,0.0,0.0
49.2641973,0.0,0.0,0.0,0.0,0.0
49.3139782,0.0,0.0,0.0,0.0,0.0
49.3640957,0.0,0.0,0.0,0.0,0.0
49.4130599,0.0,0.0,0.0,0.0,0.0
49.4630091,0.0,0.0,0.0,0.0,0.0
49.5133739,0.0,0.0,0.0,0.0,0.0
49.5629337,0.0,0.0,0.0,0.0,0.0
49.6119614,0.0,0.0,0.0,0.0,0.0
49.6624849,0.0,0.0,0.0,0.0,0.0
49.7119265,0.0,0.0,0.0,0.0,0.0
49.7619269,0.0,0.0,0.0,0.0,0.0
49.8111913,0.0,0.0,0.0,0.0,0.0
49.8616166,0.0,0.0,0.4022222,0.0,0.0
49.9111657,0.0,0.0,1.0844444,0.0,0.0
49.9602664,0.0,0.0,1.1733333,0.0,0.0
50.0101779,0.1177778,0.2444444,1.1844444,0.0755556,0.0
50.0605123,0.8622222,0.8711111,1.1844444,0.1555556,0.0
50.1105618,1.3088889,1.2777778,1.1844444,0.28,0.0
50.1605945,1.3666667,1.3311111,1.1866666,0.3022222,0.0688889
50.2103901,1.3733333,1.3377777,1.0444444,0.2155555,0.5711111
50.2599134,1.3733333,1.3377777,0.1666667,0.2088889,1.2866666
50.3097146,0.9066667,0.7466667,0.0,0.0666667,1.3777778
50.3595378,0.1333333,0.1022222,0.0,0.0,0.92
50.4098442,0.0,0.0,0.0,0.0,0.1222222
50.4590857,0.0,0.0,0.0,0.0,0.0
50.5085981,0.0,0.0,0.0,0.0,0.0
50.5588427,0.0,0.0,0.0,0.0,0.0
50.608954,0.0,0.0,0.0,0.0,0.0
50.6583824,0.0,0.0,0.0,0.0,0.0
50.70804,0.0,0.0,0.0,0.0,0.0
50.7573597,0.0,0.0,0.0,0.0,0.0
50.8072357,0.0,0.0,0.0,0.0,0.0
50.8571706,0.0,0.0,0.0,0.0,0.0
50.9070911,0.0,0.0,0.0,0.0,0.0
50.9564731,0.0,0.0,0.0,0.0,0.0
51.0071862,0.0,0.0,0.0,0.0,0.0
51.0562742,0.0,0.0,0.0,0.0,0.0
51.1060569,0.0,0.0,0.0,0.0,0.0
51.1554379,0.0,0.0,0.0,0.0,0.0
51.205442,0.0,0.0,0.0,0.0,0.0
51.2551584,0.0,0.0,0.0,0.0,0.0
51.305748,0.0,0.0,0.0,0.0,0.0
51.3552086,0.0,0.0,0.0,0.0,0.0
51.4047215,0.0,0.0,0.0,0.0,0.0
51.4547637,0.0,0.0,0.0,0.0,0.0
51.5039229,0.0,0.0,0.0,0.0,0.0
51.5531163,0.0,0.0,0.0,0.0,0.0
51.6032023,0.0,0.0,0.0,0.0,0.0
51.6537817,0.0,0.0,0.0,0.0,0.0
51.7032011,0.0,0.0,0.0,0.0,0.0
51.7534122,0.0,0.0,0.0,0.0,0.0
51.8023932,0.0,0.0,0.0,0.0,0.0
51.8531272,0.0,0.0,0.0,0.0,0.0
51.9018612,0.0,0.0,0.1422222,0.0,0.0
51.9518728,0.0,0.0,0.62,0.0,0.0
52.002496,0.0,0.0,1.1133333,0.0,0.0
52.0513144,0.0,0.0,1.1755556,0.0,0.0
52.1017804,0.0,0.0,1.1844444,0.0,0.0
52.1512296,0.2977778,0.6755555,1.1844444,0.3422222,0.0
52.201086,0.8555555,1.2533333,1.1844444,1.0422223,0.0
52.2513471,1.2466667,1.3288889,1.1866666,1.2088889,0.2888889
52.3004389,1.1066667,1.3377777,0.2977778,1.2288889,1.2311112
52.3503809,0.2666667,0.5377778,0.0,0.5,1.3711112
52.4006119,0.0,0.0688889,0.0,0.0666667,0.3444445
52.4516098,0.0,0.0,0.0,0.0,0.0
52.5002954,0.0,0.0,0.0,0.0,0.0
52.5504248,0.0,0.0,0.0,0.0,0.0
52.6001084,0.0,0.0,0.0,0.0,0.0
52.6492929,0.0,0.0,0.0,0.0,0.0
52.6989241,0.0,0.0,0.0,0.0,0.0
52.7490087,0.0,0.0,0.0,0.0,0.0
52.7985525,0.0,0.0,0.0,0.0,0.0
52.8488505,0.0,0.0,0.0,0.0,0.0
52.8978179,0.0,0.0,0.0,0.0,0.0
52.9474885,0.0,0.0,0.0,0.0,0.0
52.9973006,0.0,0.0,0.0,0.0,0.0
53.0477552,0.0,0.0,0.0,0.0,0.0
53.0974009,0.0,0.0,0.0,0.0,0.0
53.1475549,0.0,0.0,0.0,0.0,0.0
53.1968181,0.0,0.0,0.0,0.0,0.0
53.2469714,0.0,0.0,0.0,0.0,0.0
53.2960739,0.0,0.0,0.0,0.0,0.0
53.3456483,0.0,0.0,0.0,0.0,0.0
53.3958483,0.0,0.0,0.0,0.0,0.0
53.4452806,0.0,0.0,0.0,0.0,0.0
53.4955585,0.0,0.0,0.0,0.0,0.0
53.5452743,0.0,0.0,0.0,0.0,0.0
53.5950737,0.0,0.0,0.0,0.0,0.0
53.6446829,0.0,0.0,0.0,0.0,0.0
53.6946681,0.0,0.0,0.0,0.0,0.0
53.7438393,0.0,0.0,0.0,0.0,0.0
53.7943137,0.0,0.0,0.0,0.0,0.0
53.8433762,0.0,0.0,0.0,0.0,0.0
53.8928435,0.0,0.0,0.0,0.0,0.0
53.9427242,0.0,0.0,0.0,0.0,0.0
53.9927156,0.0,0.0,0.2822222,0.0,0.0
54.0432069,0.0,0.0,1.0066667,0.0,0.0
54.0925953,0.0,0.0,1.1644444,0.0,0.0
54.1418276,0.2,0.1644444,1.1822222,0.0,0.0
54.1920493,0.6355556,0.5177778,1.1844444,0.0,0.0
54.2414019,1.1577778,1.0599999,1.1844444,0.1177778,0.0
54.2919912,1.3466667,1.3044444,1.1866666,0.2222222,0.0
54.3419755,1.3711112,1.3355556,1.1866666,0.3555556,0.0
54.3912642,1.3733333,1.3377777,1.1866666,0.5133333,0.2777778
54.4412177,1.3733333,1.3377777,0.6755555,0.5688889,1.12
54.4907289,1.3755555,1.34,0.1111111,0.6422222,1.3555555
54.5408578,1.12,1.2777778,0.0,0.5,1.3866667
54.5912116,0.1911111,0.2644444,0.0,0.1066667,1.3888888
54.640399,0.0,0.0,0.0,0.0,0.4511111
54.6902006,0.0,0.0,0.0,0.0,0.0
54.7401483,0.0,0.0,0.0,0.0,0.0
54.7897382,0.0,0.0,0.0,0.0,0.0
54.8402817,0.0,0.0,0.0,0.0,0.0
54.8892119,0.0,0.0,0.0,0.0,0.0
54.9397662,0.0,0.0,0.0,0.0,0.0
54.9885781,0.0,0.0,0.0,0.0,0.0
55.0391881,0.0,0.0,0.0,0.0,0.0
55.0883443,0.0,0.0,0.0,0.0,0.0
55.1387589,0.0,0.0,0.0,0.0,0.0
55.1879644,0.0,0.0,0.0,0.0,0.0
55.2378008,0.0,0.0,0.0,0.0,0.0
55.2878742,0.0,0.0,0.0,0.0,0.0
55.3373241,0.0,0.0,0.0,0.0,0.0
55.3872523,0.0,0.0,0.0,0.0,0.0
55.4363358,0.0,0.0,0.0,0.0,0.0
55.4862604,0.0,0.0,0.0,0.0,0.0
55.5360653,0.0,0.0,0.0,0.0,0.0
55.5857983,0.0,0.0,0.0,0.0,0.0
55.6356945,0.0,0.0,0.0,0.0,0.0
55.6851373,0.0,0.0,0.0,0.0,0.0
55.7355337,0.0,0.0,0.0,0.0,0.0
55.7848461,0.0,0.0,0.0,0.0,0.0
55.8349881,0.0,0.0,0.0,0.0,0.0
55.8850634,0.0,0.0,0.0,0.0,0.0
55.9344831,0.0,0.0,0.0,0.0,0.0
55.9839094,0.0,0.0,0.0,0.0,0.0
56.0337198,0.0,0.0,0.0,0.0,0.0
56.084043,0.0,0.0,0.0,0.0,0.0
56.1331272,0.0,0.0,0.0,0.0,0.0
56.1834674,0.0,0.0,0.3777778,0.0,0.0
56.2332978,0.0,0.0,1.0511111,0.0,0.0
56.2832329,0.1155556,0.0,1.1688889,0.0,0.0
56.3331106,0.3355556,0.0755556,1.1844444,0.0,0.0
56.3826437,1.0444444,0.7177778,1.1844444,0.0,0.0
56.4322977,1.2933333,1.1577778,1.1844444,0.1155556,0.0
56.4815054,1.3644445,1.3155556,1.1866666,0.2088889,0.0
56.531868,1.3733333,1.3355556,1.1866666,0.2222222,0.0
56.5817997,1.3733333,1.3377777,1.1866666,0.4088889,0.0
56.6316977,1.3733333,1.3377777,1.1866666,0.6933333,0.1
56.6812963,1.3755555,1.34,1.1866666,0.7644445,0.4777778
56.7318771,1.3755555,1.34,0.2777778,0.8688889,1.2755556
56.7816372,1.3755555,1.34,0.0,0.7511111,1.3755555
56.8311281,0.58,0.7666667,0.0,0.2577778,1.3888888
56.8805532,0.08,0.1066667,0.0,0.0,1.0622222
56.9311275,0.0,0.0,0.0,0.0,0.1488889
56.9804833,0.0,0.0,0.0,0.0,0.0
57.0302114,0.0,0.0,0.0,0.0,0.0
57.0799296,0.0,0.0,0.0,0.0,0.0
57.1301038,0.0,0.0,0.0,0.0,0.0
57.1793461,0.0,0.0,0.0,0.0,0.0
57.2291644,0.0,0.0,0.0,0.0,0.0
57.2787812,0.0,0.0,0.0,0.0,0.0
57.3291302,0.0,0.0,0.0,0.0,0.0
57.3786461,0.0,0.0,0.0,0.0,0.0
57.4283309,0.0,0.0,0.0,0.0,0.0
57.4783609,0.0,0.0,0.0,0.0,0.0
57.5280244,0.0,0.0,0.0,0.0,0.0
57.5780447,0.0,0.0,0.0,0.0,0.0
57.6277673,0.0,0.0,0.0,0.0,0.0
57.6773407,0.0,0.0,0.0,0.0,0.0
57.7272172,0.0,0.0,0.0,0.0,0.0
57.7768679,0.0,0.0,0.0,0.0,0.0
57.8260303,0.0,0.0,0.0,0.0,0.0
57.8760633,0.0,0.0,0.0,0.0,0.0
57.9257956,0.0,0.0,0.0,0.0,0.0
57.9760747,0.0,0.0,0.0,0.0,0.0
58.0256701,0.0,0.0,0.0,0.0,0.0
58.0755074,0.0,0.0,0.0,0.0,0.0
58.12497,0.0,0.0,0.0,0.0,0.0
58.1747339,0.0,0.0,0.0,0.0,0.0
58.2243609,0.0,0.0,0.0,0.0,0.0
58.273963,0.0,0.0,0.0,0.0,0.0
58.3236995,0.0,0.0,0.0,0.0,0.0
58.3741362,0.0,0.0,0.0,0.0,0.0
58.4232104,0.0,0.0,0.0,0.0,0.0
58.4736204,0.0,0.0,0.0,0.0,0.0
58.5234725,0.0,0.0,0.6044444,0.0,0.0
58.5727313,0.0,0.0,1.1111112,0.0,0.0
58.6227224,0.0,0.0,1.1755556,0.0,0.0
58.6732681,0.1955556,0.4555556,1.1844444,0.1777778,0.0
58.7226217,1.0066667,1.2044444,1.1844444,0.8111111,0.0
58.7724602,1.3288889,1.3222222,1.1844444,1.1266667,0.1533333
58.822372,1.3688889,1.3377777,0.7577778,1.0311111,1.0777777
58.8723381,1.3733333,1.3377777,0.1311111,0.6133333,1.3511111
58.9219377,1.3733333,1.3377777,0.0,0.1911111,1.3844445
58.9717159,0.5288889,0.3711111,0.0,0.0,1.3888888
59.0218012,0.0733333,0.0,0.0,0.0,0.38
59.071368,0.0,0.0,0.0,0.0,0.0
59.1209939,0.0,0.0,0.0,0.0,0.0
59.170826,0.0,0.0,0.0,0.0,0.0
59.2210917,0.0,0.0,0.0,0.0,0.0
59.2704284,0.0,0.0,0.0,0.0,0.0
59.3200397,0.0,0.0,0.0,0.0,0.0
59.370127,0.0,0.0,0.0,0.0,0.0
59.4193392,0.0,0.0,0.0,0.0,0.0
59.4690037,0.0,0.0,0.0,0.0,0.0
59.5195293,0.0,0.0,0.0,0.0,0.0
59.5690057,0.0,0.0,0.0,0.0,0.0
59.6184046,0.0,0.0,0.0,0.0,0.0
59.6690023,0.0,0.0,0.0,0.0,0.0
59.7181971,0.0,0.0,0.0,0.0,0.0
59.7677364,0.0,0.0,0.0,0.0,0.0
59.8176162,0.0,0.0,0.0,0.0,0.0
59.8677056,0.0,0.0,0.0,0.0,0.0
59.9169977,0.0,0.0,0.0,0.0,0.0
59.9676576,0.0,0.0,0.0,0.0,0.0
60.0163791,0.0,0.0,0.0,0.0,0.0
60.0662429,0.0,0.0,0.0,0.0,0.0
60.1162903,0.0,0.0,0.0,0.0,0.0
60.1658621,0.0,0.0,0.0,0.0,0.0
60.2158511,0.0,0.0,0.0,0.0,0.0
60.2658429,0.0,0.0,0.0,0.0,0.0
60.3154838,0.0,0.0,0.0,0.0,0.0
60.3646019,0.0,0.0,0.0,0.0,0.0
60.4150662,0.0,0.0,0.0,0.0,0.0
60.4646614,0.0,0.0,0.0,0.0,0.0
60.5143769,0.0,0.0,0.0,0.0,0.0
60.5641708,0.0,0.0,0.3733333,0.0,0.0
60.6143358,0.0,0.0,1.0822222,0.0,0.0
60.6637921,0.1288889,0.0711111,1.1733333,0.0,0.0
60.7133269,0.9444444,0.84,1.1844444,0.0866667,0.0
60.7639842,1.3177778,1.2755556,1.1844444,0.3266667,0.0
60.8132129,1.3666667,1.3311111,1.1844444,0.4488889,0.0
60.8633511,1.3733333,1.3377777,1.1866666,0.6888889,0.1155556
60.9135413,1.3733333,1.3377777,0.9622222,1.0288889,1.0488889
60.9630644,1.3422222,1.3377777,0.1511111,0.8933333,1.3466667
61.0129311,0.5555556,1.04,0.0,0.62,1.3844445
61.0624106,0.08,0.1533333,0.0,0.1066667,1.2955556
61.1121595,0.0,0.0,0.0,0.0,0.1955556
61.1624997,0.0,0.0,0.0,0.0,0.0
61.2123113,0.0,0.0,0.0,0.0,0.0
61.2615042,0.0,0.0,0.0,0.0,0.0
61.3110886,0.0,0.0,0.0,0.0,0.0
61.3613071,0.0,0.0,0.0,0.0,0.0
61.4112668,0.0,0.0,0.0,0.0,0.0
61.461127,0.0,0.0,0.0,0.0,0.0
61.5109022,0.0,0.0,0.0,0.0,0.0
61.5598242,0.0,0.0,0.0,0.0,0.0
61.6101604,0.0,0.0,0.0,0.0,0.0
61.6600304,0.0,0.0,0.0,0.0,0.0
61.7099073,0.0,0.0,0.0,0.0,0.0
61.7587371,0.0,0.0,0.0,0.0,0.0
61.808748,0.0,0.0,0.0,0.0,0.0
61.8583317,0.0,0.0,0.0,0.0,0.0
61.9082792,0.0,0.0,0.0,0.0,0.0
61.9581976,0.0,0.0,0.0,0.0,0.0
62.0084865,0.0,0.0,0.0,0.0,0.0
62.0574386,0.0,0.0,0.0,0.0,0.0
62.107461,0.0,0.0,0.0,0.0,0.0
62.1571596,0.0,0.0,0.0,0.0,0.0
62.2067926,0.0,0.0,0.0,0.0,0.0
62.2562392,0.0,0.0,0.0,0.0,0.0
62.3064508,0.0,0.0,0.0,0.0,0.0
62.3565099,0.0,0.0,0.0,0.0,0.0
62.4059112,0.0,0.0,0.0,0.0,0.0
62.4559138,0.0,0.0,0.0,0.0,0.0
62.5054669,0.0,0.0,0.0,0.0,0.0
62.5554061,0.0,0.0,0.0,0.0,0.0
62.6051903,0.0,0.0,0.0,0.0,0.0
62.6542439,0.0,0.0,0.2155555,0.0,0.0
62.7045176,0.0,0.0,0.8444445,0.0,0.0
62.7541633,0.0,0.0,1.1422222,0.0,0.0
62.8040967,0.0,0.0,1.1799999,0.0,0.0
62.854213,0.5733333,0.5711111,1.1844444,0.1044444,0.0
62.9033606,1.0755556,1.1866666,1.1844444,0.4311111,0.0
62.9539289,1.3111111,1.3200001,1.1844444,0.8622222,0.0
63.002887,1.3666667,1.3355556,1.1866666,1.1577778,0.5533333
63.0535343,1.3733333,1.3377777,0.5266666,1.1466666,1.2644445
63.1029227,1.3733333,1.3377777,0.1,1.0155555,1.3755555
63.152925,1.3733333,1.34,0.0,0.9666666,1.3888888
63.2030802,0.6466666,0.9577778,0.0,0.7911111,1.3888888
63.2530029,0.0866667,0.1288889,0.0,0.1177778,0.7511111
63.3022189,0.0,0.0,0.0,0.0,0.1022222
63.3522122,0.0,0.0,0.0,0.0,0.0
63.4024811,0.0,0.0,0.0,0.0,0.0
63.4515452,0.0,0.0,0.0,0.0,0.0
63.5014234,0.0,0.0,0.0,0.0,0.0
63.5510967,0.0,0.0,0.0,0.0,0.0
63.6011672,0.0,0.0,0.0,0.0,0.0
63.6505425,0.0,0.0,0.0,0.0,0.0
63.7002981,0.0,0.0,0.0,0.0,0.0
63.7499368,0.0,0.0,0.0,0.0,0.0
63.7997251,0.0,0.0,0.0,0.0,0.0
63.8501785,0.0,0.0,0.0,0.0,0.0
63.8996677,0.0,0.0,0.0,0.0,0.0
63.9489746,0.0,0.0,0.0,0.0,0.0
63.9993005,0.0,0.0,0.0,0.0,0.0
64.048568,0.0,0.0,0.0,0.0,0.0
64.0981848,0.0,0.0,0.0,0.0,0.0
64.1486018,0.0,0.0,0.0,0.0,0.0
64.1982424,0.0,0.0,0.0,0.0,0.0
64.2477982,0.0,0.0,0.0,0.0,0.0
64.2971857,0.0,0.0,0.0,0.0,0.0
64.3470879,0.0,0.0,0.0,0.0,0.0
64.3972991,0.0,0.0,0.0,0.0,0.0
64.4465196,0.0,0.0,0.0,0.0,0.0
64.4968095,0.0,0.0,0.0,0.0,0.0
64.5466835,0.0,0.0,0.0,0.0,0.0
64.5955365,0.0,0.0,0.0,0.0,0.0
64.6453688,0.0,0.0,0.0,0.0,0.0
64.6952593,0.0,0.0,0.0,0.0,0.0
64.7448978,0.0,0.0,0.0,0.0,0.0
64.7945051,0.0,0.0,0.0,0.0,0.0
64.8456559,0.0,0.0,0.0,0.0,0.0
64.8944211,0.0,0.0,0.0,0.0,0.0
64.9442537,0.0,0.0,0.26,0.0,0.0
64.9939489,0.0,0.0,1.0266666,0.0,0.0
65.0438831,0.0,0.0,1.1666666,0.0,0.0
65.0932431,0.3044444,0.3533333,1.1822222,0.0,0.0
65.1430366,0.9311111,1.0155555,1.1844444,0.2111111,0.0
65.1936703,1.2533333,1.2955556,1.1844444,0.4022222,0.0
65.243011,1.3577778,1.3333334,1.1866666,0.5777778,0.0
65.2933869,1.3733333,1.3377777,1.1866666,0.6977777,0.0
65.3424726,1.3733333,1.3377777,1.1866666,0.6711111,0.2955556
65.3924935,1.3733333,1.3377777,1.0,0.6488889,1.0222223
65.443022,1.3755555,1.34,0.6622222,0.6377778,1.3177778
65.4925387,1.3755555,1.34,0.1244444,0.6577778,1.38
65.5414631,1.2644445,1.3333334,0.0,0.4644445,1.3888888
65.5926416,0.3222222,0.3688889,0.0,0.1,1.3888888
65.6418617,0.0,0.0,0.0,0.0,0.7755556
65.6920214,0.0,0.0,0.0,0.0,0.12
65.740592,0.0,0.0,0.0,0.0,0.0
65.791522,0.0,0.0,0.0,0.0,0.0
65.8411226,0.0,0.0,0.0,0.0,0.0
65.8907201,0.0,0.0,0.0,0.0,0.0
65.9402122,0.0,0.0,0.0,0.0,0.0
65.9903846,0.0,0.0,0.0,0.0,0.0
66.0395594,0.0,0.0,0.0,0.0,0.0
66.0889254,0.0,0.0,0.0,0.0,0.0
66.1394694,0.0,0.0,0.0,0.0,0.0
66.1890807,0.0,0.0,0.0,0.0,0.0
66.2386532,0.0,0.0,0.0,0.0,0.0
66.2891781,0.0,0.0,0.0,0.0,0.0
66.3381786,0.0,0.0,0.0,0.0,0.0
66.3882949,0.0,0.0,0.0,0.0,0.0
66.4383042,0.0,0.0,0.0,0.0,0.0
66.4877582,0.0,0.0,0.0,0.0,0.0
66.5377693,0.0,0.0,0.0,0.0,0.0
66.5875301,0.0,0.0,0.0,0.0,0.0
66.6371174,0.0,0.0,0.0,0.0,0.0
66.6868563,0.0,0.0,0.0,0.0,0.0
66.736625,0.0,0.0,0.0,0.0,0.0
66.7861824,0.0,0.0,0.0,0.0,0.0
66.8359528,0.0,0.0,0.0,0.0,0.0
66.8857222,0.0,0.0,0.0,0.0,0.0
66.9360967,0.0,0.0,0.0,0.0,0.0
66.9852526,0.0,0.0,0.0,0.0,0.0
67.0347831,0.0,0.0,0.0,0.0,0.0
67.0849535,0.0,0.0,0.0,0.0,0.0
67.1349673,0.0,0.0,0.0,0.0,0.0
67.184536,0.0,0.0,0.0,0.0,0.0
67.2340438,0.0,0.0,0.0,0.0,0.0
67.2838864,0.0,0.0,0.8222222,0.0,0.0
67.3337042,0.1555556,0.0,1.14,0.0,0.0
67.3833327,1.0244445,0.4977778,1.1799999,0.0,0.0
67.4335771,1.3311111,1.1955556,1.1844444,0.0,0.0
67.4833853,1.3688889,1.3200001,1.1844444,0.08,0.0
67.5324988,1.3733333,1.3355556,1.1844444,0.2177778,0.1955556
67.5828626,1.3733333,1.3377777,0.4066667,0.4044445,1.1066667
67.6334317,1.0911111,1.3377777,0.0,0.4822222,1.3555555
67.682452,0.1755556,0.28,0.0,0.1,1.3866667
67.7325487,0.0,0.0,0.0,0.0,0.2177778
67.7821302,0.0,0.0,0.0,0.0,0.0
67.8317657,0.0,0.0,0.0,0.0,0.0
67.8818936,0.0,0.0,0.0,0.0,0.0
67.9318869,0.0,0.0,0.0,0.0,0.0
67.9813433,0.0,0.0,0.0,0.0,0.0
68.0307562,0.0,0.0,0.0,0.0,0.0
68.0809474,0.0,0.0,0.0,0.0,0.0
68.1304512,0.0,0.0,0.0,0.0,0.0
68.1797953,0.0,0.0,0.0,0.0,0.0
68.2296309,0.0,0.0,0.0,0.0,0.0
68.2802548,0.0,0.0,0.0,0.0,0.0
68.3294652,0.0,0.0,0.0,0.0,0.0
68.3797276,0.0,0.0,0.0,0.0,0.0
68.4295027,0.0,0.0,0.0,0.0,0.0
68.4788759,0.0,0.0,0.0,0.0,0.0
68.5287118,0.0,0.0,0.0,0.0,0.0
68.5784426,0.0,0.0,0.0,0.0,0.0
68.6278884,0.0,0.0,0.0,0.0,0.0
68.6777987,0.0,0.0,0.0,0.0,0.0
68.7280581,0.0,0.0,0.0,0.0,0.0
68.7779329,0.0,0.0,0.0,0.0,0.0
68.8273544,0.0,0.0,0.0,0.0,0.0
68.876615,0.0,0.0,0.0,0.0,0.0
68.9265165,0.0,0.0,0.0,0.0,0.0
68.9760938,0.0,0.0,0.0,0.0,0.0
69.0266314,0.0,0.0,0.0,0.0,0.0
69.075779,0.0,0.0,0.0,0.0,0.0
69.1256838,0.0,0.0,0.0,0.0,0.0
69.1756306,0.0,0.0,0.8444445,0.0,0.0
69.2247074,0.0,0.0,1.1422222,0.0,0.0
69.2746611,0.5444444,0.08,1.1799999,0.0,0.0
69.3244257,1.1555556,0.4688889,1.1844444,0.0,0.0
69.3751137,1.3155556,0.6955556,1.1844444,0.0,0.0
69.4247105,1.3377777,0.7377778,1.1844444,0.0,0.0
69.4741931,1.3488889,0.8666667,1.1866666,0.0,0.0
69.524637,1.3711112,1.28,1.1866666,0.4577778,0.0
69.5744472,1.3733333,1.3311111,1.1866666,0.9022222,0.4222222
69.6237884,1.3733333,1.3377777,0.5355555,0.9355556,1.2244444
69.6738036,1.3755555,1.3377777,0.0755556,0.6666667,1.3711112
69.723453,0.7666667,0.9511111,0.0,0.2377778,1.3888888
69.7735393,0.1066667,0.1311111,0.0,0.0,0.7177778
69.8234019,0.0,0.0,0.0,0.0,0.0977778
69.8730986,0.0,0.0,0.0,0.0,0.0
69.922569,0.0,0.0,0.0,0.0,0.0
69.9722352,0.0,0.0,0.0,0.0,0.0
70.0222137,0.0,0.0,0.0,0.0,0.0
70.0722754,0.0,0.0,0.0,0.0,0.0
70.1216435,0.0,0.0,0.0,0.0,0.0
70.1717019,0.0,0.0,0.0,0.0,0.0
70.221642,0.0,0.0,0.0,0.0,0.0
70.271095,0.0,0.0,0.0,0.0,0.0
70.3207123,0.0,0.0,0.0,0.0,0.0
70.3709054,0.0,0.0,0.0,0.0,0.0
70.4209301,0.0,0.0,0.0,0.0,0.0
70.4705596,0.0,0.0,0.0,0.0,0.0
70.5200324,0.0,0.0,0.0,0.0,0.0
70.5693614,0.0,0.0,0.0,0.0,0.0
70.6195347,0.0,0.0,0.0,0.0,0.0
70.6699769,0.0,0.0,0.0,0.0,0.0
70.7194061,0.0,0.0,0.0,0.0,0.0
70.768976,0.0,0.0,0.0,0.0,0.0
70.8184433,0.0,0.0,0.0,0.0,0.0
70.8686211,0.0,0.0,0.0,0.0,0.0
70.9182017,0.0,0.0,0.0,0.0,0.0
70.967402,0.0,0.0,0.0,0.0,0.0
71.0178084,0.0,0.0,0.0,0.0,0.0
71.0671818,0.0,0.0,0.0,0.0,0.0
71.1176353,0.0,0.0,0.0,0.0,0.0
71.1668468,0.0,0.0,0.4066667,0.0,0.0
71.2170901,0.0,0.0,1.08,0.0,0.0
71.2660301,0.4288889,0.22,1.1733333,0.0,0.0
71.3163764,1.22,1.1444445,1.1844444,0.3777778,0.0
71.3665943,1.3555555,1.3155556,0.6133333,0.7866667,0.9822222
71.4161901,0.6155556,0.6577778,0.0688889,0.2177778,1.34
71.4656579,0.0822222,0.0866667,0.0,0.0,0.3644444
71.5161281,0.0,0.0,0.0,0.0,0.0
71.5653746,0.0,0.0,0.0,0.0,0.0
71.6152108,0.0,0.0,0.0,0.0,0.0
71.6649125,0.0,0.0,0.0,0.0,0.0
71.7149606,0.0,0.0,0.0,0.0,0.0
71.7641611,0.0,0.0,0.0,0.0,0.0
71.8147969,0.0,0.0,0.0,0.0,0.0
71.8640401,0.0,0.0,0.0,0.0,0.0
71.9140353,0.0,0.0,0.0,0.0,0.0
71.9636509,0.0,0.0,0.0,0.0,0.0
72.0137303,0.0,0.0,0.0,0.0,0.0
72.0635695,0.0,0.0,0.0,0.0,0.0
72.1126652,0.0,0.0,0.0,0.0,0.0
72.1630294,0.0,0.0,0.0,0.0,0.0
72.2122023,0.0,0.0,0.0,0.0,0.0
72.2616475,0.0,0.0,0.0,0.0,0.0
72.3118479,0.0,0.0,0.0,0.0,0.0
72.3617117,0.0,0.0,0.0,0.0,0.0
72.4117217,0.0,0.0,0.0,0.0,0.0
72.4608719,0.0,0.0,0.0,0.0,0.0
72.5114565,0.0,0.0,0.0,0.0,0.0
72.5603933,0.0,0.0,0.0,0.0,0.0
72.6104808,0.0,0.0,0.0,0.0,0.0
72.659956,0.0,0.0,0.0,0.0,0.0
72.7093899,0.0,0.0,0.0,0.0,0.0
72.759707,0.0,0.0,0.0,0.0,0.0
72.8093007,0.0,0.0,0.0,0.0,0.0
72.8591743,0.0,0.0,0.0777778,0.0,0.0
72.9088564,0.0,0.0,0.9933333,0.0,0.0
72.9584763,0.0,0.0,1.1622223,0.0,0.0
73.0084143,0.6533333,0.6355556,1.1822222,0.1177778,0.0
73.0583479,1.2777778,1.2511111,1.1844444,0.4844444,0.0
73.1081548,1.3622222,1.3288889,1.1844444,0.6177778,0.0
73.1583073,1.3733333,1.3377777,1.02,0.4955555,0.8355556
73.2079499,1.3733333,1.3377777,0.1555556,0.2133333,1.3200001
73.2575166,0.5044444,0.3177778,0.0,0.0,1.3822222
73.3075595,0.0688889,0.0,0.0,0.0,0.1933333
73.3570545,0.0,0.0,0.0,0.0,0.0
73.4071565,0.0,0.0,0.0,0.0,0.0
73.4572582,0.0,0.0,0.0,0.0,0.0
73.5071197,0.0,0.0,0.0,0.0,0.0
73.5564954,0.0,0.0,0.0,0.0,0.0
73.606483,0.0,0.0,0.0,0.0,0.0
73.6561751,0.0,0.0,0.0,0.0,0.0
73.7053738,0.0,0.0,0.0,0.0,0.0
73.7555141,0.0,0.0,0.0,0.0,0.0
73.8054771,0.0,0.0,0.0,0.0,0.0
73.8551626,0.0,0.0,0.0,0.0,0.0
73.9044299,0.0,0.0,0.0,0.0,0.0
73.9544203,0.0,0.0,0.0,0.0,0.0
74.0041721,0.0,0.0,0.0,0.0,0.0
74.0541317,0.0,0.0,0.0,0.0,0.0
74.1042533,0.0,0.0,0.0,0.0,0.0
74.1532528,0.0,0.0,0.0,0.0,0.0
74.2034428,0.0,0.0,0.0,0.0,0.0
74.2534072,0.0,0.0,0.0,0.0,0.0
74.3028908,0.0,0.0,0.0,0.0,0.0
74.3522723,0.0,0.0,0.0,0.0,0.0
74.4026093,0.0,0.0,0.0,0.0,0.0
74.4521308,0.0,0.0,0.0,0.0,0.0
74.5020814,0.0,0.0,0.0,0.0,0.0
74.5518968,0.0,0.0,0.0,0.0,0.0
74.6011763,0.0,0.0,0.0,0.0,0.0
74.6512549,0.0,0.0,0.0,0.0,0.0
74.7003071,0.0,0.0,0.0,0.0,0.0
74.7501826,0.0,0.0,0.0,0.0,0.0
74.8007395,0.0,0.0,0.6111111,0.0,0.0
74.8503802,0.6355556,0.0,1.0933334,0.0,0.0
74.8996251,1.2755556,0.3622222,1.1733333,0.0,0.0
74.9501374,1.3622222,1.1733333,1.1844444,0.0,0.0
74.9992242,1.3733333,1.3177778,0.9644445,0.0,0.3977778
75.0493166,1.3733333,1.3355556,0.2066667,0.0,1.2266667
75.0992191,1.3733333,1.0022222,0.0,0.0,1.3688889
75.1494353,0.4755556,0.1533333,0.0,0.0,1.3866667
75.1987939,0.0644444,0.0,0.0,0.0,0.2088889
75.2490752,0.0,0.0,0.0,0.0,0.0
75.2984815,0.0,0.0,0.0,0.0,0.0
75.3485749,0.0,0.0,0.0,0.0,0.0
75.3980329,0.0,0.0,0.0,0.0,0.0
75.4478707,0.0,0.0,0.0,0.0,0.0
75.4976709,0.0,0.0,0.0,0.0,0.0
75.5476859,0.0,0.0,0.0,0.0,0.0
75.5972722,0.0,0.0,0.0,0.0,0.0
75.6466761,0.0,0.0,0.0,0.0,0.0
75.6961691,0.0,0.0,0.0,0.0,0.0
75.7459915,0.0,0.0,0.0,0.0,0.0
75.7962637,0.0,0.0,0.0,0.0,0.0
75.846221,0.0,0.0,0.0,0.0,0.0
75.8956282,0.0,0.0,0.0,0.0,0.0
75.9451237,0.0,0.0,0.0,0.0,0.0
75.9956498,0.0,0.0,0.0,0.0,0.0
76.0450423,0.0,0.0,0.0,0.0,0.0
76.0949438,0.0,0.0,0.0,0.0,0.0
76.1448338,0.0,0.0,0.0,0.0,0.0
76.1935134,0.0,0.0,0.0,0.0,0.0
76.2435827,0.0,0.0,0.0,0.0,0.0
76.2937658,0.0,0.0,0.0,0.0,0.0
76.3430932,0.0,0.0,0.0,0.0,0.0
76.3928015,0.0,0.0,0.0,0.0,0.0
76.4424484,0.0,0.0,0.0,0.0,0.0
76.4922197,0.0,0.0,0.0,0.0,0.0
76.5426817,0.0,0.0,0.0,0.0,0.0
76.5922852,0.0,0.0,0.0,0.0,0.0
76.6414993,0.0,0.0,0.0,0.0,0.0
76.6911876,0.0,0.0,0.0,0.0,0.0
76.7410653,0.0,0.0,0.0,0.0,0.0
76.7908723,0.0,0.0,0.4488889,0.0,0.0
76.8408015,0.0,0.0,1.0644444,0.0,0.0
76.8907204,0.0,0.1022222,1.1711111,0.0644444,0.0
76.9407704,0.2177778,0.6888889,1.1844444,0.5,0.0
76.9899359,0.6933333,1.2577778,1.1844444,1.1355555,0.0
77.0405011,1.0599999,1.3288889,1.1844444,1.22,0.2666667
77.0900853,1.0222223,1.3377777,0.4288889,1.2311112,1.2155555
77.1404097,0.3,0.8088889,0.0,0.8355556,1.3688889
77.18928,0.0,0.1066667,0.0,0.1155556,0.5355555
77.2396998,0.0,0.0,0.0,0.0,0.0755556
77.2892506,0.0,0.0,0.0,0.0,0.0
77.3396411,0.0,0.0,0.0,0.0,0.0
77.3888121,0.0,0.0,0.0,0.0,0.0
77.4385221,0.0,0.0,0.0,0.0,0.0
77.4883237,0.0,0.0,0.0,0.0,0.0
77.5377111,0.0,0.0,0.0,0.0,0.0
77.5873635,0.0,0.0,0.0,0.0,0.0
77.6369739,0.0,0.0,0.0,0.0,0.0
77.6878016,0.0,0.0,0.0,0.0,0.0
77.7376652,0.0,0.0,0.0,0.0,0.0
77.7872171,0.0,0.0,0.0,0.0,0.0
77.8366499,0.0,0.0,0.0,0.0,0.0
77.886811,0.0,0.0,0.0,0.0,0.0
77.9358726,0.0,0.0,0.0,0.0,0.0
77.9855928,0.0,0.0,0.0,0.0,0.0
78.0353177,0.0,0.0,0.0,0.0,0.0
78.0848911,0.0,0.0,0.0,0.0,0.0
78.135323,0.0,0.0,0.0,0.0,0.0
78.1843128,0.0,0.0,0.0,0.0,0.0
78.2345457,0.0,0.0,0.0,0.0,0.0
78.2841856,0.0,0.0,0.0,0.0,0.0
78.3344777,0.0,0.0,0.0,0.0,0.0
78.3840933,0.0,0.0,0.0,0.0,0.0
78.4335699,0.0,0.0,0.0,0.0,0.0
78.4835877,0.0,0.0,0.0,0.0,0.0
78.5329807,0.0,0.0,0.0,0.0,0.0
78.5831902,0.0,0.0,0.0,0.0,0.0
78.6327486,0.0,0.0,0.0,0.0,0.0
78.6820629,0.0,0.0,0.0,0.0,0.0
78.7316847,0.0,0.0,0.0,0.0,0.0
78.7815232,0.0,0.0,0.0,0.0,0.0
78.8312588,0.0,0.0,0.3466667,0.0,0.0
78.881685,0.0,0.0,1.0177778,0.0,0.0
78.9318609,0.3577778,0.0,1.1644444,0.0,0.0
78.9804697,1.0666667,0.7511111,1.1822222,0.0666667,0.0
79.030741,1.3355556,1.2644445,1.1844444,0.5511111,0.0
79.0806129,1.3688889,1.3288889,1.1644444,1.12,0.7577778
79.1309423,0.9511111,1.3333334,0.1644444,1.1288888,1.3133334
79.1800041,0.1311111,0.1977778,0.0,0.1711111,0.7533333
79.2299016,0.0,0.0,0.0,0.0,0.1044444
79.2800174,0.0,0.0,0.0,0.0,0.0
79.3295434,0.0,0.0,0.0,0.0,0.0
79.3792677,0.0,0.0,0.0,0.0,0.0
79.429445,0.0,0.0,0.0,0.0,0.0
79.4785488,0.0,0.0,0.0,0.0,0.0
79.528754,0.0,0.0,0.0,0.0,0.0
79.5780759,0.0,0.0,0.0,0.0,0.0
79.6281748,0.0,0.0,0.0,0.0,0.0
79.6778786,0.0,0.0,0.0,0.0,0.0
79.7279603,0.0,0.0,0.0,0.0,0.0
79.7771101,0.0,0.0,0.0,0.0,0.0
79.8266556,0.0,0.0,0.0,0.0,0.0
79.876651,0.0,0.0,0.0,0.0,0.0
79.9268172,0.0,0.0,0.0,0.0,0.0
79.9758332,0.0,0.0,0.0,0.0,0.0
80.0264142,0.0,0.0,0.0,0.0,0.0
80.0760674,0.0,0.0,0.0,0.0,0.0
80.1261115,0.0,0.0,0.0,0.0,0.0
80.1753953,0.0,0.0,0.0,0.0,0.0
80.2251694,0.0,0.0,0.0,0.0,0.0
80.2751725,0.0,0.0,0.0,0.0,0.0
80.3244002,0.0,0.0,0.0,0.0,0.0
80.374393,0.0,0.0,0.0,0.0,0.0
80.4240463,0.0,0.0,0.0,0.0,0.0
80.4739945,0.0,0.0,0.0,0.0,0.0
80.5238142,0.0,0.0,0.0,0.0,0.0
80.5736513,0.0,0.0,0.0,0.0,0.0
80.6233754,0.0,0.0,0.0,0.0,0.0
80.673372,0.0,0.0,0.0,0.0,0.0
80.7227497,0.0,0.0,0.0,0.0,0.0
80.7721071,0.0,0.0,0.0,0.0,0.0
80.8219416,0.0,0.0,0.0,0.0,0.0
80.8717811,0.0,0.0,0.8866667,0.0,0.0
80.9222105,0.0,0.0,1.1488889,0.0,0.0
80.9714944,0.18,0.0,1.1799999,0.0,0.0
81.0215173,1.0555556,0.7066666,1.1844444,0.0,0.0
81.0709772,1.3355556,1.2555555,1.1844444,0.2622222,0.0
81.121011,1.3688889,1.3288889,1.1844444,0.4466667,0.1044444
81.171092,1.3733333,1.3377777,0.8266667,0.4111111,1.0333333
81.2207055,1.3733333,1.3377777,0.12,0.3555556,1.3444444
81.2704308,0.4777778,0.46,0.0,0.0777778,1.3844445
81.3205633,0.0644444,0.0,0.0,0.0,0.3377778
81.370156,0.0,0.0,0.0,0.0,0.0
81.4201798,0.0,0.0,0.0,0.0,0.0
81.4694088,0.0,0.0,0.0,0.0,0.0
81.5196853,0.0,0.0,0.0,0.0,0.0
81.5693784,0.0,0.0,0.0,0.0,0.0
81.6188478,0.0,0.0,0.0,0.0,0.0
81.6692746,0.0,0.0,0.0,0.0,0.0
81.7183049,0.0,0.0,0.0,0.0,0.0
81.7685587,0.0,0.0,0.0,0.0,0.0
81.8178768,0.0,0.0,0.0,0.0,0.0
81.8682227,0.0,0.0,0.0,0.0,0.0
81.9173207,0.0,0.0,0.0,0.0,0.0
81.9678497,0.0,0.0,0.0,0.0,0.0
82.0169823,0.0,0.0,0.0,0.0,0.0
82.066838,0.0,0.0,0.0,0.0,0.0
82.1165595,0.0,0.0,0.0,0.0,0.0
82.1665833,0.0,0.0,0.0,0.0,0.0
82.2162106,0.0,0.0,0.0,0.0,0.0
82.2658434,0.0,0.0,0.0,0.0,0.0
82.31529,0.0,0.0,0.0,0.0,0.0
82.3652742,0.0,0.0,0.0,0.0,0.0
82.4149323,0.0,0.0,0.0,0.0,0.0
82.4644549,0.0,0.0,0.0,0.0,0.0
82.5145237,0.0,0.0,0.0,0.0,0.0
82.564163,0.0,0.0,0.0,0.0,0.0
82.61409,0.0,0.0,0.0,0.0,0.0
82.6632657,0.0,0.0,0.0,0.0,0.0
82.7133744,0.0,0.0,0.0,0.0,0.0
82.7628307,0.0,0.0,0.0,0.0,0.0
82.8131216,0.0,0.0,0.0,0.0,0.0
82.8629835,0.0,0.0,0.0,0.0,0.0
82.9122748,0.0,0.0,0.0,0.0,0.0
82.9624856,0.0,0.0,0.0,0.0,0.0
83.0123966,0.0,0.0,0.0,0.0,0.0
83.0622051,0.0,0.0,0.0,0.0,0.0
83.1120801,0.0,0.0,0.0,0.0,0.0
83.1613579,0.0,0.0,0.0,0.0,0.0
83.2107899,0.0,0.0,0.0,0.0,0.0
83.2608943,0.0,0.0,0.0,0.0,0.0
83.3108091,0.0,0.0,0.0,0.0,0.0
83.3597965,0.0,0.0,0.0,0.0,0.0
83.4096162,0.0,0.0,0.0,0.0,0.0
83.45998,0.0,0.0,0.0,0.0,0.0
83.5096202,0.0,0.0,0.0,0.0,0.0
83.5592372,0.0,0.0,0.0,0.0,0.0
