Time (seconds), Duration (seconds),pred_unlabelled,pred_anomaly
0.01000,0.48000,0.99642,0.00358
0.03000,0.48000,0.99866,0.00134
0.05000,0.48000,0.99764,0.00236
0.07000,0.48000,0.99712,0.00288
0.09000,0.48000,0.99654,0.00346
0.11000,0.48000,0.99501,0.00499
0.13000,0.48000,0.99732,0.00268
0.15000,0.48000,0.99744,0.00256
0.17000,0.48000,0.99738,0.00262
0.19000,0.48000,0.99621,0.00379
0.21000,0.48000,0.99909,0.00091
0.23000,0.48000,0.99822,0.00178
0.25000,0.48000,0.99834,0.00166
0.27000,0.48000,0.99672,0.00328
0.29000,0.48000,0.99863,0.00137
0.31000,0.48000,0.99807,0.00193
0.33000,0.48000,0.99673,0.00327
0.35000,0.48000,0.99575,0.00425
0.37000,0.48000,0.99656,0.00344
0.39000,0.48000,0.99729,0.00271
0.41000,0.48000,0.99750,0.00250
0.43000,0.48000,0.99721,0.00279
0.45000,0.48000,0.99665,0.00335
0.47000,0.48000,0.99834,0.00166
0.49000,0.48000,0.99815,0.00185
0.51000,0.48000,0.99860,0.00140
0.53000,0.48000,0.99657,0.00343
0.55000,0.48000,0.99872,0.00128
0.57000,0.48000,0.99791,0.00209
0.59000,0.48000,0.99795,0.00205
0.61000,0.48000,0.99817,0.00183
0.63000,0.48000,0.99643,0.00357
0.65000,0.48000,0.99850,0.00150
0.67000,0.48000,0.99889,0.00111
0.69000,0.48000,0.99800,0.00200
0.71000,0.48000,0.99837,0.00163
0.73000,0.48000,0.99525,0.00475
0.75000,0.48000,0.99875,0.00125
0.77000,0.48000,0.99743,0.00257
0.79000,0.48000,0.99738,0.00262
0.81000,0.48000,0.99599,0.00401
0.83000,0.48000,0.99705,0.00295
0.85000,0.48000,0.99808,0.00192
0.87000,0.48000,0.99783,0.00217
0.89000,0.48000,0.99645,0.00355
0.91000,0.48000,0.99792,0.00208
0.93000,0.48000,0.99748,0.00252
0.95000,0.48000,0.99812,0.00188
0.97000,0.48000,0.99761,0.00239
0.99000,0.48000,0.99792,0.00208
1.01000,0.48000,0.99698,0.00302
1.03000,0.48000,0.99714,0.00286
1.05000,0.48000,0.99626,0.00374
1.07000,0.48000,0.99916,0.00084
1.09000,0.48000,0.99717,0.00283
1.11000,0.48000,0.99724,0.00276
1.13000,0.48000,0.99794,0.00206
1.15000,0.48000,0.99783,0.00217
1.17000,0.48000,0.99831,0.00169
1.19000,0.48000,0.99862,0.00138
1.21000,0.48000,0.99776,0.00224
1.23000,0.48000,0.99952,0.00048
1.25000,0.48000,0.99870,0.00130
1.27000,0.48000,0.99885,0.00115
1.29000,0.48000,0.99798,0.00202
1.31000,0.48000,0.99834,0.00166
1.33000,0.48000,0.99845,0.00155
1.35000,0.48000,0.99849,0.00151
1.37000,0.48000,0.99848,0.00152
1.39000,0.48000,0.99821,0.00179
1.41000,0.48000,0.99806,0.00194
1.43000,0.48000,0.99823,0.00177
1.45000,0.48000,0.99882,0.00118
1.47000,0.48000,0.99632,0.00368
1.49000,0.48000,0.99883,0.00117
1.51000,0.48000,0.99554,0.00446
1.53000,0.48000,0.99894,0.00106
1.55000,0.48000,0.99295,0.00705
1.57000,0.48000,0.99814,0.00186
1.59000,0.48000,0.99535,0.00465
1.61000,0.48000,0.99825,0.00175
1.63000,0.48000,0.99331,0.00669
1.65000,0.48000,0.99835,0.00165
1.67000,0.48000,0.99121,0.00879
1.69000,0.48000,0.99696,0.00304
1.71000,0.48000,0.99003,0.00997
1.73000,0.48000,0.99847,0.00153
1.75000,0.48000,0.99316,0.00684
1.77000,0.48000,0.99796,0.00204
1.79000,0.48000,0.99441,0.00559
1.81000,0.48000,0.99682,0.00318
1.83000,0.48000,0.99512,0.00488
1.85000,0.48000,0.99588,0.00412
1.87000,0.48000,0.99379,0.00621
1.89000,0.48000,0.99770,0.00230
1.91000,0.48000,0.99410,0.00590
1.93000,0.48000,0.99637,0.00363
1.95000,0.48000,0.98281,0.01719
1.97000,0.48000,0.98643,0.01357
1.99000,0.48000,0.98946,0.01054
2.01000,0.48000,0.96575,0.03425
2.03000,0.48000,0.99395,0.00605
2.05000,0.48000,0.95934,0.04066
2.07000,0.48000,0.96450,0.03550
2.09000,0.48000,0.87660,0.12340
2.11000,0.48000,0.97259,0.02741
2.13000,0.48000,0.93163,0.06837
2.15000,0.48000,0.92206,0.07794
2.17000,0.48000,0.95986,0.04014
2.19000,0.48000,0.97875,0.02125
2.21000,0.48000,0.94615,0.05385
2.23000,0.48000,0.94447,0.05553
2.25000,0.48000,0.90893,0.09107
2.27000,0.48000,0.97289,0.02711
2.29000,0.48000,0.86654,0.13346
2.31000,0.48000,0.96425,0.03575
2.33000,0.48000,0.69438,0.30562
2.35000,0.48000,0.95537,0.04463
2.37000,0.48000,0.86661,0.13339
2.39000,0.48000,0.96633,0.03367
2.41000,0.48000,0.80100,0.19900
2.43000,0.48000,0.94479,0.05521
2.45000,0.48000,0.95901,0.04099
2.47000,0.48000,0.97682,0.02318
2.49000,0.48000,0.97824,0.02176
2.51000,0.48000,0.98219,0.01781
2.53000,0.48000,0.99090,0.00910
2.55000,0.48000,0.99386,0.00614
2.57000,0.48000,0.99067,0.00933
2.59000,0.48000,0.99733,0.00267
2.61000,0.48000,0.99453,0.00547
2.63000,0.48000,0.99624,0.00376
2.65000,0.48000,0.99072,0.00928
2.67000,0.48000,0.99654,0.00346
2.69000,0.48000,0.99009,0.00991
2.71000,0.48000,0.99662,0.00338
2.73000,0.48000,0.99041,0.00959
2.75000,0.48000,0.99700,0.00300
2.77000,0.48000,0.99361,0.00639
2.79000,0.48000,0.99586,0.00414
2.81000,0.48000,0.99579,0.00421
2.83000,0.48000,0.99576,0.00424
2.85000,0.48000,0.99492,0.00508
2.87000,0.48000,0.99395,0.00605
2.89000,0.48000,0.99333,0.00667
2.91000,0.48000,0.99842,0.00158
2.93000,0.48000,0.99508,0.00492
2.95000,0.48000,0.99758,0.00242
2.97000,0.48000,0.99634,0.00366
2.99000,0.48000,0.99477,0.00523
3.01000,0.48000,0.99073,0.00927
3.03000,0.48000,0.99131,0.00869
3.05000,0.48000,0.99458,0.00542
3.07000,0.48000,0.99704,0.00296
3.09000,0.48000,0.99222,0.00778
3.11000,0.48000,0.99731,0.00269
3.13000,0.48000,0.98105,0.01895
3.15000,0.48000,0.98714,0.01286
3.17000,0.48000,0.99142,0.00858
3.19000,0.48000,0.99448,0.00552
3.21000,0.48000,0.99501,0.00499
3.23000,0.48000,0.98137,0.01863
3.25000,0.48000,0.99402,0.00598
3.27000,0.48000,0.99165,0.00835
3.29000,0.48000,0.98354,0.01646
3.31000,0.48000,0.99215,0.00785
3.33000,0.48000,0.99068,0.00932
3.35000,0.48000,0.99049,0.00951
3.37000,0.48000,0.97700,0.02300
3.39000,0.48000,0.98160,0.01840
3.41000,0.48000,0.98613,0.01387
3.43000,0.48000,0.98924,0.01076
3.45000,0.48000,0.96418,0.03582
3.47000,0.48000,0.99393,0.00607
3.49000,0.48000,0.91565,0.08435
3.51000,0.48000,0.98353,0.01647
3.53000,0.48000,0.92067,0.07933
3.55000,0.48000,0.98671,0.01329
3.57000,0.48000,0.97942,0.02058
3.59000,0.48000,0.97223,0.02777
3.61000,0.48000,0.98661,0.01339
3.63000,0.48000,0.97892,0.02108
3.65000,0.48000,0.98133,0.01867
3.67000,0.48000,0.99239,0.00761
3.69000,0.48000,0.98567,0.01433
3.71000,0.48000,0.99074,0.00926
3.73000,0.48000,0.97966,0.02034
3.75000,0.48000,0.99181,0.00819
3.77000,0.48000,0.97584,0.02416
3.79000,0.48000,0.98673,0.01327
3.81000,0.48000,0.96157,0.03843
3.83000,0.48000,0.99409,0.00591
3.85000,0.48000,0.97363,0.02637
3.87000,0.48000,0.98847,0.01153
3.89000,0.48000,0.96449,0.03551
3.91000,0.48000,0.98990,0.01010
3.93000,0.48000,0.99025,0.00975
3.95000,0.48000,0.98976,0.01024
3.97000,0.48000,0.98990,0.01010
3.99000,0.48000,0.99140,0.00860
4.01000,0.48000,0.99171,0.00829
4.03000,0.48000,0.99667,0.00333
4.05000,0.48000,0.99226,0.00774
4.07000,0.48000,0.99396,0.00604
4.09000,0.48000,0.99127,0.00873
4.11000,0.48000,0.99417,0.00583
4.13000,0.48000,0.99189,0.00811
4.15000,0.48000,0.99488,0.00512
4.17000,0.48000,0.99279,0.00721
4.19000,0.48000,0.99700,0.00300
4.21000,0.48000,0.99265,0.00735
4.23000,0.48000,0.99160,0.00840
4.25000,0.48000,0.99603,0.00397
4.27000,0.48000,0.99461,0.00539
4.29000,0.48000,0.99426,0.00574
4.31000,0.48000,0.99471,0.00529
4.33000,0.48000,0.99613,0.00387
4.35000,0.48000,0.99702,0.00298
4.37000,0.48000,0.99495,0.00505
4.39000,0.48000,0.99306,0.00694
4.41000,0.48000,0.99702,0.00298
4.43000,0.48000,0.99561,0.00439
4.45000,0.48000,0.98969,0.01031
4.47000,0.48000,0.99672,0.00328
4.49000,0.48000,0.98280,0.01720
4.51000,0.48000,0.99032,0.00968
4.53000,0.48000,0.99190,0.00810
4.55000,0.48000,0.99396,0.00604
4.57000,0.48000,0.99608,0.00392
4.59000,0.48000,0.98154,0.01846
4.61000,0.48000,0.99591,0.00409
4.63000,0.48000,0.99446,0.00554
4.65000,0.48000,0.98523,0.01477
4.67000,0.48000,0.99488,0.00512
4.69000,0.48000,0.99371,0.00629
4.71000,0.48000,0.99496,0.00504
4.73000,0.48000,0.97192,0.02808
4.75000,0.48000,0.98712,0.01288
4.77000,0.48000,0.98949,0.01051
4.79000,0.48000,0.99210,0.00790
4.81000,0.48000,0.97203,0.02797
4.83000,0.48000,0.99573,0.00427
4.85000,0.48000,0.93996,0.06004
4.87000,0.48000,0.98953,0.01047
4.89000,0.48000,0.90522,0.09478
4.91000,0.48000,0.98554,0.01446
4.93000,0.48000,0.98101,0.01899
4.95000,0.48000,0.98405,0.01595
4.97000,0.48000,0.98691,0.01309
4.99000,0.48000,0.98621,0.01379
5.01000,0.48000,0.99225,0.00775
5.03000,0.48000,0.98946,0.01054
5.05000,0.48000,0.98446,0.01554
5.07000,0.48000,0.95648,0.04352
5.09000,0.48000,0.98137,0.01863
5.11000,0.48000,0.88783,0.11217
5.13000,0.48000,0.78313,0.21687
5.15000,0.48000,0.34304,0.65696
5.17000,0.48000,0.83089,0.16911
5.19000,0.48000,0.51622,0.48378
5.21000,0.48000,0.89660,0.10340
5.23000,0.48000,0.34911,0.65089
5.25000,0.48000,0.96910,0.03090
5.27000,0.48000,0.48168,0.51832
5.29000,0.48000,0.93268,0.06732
5.31000,0.48000,0.47335,0.52665
5.33000,0.48000,0.90212,0.09788
5.35000,0.48000,0.21284,0.78716
5.37000,0.48000,0.50207,0.49793
5.39000,0.48000,0.14527,0.85473
5.41000,0.48000,0.34287,0.65713
5.43000,0.48000,0.04108,0.95892
5.45000,0.48000,0.05927,0.94073
5.47000,0.48000,0.01300,0.98700
5.49000,0.48000,0.03150,0.96850
5.51000,0.48000,0.01090,0.98910
5.53000,0.48000,0.02623,0.97377
5.55000,0.48000,0.00847,0.99153
5.57000,0.48000,0.01645,0.98355
5.59000,0.48000,0.00720,0.99280
5.61000,0.48000,0.01786,0.98214
5.63000,0.48000,0.01482,0.98518
5.65000,0.48000,0.03708,0.96292
5.67000,0.48000,0.01332,0.98668
5.69000,0.48000,0.05423,0.94577
5.71000,0.48000,0.01966,0.98034
5.73000,0.48000,0.00699,0.99301
5.75000,0.48000,0.00623,0.99377
5.77000,0.48000,0.00512,0.99488
5.79000,0.48000,0.00478,0.99522
5.81000,0.48000,0.00146,0.99854
5.83000,0.48000,0.00235,0.99765
5.85000,0.48000,0.00324,0.99676
5.87000,0.48000,0.00468,0.99532
5.89000,0.48000,0.00407,0.99593
5.91000,0.48000,0.00402,0.99598
5.93000,0.48000,0.00507,0.99493
5.95000,0.48000,0.00358,0.99642
5.97000,0.48000,0.00085,0.99915
5.99000,0.48000,0.00141,0.99859
6.01000,0.48000,0.00085,0.99915
6.03000,0.48000,0.00189,0.99811
6.05000,0.48000,0.00040,0.99960
6.07000,0.48000,0.00146,0.99854
6.09000,0.48000,0.00085,0.99915
6.11000,0.48000,0.00104,0.99897
6.13000,0.48000,0.00142,0.99858
6.15000,0.48000,0.00212,0.99788
6.17000,0.48000,0.00048,0.99952
6.19000,0.48000,0.00179,0.99821
6.21000,0.48000,0.00083,0.99917
6.23000,0.48000,0.00212,0.99788
6.25000,0.48000,0.00091,0.99909
6.27000,0.48000,0.00074,0.99926
6.29000,0.48000,0.00088,0.99912
6.31000,0.48000,0.00161,0.99839
6.33000,0.48000,0.00160,0.99840
6.35000,0.48000,0.00061,0.99939
6.37000,0.48000,0.00101,0.99899
6.39000,0.48000,0.00111,0.99889
6.41000,0.48000,0.00113,0.99887
6.43000,0.48000,0.00135,0.99865
6.45000,0.48000,0.00217,0.99783
6.47000,0.48000,0.00181,0.99819
6.49000,0.48000,0.00225,0.99775
6.51000,0.48000,0.00336,0.99664
6.53000,0.48000,0.00155,0.99845
6.55000,0.48000,0.00313,0.99687
6.57000,0.48000,0.00041,0.99959
6.59000,0.48000,0.00239,0.99761
6.61000,0.48000,0.00137,0.99863
6.63000,0.48000,0.00324,0.99676
6.65000,0.48000,0.00423,0.99577
6.67000,0.48000,0.00168,0.99832
6.69000,0.48000,0.00066,0.99934
6.71000,0.48000,0.00150,0.99850
6.73000,0.48000,0.00145,0.99855
6.75000,0.48000,0.00113,0.99887
6.77000,0.48000,0.00107,0.99893
6.79000,0.48000,0.00923,0.99077
6.81000,0.48000,0.00103,0.99897
6.83000,0.48000,0.02456,0.97544
6.85000,0.48000,0.00969,0.99031
6.87000,0.48000,0.07958,0.92042
6.89000,0.48000,0.00784,0.99216
6.91000,0.48000,0.02653,0.97347
6.93000,0.48000,0.00401,0.99599
6.95000,0.48000,0.02406,0.97594
6.97000,0.48000,0.00251,0.99749
6.99000,0.48000,0.02875,0.97125
7.01000,0.48000,0.01599,0.98401
7.03000,0.48000,0.07194,0.92806
7.05000,0.48000,0.04383,0.95617
7.07000,0.48000,0.02015,0.97985
7.09000,0.48000,0.02496,0.97504
7.11000,0.48000,0.01650,0.98350
7.13000,0.48000,0.01511,0.98489
7.15000,0.48000,0.00934,0.99066
7.17000,0.48000,0.01010,0.98990
7.19000,0.48000,0.02643,0.97357
7.21000,0.48000,0.10475,0.89525
7.23000,0.48000,0.01793,0.98207
7.25000,0.48000,0.05378,0.94622
7.27000,0.48000,0.00601,0.99399
7.29000,0.48000,0.07908,0.92092
7.31000,0.48000,0.01484,0.98516
7.33000,0.48000,0.01884,0.98116
7.35000,0.48000,0.03295,0.96705
7.37000,0.48000,0.02647,0.97353
7.39000,0.48000,0.02128,0.97872
7.41000,0.48000,0.01758,0.98242
7.43000,0.48000,0.01824,0.98176
7.45000,0.48000,0.04666,0.95334
7.47000,0.48000,0.00563,0.99437
7.49000,0.48000,0.00701,0.99299
7.51000,0.48000,0.00212,0.99788
7.53000,0.48000,0.00623,0.99377
7.55000,0.48000,0.00071,0.99929
7.57000,0.48000,0.00267,0.99733
7.59000,0.48000,0.00277,0.99723
7.61000,0.48000,0.00276,0.99724
7.63000,0.48000,0.00711,0.99289
7.65000,0.48000,0.00680,0.99320
7.67000,0.48000,0.00615,0.99385
7.69000,0.48000,0.01004,0.98996
7.71000,0.48000,0.00669,0.99331
7.73000,0.48000,0.00771,0.99229
7.75000,0.48000,0.00427,0.99573
7.77000,0.48000,0.01722,0.98278
7.79000,0.48000,0.01074,0.98926
7.81000,0.48000,0.02246,0.97754
7.83000,0.48000,0.01578,0.98422
7.85000,0.48000,0.01084,0.98916
7.87000,0.48000,0.01440,0.98560
7.89000,0.48000,0.00779,0.99221
7.91000,0.48000,0.00491,0.99509
7.93000,0.48000,0.00605,0.99395
7.95000,0.48000,0.00198,0.99802
7.97000,0.48000,0.01175,0.98825
7.99000,0.48000,0.00158,0.99842
8.01000,0.48000,0.00998,0.99002
8.03000,0.48000,0.00120,0.99880
8.05000,0.48000,0.01535,0.98465
8.07000,0.48000,0.00144,0.99856
8.09000,0.48000,0.01696,0.98304
8.11000,0.48000,0.00054,0.99946
8.13000,0.48000,0.00448,0.99552
8.15000,0.48000,0.00389,0.99611
8.17000,0.48000,0.00957,0.99043
8.19000,0.48000,0.01255,0.98745
8.21000,0.48000,0.03000,0.97000
8.23000,0.48000,0.00347,0.99653
8.25000,0.48000,0.03189,0.96811
8.27000,0.48000,0.00121,0.99879
8.29000,0.48000,0.00747,0.99253
8.31000,0.48000,0.00133,0.99867
8.33000,0.48000,0.00474,0.99526
8.35000,0.48000,0.00114,0.99886
8.37000,0.48000,0.00253,0.99747
8.39000,0.48000,0.00164,0.99836
8.41000,0.48000,0.00209,0.99791
8.43000,0.48000,0.00285,0.99715
8.45000,0.48000,0.00440,0.99560
8.47000,0.48000,0.00913,0.99087
8.49000,0.48000,0.00743,0.99257
8.51000,0.48000,0.01722,0.98278
8.53000,0.48000,0.01244,0.98756
8.55000,0.48000,0.01521,0.98479
8.57000,0.48000,0.01259,0.98741
8.59000,0.48000,0.01375,0.98625
8.61000,0.48000,0.01074,0.98926
8.63000,0.48000,0.01580,0.98420
8.65000,0.48000,0.00367,0.99633
8.67000,0.48000,0.01427,0.98573
8.69000,0.48000,0.00803,0.99197
8.71000,0.48000,0.01946,0.98054
8.73000,0.48000,0.00622,0.99378
8.75000,0.48000,0.01179,0.98821
8.77000,0.48000,0.00761,0.99239
8.79000,0.48000,0.00416,0.99584
8.81000,0.48000,0.00322,0.99678
8.83000,0.48000,0.00557,0.99443
8.85000,0.48000,0.00301,0.99699
8.87000,0.48000,0.00242,0.99758
8.89000,0.48000,0.00362,0.99638
8.91000,0.48000,0.00236,0.99764
8.93000,0.48000,0.00210,0.99790
8.95000,0.48000,0.00182,0.99818
8.97000,0.48000,0.00281,0.99719
8.99000,0.48000,0.00242,0.99758
9.01000,0.48000,0.00163,0.99837
9.03000,0.48000,0.00223,0.99777
9.05000,0.48000,0.00229,0.99771
9.07000,0.48000,0.00218,0.99782
9.09000,0.48000,0.00620,0.99380
9.11000,0.48000,0.00192,0.99808
9.13000,0.48000,0.00659,0.99341
9.15000,0.48000,0.00099,0.99901
9.17000,0.48000,0.00333,0.99667
9.19000,0.48000,0.00171,0.99829
9.21000,0.48000,0.00228,0.99772
9.23000,0.48000,0.00305,0.99695
9.25000,0.48000,0.00619,0.99381
9.27000,0.48000,0.00262,0.99738
9.29000,0.48000,0.00563,0.99437
9.31000,0.48000,0.01236,0.98764
9.33000,0.48000,0.01984,0.98016
9.35000,0.48000,0.00871,0.99129
9.37000,0.48000,0.00947,0.99053
9.39000,0.48000,0.01167,0.98833
9.41000,0.48000,0.01103,0.98897
9.43000,0.48000,0.00722,0.99278
9.45000,0.48000,0.00310,0.99690
9.47000,0.48000,0.00706,0.99294
9.49000,0.48000,0.00698,0.99302
9.51000,0.48000,0.00408,0.99592
9.53000,0.48000,0.00335,0.99665
9.55000,0.48000,0.00734,0.99266
9.57000,0.48000,0.00291,0.99709
9.59000,0.48000,0.00631,0.99369
9.61000,0.48000,0.00509,0.99491
9.63000,0.48000,0.00868,0.99132
9.65000,0.48000,0.00757,0.99243
9.67000,0.48000,0.01024,0.98976
9.69000,0.48000,0.01883,0.98117
9.71000,0.48000,0.09466,0.90534
9.73000,0.48000,0.04720,0.95280
9.75000,0.48000,0.03367,0.96633
9.77000,0.48000,0.00692,0.99308
9.79000,0.48000,0.00607,0.99393
9.81000,0.48000,0.00323,0.99677
9.83000,0.48000,0.00328,0.99672
9.85000,0.48000,0.00412,0.99588
9.87000,0.48000,0.00299,0.99701
9.89000,0.48000,0.00446,0.99554
9.91000,0.48000,0.00124,0.99876
9.93000,0.48000,0.00300,0.99700
9.95000,0.48000,0.00161,0.99839
9.97000,0.48000,0.00160,0.99840
9.99000,0.48000,0.00131,0.99869
10.01000,0.48000,0.00260,0.99740
10.03000,0.48000,0.00171,0.99829
10.05000,0.48000,0.00375,0.99625
10.07000,0.48000,0.00217,0.99783
10.09000,0.48000,0.00185,0.99815
10.11000,0.48000,0.00073,0.99927
10.13000,0.48000,0.00080,0.99920
10.15000,0.48000,0.00046,0.99954
10.17000,0.48000,0.00104,0.99896
10.19000,0.48000,0.00038,0.99962
10.21000,0.48000,0.00140,0.99860
10.23000,0.48000,0.00039,0.99961
10.25000,0.48000,0.00069,0.99931
10.27000,0.48000,0.00054,0.99946
10.29000,0.48000,0.00375,0.99625
10.31000,0.48000,0.00117,0.99883
10.33000,0.48000,0.00283,0.99717
10.35000,0.48000,0.00207,0.99793
10.37000,0.48000,0.00841,0.99159
10.39000,0.48000,0.00289,0.99711
10.41000,0.48000,0.00718,0.99282
10.43000,0.48000,0.00161,0.99839
10.45000,0.48000,0.00852,0.99148
10.47000,0.48000,0.00093,0.99907
10.49000,0.48000,0.00241,0.99759
10.51000,0.48000,0.00133,0.99867
10.53000,0.48000,0.00263,0.99737
10.55000,0.48000,0.00357,0.99643
10.57000,0.48000,0.00254,0.99746
10.59000,0.48000,0.00306,0.99694
10.61000,0.48000,0.00388,0.99612
10.63000,0.48000,0.00350,0.99650
10.65000,0.48000,0.00761,0.99239
10.67000,0.48000,0.00521,0.99479
10.69000,0.48000,0.00656,0.99344
10.71000,0.48000,0.01129,0.98871
10.73000,0.48000,0.00707,0.99293
10.75000,0.48000,0.00259,0.99741
10.77000,0.48000,0.00494,0.99506
10.79000,0.48000,0.00268,0.99732
10.81000,0.48000,0.00298,0.99702
10.83000,0.48000,0.00303,0.99697
10.85000,0.48000,0.01575,0.98425
10.87000,0.48000,0.00177,0.99823
10.89000,0.48000,0.00480,0.99520
10.91000,0.48000,0.00268,0.99732
10.93000,0.48000,0.00648,0.99352
10.95000,0.48000,0.00269,0.99731
10.97000,0.48000,0.00485,0.99515
10.99000,0.48000,0.00378,0.99622
11.01000,0.48000,0.01290,0.98710
11.03000,0.48000,0.00605,0.99395
11.05000,0.48000,0.00272,0.99728
11.07000,0.48000,0.00553,0.99447
11.09000,0.48000,0.00287,0.99713
11.11000,0.48000,0.00416,0.99584
11.13000,0.48000,0.00501,0.99499
11.15000,0.48000,0.00110,0.99890
11.17000,0.48000,0.00154,0.99846
11.19000,0.48000,0.00173,0.99827
11.21000,0.48000,0.00094,0.99906
11.23000,0.48000,0.00301,0.99699
11.25000,0.48000,0.00174,0.99826
11.27000,0.48000,0.00345,0.99655
11.29000,0.48000,0.00195,0.99805
11.31000,0.48000,0.00187,0.99813
11.33000,0.48000,0.00122,0.99878
11.35000,0.48000,0.00277,0.99723
11.37000,0.48000,0.00543,0.99457
11.39000,0.48000,0.00450,0.99550
11.41000,0.48000,0.00342,0.99658
11.43000,0.48000,0.00294,0.99706
11.45000,0.48000,0.00134,0.99866
11.47000,0.48000,0.00472,0.99528
11.49000,0.48000,0.00129,0.99871
11.51000,0.48000,0.00272,0.99728
11.53000,0.48000,0.00191,0.99809
11.55000,0.48000,0.00711,0.99289
11.57000,0.48000,0.00293,0.99707
11.59000,0.48000,0.00306,0.99694
11.61000,0.48000,0.00291,0.99709
11.63000,0.48000,0.00471,0.99529
11.65000,0.48000,0.00527,0.99473
11.67000,0.48000,0.00334,0.99666
11.69000,0.48000,0.00542,0.99458
11.71000,0.48000,0.00552,0.99448
11.73000,0.48000,0.00619,0.99381
11.75000,0.48000,0.00182,0.99818
11.77000,0.48000,0.00780,0.99220
11.79000,0.48000,0.00315,0.99685
11.81000,0.48000,0.00416,0.99584
11.83000,0.48000,0.00433,0.99567
11.85000,0.48000,0.00258,0.99742
11.87000,0.48000,0.00638,0.99362
11.89000,0.48000,0.00264,0.99736
11.91000,0.48000,0.00183,0.99817
11.93000,0.48000,0.00331,0.99669
11.95000,0.48000,0.00199,0.99801
11.97000,0.48000,0.00114,0.99886
11.99000,0.48000,0.00182,0.99818
12.01000,0.48000,0.01566,0.98434
12.03000,0.48000,0.00426,0.99574
12.05000,0.48000,0.00132,0.99868
12.07000,0.48000,0.00091,0.99909
12.09000,0.48000,0.00338,0.99662
12.11000,0.48000,0.00059,0.99941
12.13000,0.48000,0.00101,0.99899
12.15000,0.48000,0.00051,0.99949
12.17000,0.48000,0.00087,0.99913
12.19000,0.48000,0.00038,0.99962
12.21000,0.48000,0.00190,0.99810
12.23000,0.48000,0.00346,0.99654
12.25000,0.48000,0.00445,0.99555
12.27000,0.48000,0.00725,0.99275
12.29000,0.48000,0.04526,0.95474
12.31000,0.48000,0.01370,0.98630
12.33000,0.48000,0.02602,0.97398
12.35000,0.48000,0.01988,0.98012
12.37000,0.48000,0.03461,0.96539
12.39000,0.48000,0.11096,0.88904
12.41000,0.48000,0.04392,0.95608
12.43000,0.48000,0.44163,0.55837
12.45000,0.48000,0.19405,0.80595
12.47000,0.48000,0.46714,0.53286
12.49000,0.48000,0.39416,0.60584
12.51000,0.48000,0.88549,0.11451
12.53000,0.48000,0.40668,0.59332
12.55000,0.48000,0.84989,0.15011
12.57000,0.48000,0.66681,0.33319
12.59000,0.48000,0.88918,0.11082
12.61000,0.48000,0.87166,0.12834
12.63000,0.48000,0.99681,0.00319
12.65000,0.48000,0.98021,0.01979
12.67000,0.48000,0.99541,0.00459
12.69000,0.48000,0.94967,0.05033
12.71000,0.48000,0.98210,0.01790
12.73000,0.48000,0.94654,0.05346
12.75000,0.48000,0.93590,0.06410
12.77000,0.48000,0.91359,0.08641
12.79000,0.48000,0.87808,0.12192
12.81000,0.48000,0.85870,0.14130
12.83000,0.48000,0.94414,0.05586
12.85000,0.48000,0.75870,0.24130
12.87000,0.48000,0.71141,0.28859
12.89000,0.48000,0.76586,0.23414
12.91000,0.48000,0.65650,0.34350
12.93000,0.48000,0.78420,0.21580
12.95000,0.48000,0.63153,0.36847
12.97000,0.48000,0.74285,0.25715
12.99000,0.48000,0.56232,0.43768
13.01000,0.48000,0.78561,0.21439
13.03000,0.48000,0.38007,0.61993
13.05000,0.48000,0.49458,0.50542
13.07000,0.48000,0.41771,0.58229
13.09000,0.48000,0.52099,0.47901
13.11000,0.48000,0.34424,0.65576
13.13000,0.48000,0.82074,0.17926
13.15000,0.48000,0.37750,0.62250
13.17000,0.48000,0.82726,0.17274
13.19000,0.48000,0.77703,0.22297
13.21000,0.48000,0.89931,0.10069
13.23000,0.48000,0.38262,0.61738
13.25000,0.48000,0.90945,0.09055
13.27000,0.48000,0.45477,0.54523
13.29000,0.48000,0.92468,0.07532
13.31000,0.48000,0.41324,0.58676
13.33000,0.48000,0.90132,0.09868
13.35000,0.48000,0.74611,0.25389
13.37000,0.48000,0.89106,0.10894
13.39000,0.48000,0.84731,0.15269
13.41000,0.48000,0.97323,0.02677
13.43000,0.48000,0.89962,0.10038
13.45000,0.48000,0.97764,0.02236
13.47000,0.48000,0.87709,0.12291
13.49000,0.48000,0.90643,0.09357
13.51000,0.48000,0.89049,0.10951
13.53000,0.48000,0.95743,0.04257
13.55000,0.48000,0.80111,0.19889
13.57000,0.48000,0.97143,0.02857
13.59000,0.48000,0.96290,0.03710
13.61000,0.48000,0.91804,0.08196
13.63000,0.48000,0.88089,0.11911
13.65000,0.48000,0.93211,0.06789
13.67000,0.48000,0.94774,0.05226
13.69000,0.48000,0.94927,0.05073
13.71000,0.48000,0.98033,0.01967
13.73000,0.48000,0.98577,0.01423
13.75000,0.48000,0.98376,0.01624
13.77000,0.48000,0.99091,0.00909
13.79000,0.48000,0.98030,0.01970
13.81000,0.48000,0.98892,0.01108
13.83000,0.48000,0.98112,0.01888
13.85000,0.48000,0.98516,0.01484
13.87000,0.48000,0.98206,0.01794
13.89000,0.48000,0.98480,0.01520
13.91000,0.48000,0.97659,0.02341
13.93000,0.48000,0.98352,0.01648
13.95000,0.48000,0.89188,0.10812
13.97000,0.48000,0.97684,0.02316
13.99000,0.48000,0.93124,0.06876
14.01000,0.48000,0.95762,0.04238
14.03000,0.48000,0.98037,0.01963
14.05000,0.48000,0.98647,0.01353
14.07000,0.48000,0.98712,0.01288
14.09000,0.48000,0.98864,0.01136
14.11000,0.48000,0.99122,0.00878
14.13000,0.48000,0.99000,0.01000
14.15000,0.48000,0.98630,0.01370
14.17000,0.48000,0.99162,0.00838
14.19000,0.48000,0.98526,0.01474
14.21000,0.48000,0.99231,0.00769
14.23000,0.48000,0.99330,0.00670
14.25000,0.48000,0.98986,0.01014
14.27000,0.48000,0.99200,0.00800
14.29000,0.48000,0.98790,0.01210
14.31000,0.48000,0.99003,0.00997
14.33000,0.48000,0.97932,0.02068
14.35000,0.48000,0.95997,0.04003
14.37000,0.48000,0.98190,0.01810
14.39000,0.48000,0.99158,0.00842
14.41000,0.48000,0.96695,0.03305
14.43000,0.48000,0.98835,0.01165
14.45000,0.48000,0.98868,0.01132
14.47000,0.48000,0.99372,0.00628
14.49000,0.48000,0.99341,0.00659
14.51000,0.48000,0.99129,0.00871
14.53000,0.48000,0.99245,0.00755
14.55000,0.48000,0.99461,0.00539
14.57000,0.48000,0.98550,0.01450
14.59000,0.48000,0.99093,0.00907
14.61000,0.48000,0.98161,0.01839
14.63000,0.48000,0.99535,0.00465
14.65000,0.48000,0.97276,0.02724
14.67000,0.48000,0.98980,0.01020
14.69000,0.48000,0.98739,0.01261
14.71000,0.48000,0.99144,0.00856
14.73000,0.48000,0.98414,0.01586
14.75000,0.48000,0.97098,0.02902
14.77000,0.48000,0.97881,0.02119
14.79000,0.48000,0.98387,0.01613
14.81000,0.48000,0.95976,0.04024
14.83000,0.48000,0.98464,0.01536
14.85000,0.48000,0.99329,0.00671
14.87000,0.48000,0.99568,0.00432
14.89000,0.48000,0.83388,0.16612
14.91000,0.48000,0.98294,0.01706
14.93000,0.48000,0.99854,0.00146
14.95000,0.48000,0.99691,0.00309
14.97000,0.48000,0.97237,0.02763
14.99000,0.48000,0.98916,0.01084
15.01000,0.48000,0.99407,0.00593
15.03000,0.48000,0.99474,0.00526
15.05000,0.48000,0.99626,0.00374
15.07000,0.48000,0.97197,0.02803
15.09000,0.48000,0.98378,0.01622
15.11000,0.48000,0.92367,0.07633
15.13000,0.48000,0.96291,0.03709
15.15000,0.48000,0.92875,0.07125
15.17000,0.48000,0.81069,0.18931
15.19000,0.48000,0.59383,0.40617
15.21000,0.48000,0.89147,0.10853
15.23000,0.48000,0.65917,0.34083
15.25000,0.48000,0.42921,0.57079
15.27000,0.48000,0.18236,0.81764
15.29000,0.48000,0.23048,0.76952
15.31000,0.48000,0.00725,0.99275
15.33000,0.48000,0.00331,0.99669
15.35000,0.48000,0.00765,0.99235
15.37000,0.48000,0.00753,0.99247
15.39000,0.48000,0.01050,0.98950
15.41000,0.48000,0.00540,0.99460
15.43000,0.48000,0.00045,0.99955
15.45000,0.48000,0.00055,0.99945
15.47000,0.48000,0.00069,0.99931
15.49000,0.48000,0.00148,0.99852
15.51000,0.48000,0.00031,0.99969
15.53000,0.48000,0.00029,0.99971
15.55000,0.48000,0.00022,0.99978
15.57000,0.48000,0.00073,0.99927
15.59000,0.48000,0.00261,0.99739
15.61000,0.48000,0.04205,0.95795
15.63000,0.48000,0.00956,0.99044
15.65000,0.48000,0.01363,0.98637
15.67000,0.48000,0.02881,0.97119
15.69000,0.48000,0.00337,0.99663
15.71000,0.48000,0.00172,0.99828
15.73000,0.48000,0.00427,0.99573
15.75000,0.48000,0.00039,0.99961
15.77000,0.48000,0.00208,0.99792
15.79000,0.48000,0.00011,0.99989
15.81000,0.48000,0.00025,0.99975
15.83000,0.48000,0.00049,0.99951
15.85000,0.48000,0.00062,0.99938
15.87000,0.48000,0.00064,0.99936
15.89000,0.48000,0.00042,0.99958
15.91000,0.48000,0.00044,0.99956
15.93000,0.48000,0.00044,0.99956
15.95000,0.48000,0.00150,0.99850
15.97000,0.48000,0.00090,0.99910
15.99000,0.48000,0.01035,0.98965
16.01000,0.48000,0.00547,0.99453
16.03000,0.48000,0.01051,0.98949
16.05000,0.48000,0.00462,0.99538
16.07000,0.48000,0.00372,0.99628
16.09000,0.48000,0.00748,0.99252
16.11000,0.48000,0.00152,0.99848
16.13000,0.48000,0.00118,0.99882
16.15000,0.48000,0.00225,0.99775
16.17000,0.48000,0.00101,0.99899
16.19000,0.48000,0.00071,0.99929
16.21000,0.48000,0.00013,0.99987
16.23000,0.48000,0.00025,0.99975
16.25000,0.48000,0.00037,0.99963
16.27000,0.48000,0.00048,0.99952
16.29000,0.48000,0.00042,0.99958
16.31000,0.48000,0.00006,0.99994
16.33000,0.48000,0.00009,0.99991
16.35000,0.48000,0.00008,0.99992
16.37000,0.48000,0.00007,0.99993
16.39000,0.48000,0.00002,0.99998
16.41000,0.48000,0.00008,0.99992
16.43000,0.48000,0.00007,0.99993
16.45000,0.48000,0.00010,0.99990
16.47000,0.48000,0.00011,0.99989
16.49000,0.48000,0.00008,0.99992
16.51000,0.48000,0.00004,0.99996
16.53000,0.48000,0.00006,0.99994
16.55000,0.48000,0.00010,0.99990
16.57000,0.48000,0.00015,0.99985
16.59000,0.48000,0.00011,0.99989
16.61000,0.48000,0.00058,0.99942
16.63000,0.48000,0.00075,0.99925
16.65000,0.48000,0.00037,0.99963
16.67000,0.48000,0.00038,0.99962
16.69000,0.48000,0.00090,0.99910
16.71000,0.48000,0.00145,0.99855
16.73000,0.48000,0.00094,0.99906
16.75000,0.48000,0.00146,0.99854
16.77000,0.48000,0.00067,0.99933
16.79000,0.48000,0.00091,0.99909
16.81000,0.48000,0.00126,0.99874
16.83000,0.48000,0.00659,0.99341
16.85000,0.48000,0.00234,0.99766
16.87000,0.48000,0.00375,0.99625
16.89000,0.48000,0.00743,0.99257
16.91000,0.48000,0.00476,0.99524
16.93000,0.48000,0.00597,0.99403
16.95000,0.48000,0.00371,0.99629
16.97000,0.48000,0.00819,0.99181
16.99000,0.48000,0.00862,0.99138
17.01000,0.48000,0.00389,0.99611
17.03000,0.48000,0.00348,0.99652
17.05000,0.48000,0.00609,0.99391
17.07000,0.48000,0.00231,0.99769
17.09000,0.48000,0.00491,0.99509
17.11000,0.48000,0.00259,0.99741
17.13000,0.48000,0.00287,0.99713
17.15000,0.48000,0.00175,0.99825
17.17000,0.48000,0.01098,0.98902
17.19000,0.48000,0.00200,0.99800
17.21000,0.48000,0.00160,0.99840
17.23000,0.48000,0.00034,0.99966
17.25000,0.48000,0.00101,0.99899
17.27000,0.48000,0.00102,0.99898
17.29000,0.48000,0.00189,0.99811
17.31000,0.48000,0.00035,0.99965
17.33000,0.48000,0.00130,0.99870
17.35000,0.48000,0.00079,0.99921
17.37000,0.48000,0.00134,0.99866
17.39000,0.48000,0.00066,0.99934
17.41000,0.48000,0.00104,0.99896
17.43000,0.48000,0.00118,0.99882
17.45000,0.48000,0.00040,0.99960
17.47000,0.48000,0.00088,0.99912
17.49000,0.48000,0.00042,0.99958
17.51000,0.48000,0.00137,0.99863
17.53000,0.48000,0.00030,0.99970
17.55000,0.48000,0.00200,0.99800
17.57000,0.48000,0.00099,0.99901
17.59000,0.48000,0.00310,0.99690
17.61000,0.48000,0.00045,0.99955
17.63000,0.48000,0.00528,0.99472
17.65000,0.48000,0.00109,0.99891
17.67000,0.48000,0.00645,0.99355
17.69000,0.48000,0.00386,0.99614
17.71000,0.48000,0.01518,0.98482
17.73000,0.48000,0.00464,0.99536
17.75000,0.48000,0.01061,0.98939
17.77000,0.48000,0.00450,0.99550
17.79000,0.48000,0.01465,0.98535
17.81000,0.48000,0.00995,0.99005
17.83000,0.48000,0.03506,0.96494
17.85000,0.48000,0.02116,0.97884
17.87000,0.48000,0.09245,0.90755
17.89000,0.48000,0.02714,0.97286
17.91000,0.48000,0.03790,0.96210
17.93000,0.48000,0.01451,0.98549
17.95000,0.48000,0.02369,0.97631
17.97000,0.48000,0.01196,0.98804
17.99000,0.48000,0.01496,0.98504
18.01000,0.48000,0.01449,0.98551
18.03000,0.48000,0.01056,0.98944
18.05000,0.48000,0.02835,0.97165
18.07000,0.48000,0.05319,0.94681
18.09000,0.48000,0.01540,0.98460
18.11000,0.48000,0.06236,0.93764
18.13000,0.48000,0.07560,0.92440
18.15000,0.48000,0.07000,0.93000
18.17000,0.48000,0.09635,0.90365
18.19000,0.48000,0.05060,0.94940
18.21000,0.48000,0.04484,0.95516
18.23000,0.48000,0.04469,0.95531
18.25000,0.48000,0.19794,0.80206
18.27000,0.48000,0.07307,0.92693
18.29000,0.48000,0.16100,0.83900
18.31000,0.48000,0.04163,0.95837
18.33000,0.48000,0.07223,0.92777
18.35000,0.48000,0.03576,0.96424
18.37000,0.48000,0.02557,0.97443
18.39000,0.48000,0.02955,0.97045
18.41000,0.48000,0.01826,0.98174
18.43000,0.48000,0.04487,0.95513
18.45000,0.48000,0.07814,0.92186
18.47000,0.48000,0.07740,0.92260
18.49000,0.48000,0.06259,0.93741
18.51000,0.48000,0.06955,0.93045
18.53000,0.48000,0.05957,0.94043
18.55000,0.48000,0.03178,0.96822
18.57000,0.48000,0.09346,0.90654
18.59000,0.48000,0.05774,0.94226
18.61000,0.48000,0.05601,0.94399
18.63000,0.48000,0.03346,0.96654
18.65000,0.48000,0.05750,0.94250
18.67000,0.48000,0.00973,0.99027
18.69000,0.48000,0.05979,0.94021
18.71000,0.48000,0.00547,0.99453
18.73000,0.48000,0.01387,0.98613
18.75000,0.48000,0.00287,0.99713
18.77000,0.48000,0.02908,0.97092
18.79000,0.48000,0.00693,0.99307
18.81000,0.48000,0.03270,0.96730
18.83000,0.48000,0.00167,0.99833
18.85000,0.48000,0.00800,0.99200
18.87000,0.48000,0.00102,0.99898
18.89000,0.48000,0.00719,0.99281
18.91000,0.48000,0.00084,0.99916
18.93000,0.48000,0.01224,0.98776
18.95000,0.48000,0.00095,0.99905
18.97000,0.48000,0.02735,0.97265
18.99000,0.48000,0.00274,0.99726
19.01000,0.48000,0.01475,0.98525
19.03000,0.48000,0.00118,0.99882
19.05000,0.48000,0.01784,0.98216
19.07000,0.48000,0.00221,0.99779
19.09000,0.48000,0.01611,0.98389
19.11000,0.48000,0.00171,0.99829
19.13000,0.48000,0.01007,0.98993
19.15000,0.48000,0.00204,0.99796
19.17000,0.48000,0.00995,0.99005
19.19000,0.48000,0.00447,0.99553
19.21000,0.48000,0.00978,0.99022
19.23000,0.48000,0.00433,0.99567
19.25000,0.48000,0.01122,0.98878
19.27000,0.48000,0.00404,0.99596
19.29000,0.48000,0.00530,0.99470
19.31000,0.48000,0.00497,0.99503
19.33000,0.48000,0.00918,0.99082
19.35000,0.48000,0.00817,0.99183
19.37000,0.48000,0.00692,0.99308
19.39000,0.48000,0.01280,0.98720
19.41000,0.48000,0.00765,0.99235
19.43000,0.48000,0.00708,0.99292
19.45000,0.48000,0.00455,0.99545
19.47000,0.48000,0.00678,0.99322
19.49000,0.48000,0.01223,0.98777
19.51000,0.48000,0.00716,0.99284
19.53000,0.48000,0.00880,0.99120
19.55000,0.48000,0.09977,0.90023
19.57000,0.48000,0.05022,0.94978
19.59000,0.48000,0.00994,0.99006
19.61000,0.48000,0.00340,0.99660
19.63000,0.48000,0.00410,0.99590
19.65000,0.48000,0.00540,0.99460
19.67000,0.48000,0.00771,0.99229
19.69000,0.48000,0.00355,0.99645
19.71000,0.48000,0.01557,0.98443
19.73000,0.48000,0.00898,0.99102
19.75000,0.48000,0.00744,0.99256
19.77000,0.48000,0.00460,0.99540
19.79000,0.48000,0.00734,0.99266
19.81000,0.48000,0.00780,0.99220
19.83000,0.48000,0.00451,0.99549
19.85000,0.48000,0.00509,0.99491
19.87000,0.48000,0.00516,0.99484
19.89000,0.48000,0.00249,0.99751
19.91000,0.48000,0.00832,0.99168
19.93000,0.48000,0.00281,0.99719
19.95000,0.48000,0.00890,0.99110
19.97000,0.48000,0.00139,0.99861
19.99000,0.48000,0.00874,0.99126
20.01000,0.48000,0.00311,0.99689
20.03000,0.48000,0.00478,0.99522
20.05000,0.48000,0.00307,0.99693
20.07000,0.48000,0.00371,0.99629
20.09000,0.48000,0.00322,0.99678
20.11000,0.48000,0.00289,0.99711
20.13000,0.48000,0.00137,0.99863
20.15000,0.48000,0.00589,0.99411
20.17000,0.48000,0.00355,0.99645
20.19000,0.48000,0.00237,0.99763
20.21000,0.48000,0.00228,0.99772
20.23000,0.48000,0.00353,0.99647
20.25000,0.48000,0.00186,0.99814
20.27000,0.48000,0.00169,0.99831
20.29000,0.48000,0.00345,0.99655
20.31000,0.48000,0.00177,0.99823
20.33000,0.48000,0.00113,0.99887
20.35000,0.48000,0.00150,0.99850
20.37000,0.48000,0.00195,0.99805
20.39000,0.48000,0.00080,0.99920
20.41000,0.48000,0.00142,0.99858
20.43000,0.48000,0.00075,0.99925
20.45000,0.48000,0.00074,0.99926
20.47000,0.48000,0.00126,0.99874
20.49000,0.48000,0.00233,0.99767
20.51000,0.48000,0.00078,0.99922
20.53000,0.48000,0.00117,0.99883
20.55000,0.48000,0.00068,0.99932
20.57000,0.48000,0.00512,0.99488
20.59000,0.48000,0.00051,0.99949
20.61000,0.48000,0.00303,0.99697
20.63000,0.48000,0.00057,0.99943
20.65000,0.48000,0.00310,0.99690
20.67000,0.48000,0.00126,0.99874
20.69000,0.48000,0.00188,0.99812
20.71000,0.48000,0.00164,0.99836
20.73000,0.48000,0.00230,0.99770
20.75000,0.48000,0.00197,0.99803
20.77000,0.48000,0.00155,0.99845
20.79000,0.48000,0.00674,0.99326
20.81000,0.48000,0.00333,0.99667
20.83000,0.48000,0.00379,0.99621
20.85000,0.48000,0.00339,0.99661
20.87000,0.48000,0.00355,0.99645
20.89000,0.48000,0.00230,0.99770
20.91000,0.48000,0.00332,0.99668
20.93000,0.48000,0.00365,0.99635
20.95000,0.48000,0.00721,0.99279
20.97000,0.48000,0.00608,0.99392
20.99000,0.48000,0.00843,0.99157
21.01000,0.48000,0.00444,0.99556
21.03000,0.48000,0.01844,0.98156
21.05000,0.48000,0.00628,0.99372
21.07000,0.48000,0.01020,0.98980
21.09000,0.48000,0.00960,0.99040
21.11000,0.48000,0.03142,0.96858
21.13000,0.48000,0.00332,0.99668
21.15000,0.48000,0.01580,0.98420
21.17000,0.48000,0.00253,0.99747
21.19000,0.48000,0.01602,0.98398
21.21000,0.48000,0.00203,0.99797
21.23000,0.48000,0.00288,0.99712
21.25000,0.48000,0.00166,0.99834
21.27000,0.48000,0.00378,0.99622
21.29000,0.48000,0.00451,0.99549
21.31000,0.48000,0.00200,0.99800
21.33000,0.48000,0.00187,0.99813
21.35000,0.48000,0.00134,0.99866
21.37000,0.48000,0.00387,0.99613
21.39000,0.48000,0.00075,0.99925
21.41000,0.48000,0.00302,0.99698
21.43000,0.48000,0.00056,0.99944
21.45000,0.48000,0.00116,0.99884
21.47000,0.48000,0.00080,0.99920
21.49000,0.48000,0.00178,0.99822
21.51000,0.48000,0.00067,0.99933
21.53000,0.48000,0.00288,0.99712
21.55000,0.48000,0.00075,0.99925
21.57000,0.48000,0.00190,0.99810
21.59000,0.48000,0.00046,0.99954
21.61000,0.48000,0.00217,0.99783
21.63000,0.48000,0.00072,0.99928
21.65000,0.48000,0.00357,0.99643
21.67000,0.48000,0.00224,0.99776
21.69000,0.48000,0.00297,0.99703
21.71000,0.48000,0.00172,0.99828
21.73000,0.48000,0.00207,0.99793
21.75000,0.48000,0.00302,0.99698
21.77000,0.48000,0.00856,0.99144
21.79000,0.48000,0.00121,0.99879
21.81000,0.48000,0.00325,0.99675
21.83000,0.48000,0.00233,0.99767
21.85000,0.48000,0.00170,0.99830
21.87000,0.48000,0.00098,0.99902
21.89000,0.48000,0.00055,0.99945
21.91000,0.48000,0.00231,0.99769
21.93000,0.48000,0.00153,0.99847
21.95000,0.48000,0.00800,0.99200
21.97000,0.48000,0.00212,0.99788
21.99000,0.48000,0.00244,0.99756
22.01000,0.48000,0.00624,0.99376
22.03000,0.48000,0.00468,0.99532
22.05000,0.48000,0.00308,0.99692
22.07000,0.48000,0.00865,0.99135
22.09000,0.48000,0.00937,0.99063
22.11000,0.48000,0.02201,0.97799
22.13000,0.48000,0.00572,0.99428
22.15000,0.48000,0.09901,0.90099
22.17000,0.48000,0.04166,0.95834
22.19000,0.48000,0.06267,0.93733
22.21000,0.48000,0.05030,0.94970
22.23000,0.48000,0.04815,0.95185
22.25000,0.48000,0.12981,0.87019
22.27000,0.48000,0.23414,0.76586
22.29000,0.48000,0.20567,0.79433
22.31000,0.48000,0.26355,0.73645
22.33000,0.48000,0.21356,0.78644
22.35000,0.48000,0.14238,0.85762
22.37000,0.48000,0.23998,0.76002
22.39000,0.48000,0.15063,0.84937
22.41000,0.48000,0.60643,0.39357
22.43000,0.48000,0.47172,0.52828
22.45000,0.48000,0.94599,0.05401
22.47000,0.48000,0.81791,0.18209
22.49000,0.48000,0.98984,0.01016
22.51000,0.48000,0.90389,0.09611
22.53000,0.48000,0.92551,0.07449
22.55000,0.48000,0.79875,0.20125
22.57000,0.48000,0.71343,0.28657
22.59000,0.48000,0.62434,0.37566
22.61000,0.48000,0.13988,0.86012
22.63000,0.48000,0.16597,0.83403
22.65000,0.48000,0.11017,0.88983
22.67000,0.48000,0.11383,0.88617
22.69000,0.48000,0.10813,0.89187
22.71000,0.48000,0.32483,0.67517
22.73000,0.48000,0.05894,0.94106
22.75000,0.48000,0.37612,0.62388
22.77000,0.48000,0.10258,0.89742
22.79000,0.48000,0.31125,0.68875
22.81000,0.48000,0.10995,0.89005
22.83000,0.48000,0.12094,0.87906
22.85000,0.48000,0.04219,0.95781
22.87000,0.48000,0.16361,0.83639
22.89000,0.48000,0.05464,0.94536
22.91000,0.48000,0.02492,0.97508
22.93000,0.48000,0.00339,0.99661
22.95000,0.48000,0.00809,0.99191
22.97000,0.48000,0.00239,0.99761
22.99000,0.48000,0.00955,0.99045
23.01000,0.48000,0.00184,0.99816
23.03000,0.48000,0.03423,0.96577
23.05000,0.48000,0.00670,0.99330
23.07000,0.48000,0.02883,0.97117
23.09000,0.48000,0.00621,0.99379
23.11000,0.48000,0.01041,0.98959
23.13000,0.48000,0.01103,0.98897
23.15000,0.48000,0.02429,0.97571
23.17000,0.48000,0.00526,0.99474
23.19000,0.48000,0.00228,0.99772
23.21000,0.48000,0.00037,0.99963
23.23000,0.48000,0.00045,0.99955
23.25000,0.48000,0.00009,0.99991
23.27000,0.48000,0.00019,0.99981
23.29000,0.48000,0.00008,0.99992
23.31000,0.48000,0.00082,0.99918
23.33000,0.48000,0.00030,0.99970
23.35000,0.48000,0.00037,0.99963
23.37000,0.48000,0.00022,0.99978
23.39000,0.48000,0.00067,0.99933
23.41000,0.48000,0.00106,0.99894
23.43000,0.48000,0.00210,0.99790
23.45000,0.48000,0.00108,0.99892
23.47000,0.48000,0.00024,0.99976
23.49000,0.48000,0.00132,0.99868
23.51000,0.48000,0.00033,0.99967
23.53000,0.48000,0.00010,0.99990
23.55000,0.48000,0.00040,0.99960
23.57000,0.48000,0.00019,0.99981
23.59000,0.48000,0.00015,0.99985
23.61000,0.48000,0.00027,0.99973
23.63000,0.48000,0.00020,0.99980
23.65000,0.48000,0.00029,0.99971
23.67000,0.48000,0.00020,0.99980
23.69000,0.48000,0.00043,0.99957
23.71000,0.48000,0.00012,0.99988
23.73000,0.48000,0.00027,0.99973
23.75000,0.48000,0.00036,0.99964
23.77000,0.48000,0.00022,0.99978
23.79000,0.48000,0.00043,0.99957
23.81000,0.48000,0.00016,0.99984
23.83000,0.48000,0.00090,0.99910
23.85000,0.48000,0.00050,0.99950
23.87000,0.48000,0.00064,0.99936
23.89000,0.48000,0.00112,0.99888
23.91000,0.48000,0.00131,0.99869
23.93000,0.48000,0.00008,0.99992
23.95000,0.48000,0.00029,0.99971
23.97000,0.48000,0.00079,0.99921
23.99000,0.48000,0.00084,0.99916
24.01000,0.48000,0.00032,0.99968
24.03000,0.48000,0.00044,0.99956
24.05000,0.48000,0.00029,0.99971
24.07000,0.48000,0.00067,0.99933
24.09000,0.48000,0.00010,0.99990
24.11000,0.48000,0.00021,0.99979
24.13000,0.48000,0.00011,0.99989
24.15000,0.48000,0.00066,0.99934
24.17000,0.48000,0.00021,0.99979
24.19000,0.48000,0.00043,0.99957
24.21000,0.48000,0.00018,0.99982
24.23000,0.48000,0.00099,0.99901
24.25000,0.48000,0.00037,0.99963
24.27000,0.48000,0.00152,0.99848
24.29000,0.48000,0.00099,0.99901
24.31000,0.48000,0.00276,0.99724
24.33000,0.48000,0.00154,0.99846
24.35000,0.48000,0.00494,0.99506
24.37000,0.48000,0.00153,0.99847
24.39000,0.48000,0.00641,0.99359
24.41000,0.48000,0.00277,0.99723
24.43000,0.48000,0.00295,0.99705
24.45000,0.48000,0.00097,0.99903
24.47000,0.48000,0.00198,0.99802
24.49000,0.48000,0.00093,0.99907
24.51000,0.48000,0.00446,0.99554
24.53000,0.48000,0.00068,0.99932
24.55000,0.48000,0.00232,0.99768
24.57000,0.48000,0.00136,0.99864
24.59000,0.48000,0.00115,0.99885
24.61000,0.48000,0.00044,0.99956
24.63000,0.48000,0.00059,0.99941
24.65000,0.48000,0.00039,0.99961
24.67000,0.48000,0.00053,0.99947
24.69000,0.48000,0.00009,0.99991
24.71000,0.48000,0.00009,0.99991
24.73000,0.48000,0.00004,0.99996
24.75000,0.48000,0.00002,0.99998
24.77000,0.48000,0.00018,0.99982
24.79000,0.48000,0.00017,0.99983
24.81000,0.48000,0.00015,0.99985
24.83000,0.48000,0.00016,0.99984
24.85000,0.48000,0.00008,0.99992
24.87000,0.48000,0.00018,0.99982
24.89000,0.48000,0.00022,0.99978
24.91000,0.48000,0.00010,0.99990
24.93000,0.48000,0.00378,0.99622
24.95000,0.48000,0.00087,0.99913
24.97000,0.48000,0.00183,0.99817
24.99000,0.48000,0.00013,0.99987
25.01000,0.48000,0.00008,0.99992
25.03000,0.48000,0.00084,0.99916
25.05000,0.48000,0.00169,0.99831
25.07000,0.48000,0.00130,0.99870
25.09000,0.48000,0.00643,0.99357
25.11000,0.48000,0.00292,0.99708
25.13000,0.48000,0.02296,0.97704
25.15000,0.48000,0.00267,0.99733
25.17000,0.48000,0.01047,0.98953
25.19000,0.48000,0.00311,0.99689
25.21000,0.48000,0.00823,0.99177
25.23000,0.48000,0.00392,0.99608
25.25000,0.48000,0.01907,0.98093
25.27000,0.48000,0.00436,0.99564
25.29000,0.48000,0.02181,0.97819
25.31000,0.48000,0.01167,0.98833
25.33000,0.48000,0.03536,0.96464
25.35000,0.48000,0.04943,0.95057
25.37000,0.48000,0.07600,0.92400
25.39000,0.48000,0.00868,0.99132
25.41000,0.48000,0.07178,0.92822
25.43000,0.48000,0.03561,0.96439
25.45000,0.48000,0.17361,0.82639
25.47000,0.48000,0.10069,0.89931
25.49000,0.48000,0.21946,0.78054
25.51000,0.48000,0.15192,0.84808
25.53000,0.48000,0.22917,0.77083
25.55000,0.48000,0.14972,0.85028
25.57000,0.48000,0.31760,0.68240
25.59000,0.48000,0.15243,0.84757
25.61000,0.48000,0.47988,0.52012
25.63000,0.48000,0.27685,0.72315
25.65000,0.48000,0.33247,0.66753
25.67000,0.48000,0.27878,0.72122
25.69000,0.48000,0.43826,0.56174
25.71000,0.48000,0.56491,0.43509
25.73000,0.48000,0.73182,0.26818
25.75000,0.48000,0.91045,0.08955
25.77000,0.48000,0.96831,0.03169
25.79000,0.48000,0.93556,0.06444
25.81000,0.48000,0.95769,0.04231
25.83000,0.48000,0.84431,0.15569
25.85000,0.48000,0.96785,0.03215
25.87000,0.48000,0.85447,0.14553
25.89000,0.48000,0.92336,0.07664
25.91000,0.48000,0.66044,0.33956
25.93000,0.48000,0.94172,0.05828
25.95000,0.48000,0.82312,0.17688
25.97000,0.48000,0.88333,0.11667
25.99000,0.48000,0.71643,0.28357
26.01000,0.48000,0.82220,0.17780
26.03000,0.48000,0.74570,0.25430
26.05000,0.48000,0.65045,0.34955
26.07000,0.48000,0.88137,0.11863
26.09000,0.48000,0.97544,0.02456
26.11000,0.48000,0.89747,0.10253
26.13000,0.48000,0.98285,0.01715
26.15000,0.48000,0.96912,0.03088
26.17000,0.48000,0.98532,0.01468
26.19000,0.48000,0.92365,0.07635
26.21000,0.48000,0.96770,0.03230
26.23000,0.48000,0.96198,0.03802
26.25000,0.48000,0.97879,0.02121
26.27000,0.48000,0.97942,0.02058
26.29000,0.48000,0.98944,0.01056
26.31000,0.48000,0.95420,0.04580
26.33000,0.48000,0.98862,0.01138
26.35000,0.48000,0.97409,0.02591
26.37000,0.48000,0.98807,0.01193
26.39000,0.48000,0.95768,0.04232
26.41000,0.48000,0.99349,0.00651
26.43000,0.48000,0.96458,0.03542
26.45000,0.48000,0.99248,0.00752
26.47000,0.48000,0.95939,0.04061
26.49000,0.48000,0.96649,0.03351
26.51000,0.48000,0.96370,0.03630
26.53000,0.48000,0.98203,0.01797
26.55000,0.48000,0.90937,0.09063
26.57000,0.48000,0.98970,0.01030
26.59000,0.48000,0.97176,0.02824
26.61000,0.48000,0.89210,0.10790
26.63000,0.48000,0.90371,0.09629
26.65000,0.48000,0.89335,0.10665
26.67000,0.48000,0.82472,0.17528
26.69000,0.48000,0.82879,0.17121
26.71000,0.48000,0.94513,0.05487
26.73000,0.48000,0.95186,0.04814
26.75000,0.48000,0.88750,0.11250
26.77000,0.48000,0.92154,0.07846
26.79000,0.48000,0.93740,0.06260
26.81000,0.48000,0.91041,0.08959
26.83000,0.48000,0.80823,0.19177
26.85000,0.48000,0.94215,0.05785
26.87000,0.48000,0.77846,0.22154
26.89000,0.48000,0.92815,0.07185
26.91000,0.48000,0.90998,0.09002
26.93000,0.48000,0.95574,0.04426
26.95000,0.48000,0.91515,0.08485
26.97000,0.48000,0.97528,0.02472
26.99000,0.48000,0.95650,0.04350
27.01000,0.48000,0.95954,0.04046
27.03000,0.48000,0.91608,0.08392
27.05000,0.48000,0.98026,0.01974
27.07000,0.48000,0.97473,0.02527
27.09000,0.48000,0.98890,0.01110
27.11000,0.48000,0.99438,0.00562
27.13000,0.48000,0.99590,0.00410
27.15000,0.48000,0.99683,0.00317
27.17000,0.48000,0.99354,0.00646
27.19000,0.48000,0.99526,0.00474
27.21000,0.48000,0.99453,0.00547
27.23000,0.48000,0.99747,0.00253
27.25000,0.48000,0.99600,0.00400
27.27000,0.48000,0.99486,0.00514
27.29000,0.48000,0.99712,0.00288
27.31000,0.48000,0.99595,0.00405
27.33000,0.48000,0.99632,0.00368
27.35000,0.48000,0.99588,0.00412
27.37000,0.48000,0.99627,0.00373
27.39000,0.48000,0.99734,0.00266
27.41000,0.48000,0.98746,0.01254
27.43000,0.48000,0.99599,0.00401
27.45000,0.48000,0.98653,0.01347
27.47000,0.48000,0.99400,0.00600
27.49000,0.48000,0.98892,0.01108
27.51000,0.48000,0.99481,0.00519
27.53000,0.48000,0.99752,0.00248
27.55000,0.48000,0.99259,0.00741
27.57000,0.48000,0.99525,0.00475
27.59000,0.48000,0.99495,0.00505
27.61000,0.48000,0.99481,0.00519
27.63000,0.48000,0.98709,0.01291
27.65000,0.48000,0.99147,0.00853
27.67000,0.48000,0.98048,0.01952
27.69000,0.48000,0.99411,0.00589
27.71000,0.48000,0.97741,0.02259
27.73000,0.48000,0.99473,0.00527
27.75000,0.48000,0.99618,0.00382
27.77000,0.48000,0.99741,0.00259
27.79000,0.48000,0.99179,0.00821
27.81000,0.48000,0.99076,0.00924
27.83000,0.48000,0.99126,0.00874
27.85000,0.48000,0.99491,0.00509
27.87000,0.48000,0.98476,0.01524
27.89000,0.48000,0.99396,0.00604
27.91000,0.48000,0.99744,0.00256
27.93000,0.48000,0.99799,0.00201
27.95000,0.48000,0.99248,0.00752
27.97000,0.48000,0.99671,0.00329
27.99000,0.48000,0.97626,0.02374
28.01000,0.48000,0.99648,0.00352
28.03000,0.48000,0.97745,0.02255
28.05000,0.48000,0.99511,0.00489
28.07000,0.48000,0.99718,0.00282
28.09000,0.48000,0.99627,0.00373
28.11000,0.48000,0.99014,0.00986
28.13000,0.48000,0.99640,0.00360
28.15000,0.48000,0.95870,0.04130
28.17000,0.48000,0.99430,0.00570
28.19000,0.48000,0.98018,0.01982
28.21000,0.48000,0.99583,0.00417
28.23000,0.48000,0.99105,0.00895
28.25000,0.48000,0.99200,0.00800
28.27000,0.48000,0.99106,0.00894
28.29000,0.48000,0.98760,0.01240
28.31000,0.48000,0.96653,0.03347
28.33000,0.48000,0.99552,0.00448
28.35000,0.48000,0.97030,0.02970
28.37000,0.48000,0.99403,0.00597
28.39000,0.48000,0.96988,0.03012
28.41000,0.48000,0.98406,0.01594
28.43000,0.48000,0.98203,0.01797
28.45000,0.48000,0.98717,0.01283
28.47000,0.48000,0.98094,0.01906
28.49000,0.48000,0.99737,0.00263
28.51000,0.48000,0.99350,0.00650
28.53000,0.48000,0.99379,0.00621
28.55000,0.48000,0.97764,0.02236
28.57000,0.48000,0.99150,0.00850
28.59000,0.48000,0.99022,0.00978
28.61000,0.48000,0.99355,0.00645
28.63000,0.48000,0.99409,0.00591
28.65000,0.48000,0.99737,0.00263
28.67000,0.48000,0.99661,0.00339
28.69000,0.48000,0.99753,0.00247
28.71000,0.48000,0.99475,0.00525
28.73000,0.48000,0.99418,0.00582
28.75000,0.48000,0.99721,0.00279
28.77000,0.48000,0.99769,0.00231
28.79000,0.48000,0.99321,0.00679
28.81000,0.48000,0.99640,0.00360
28.83000,0.48000,0.99089,0.00911
28.85000,0.48000,0.99632,0.00368
28.87000,0.48000,0.99499,0.00501
28.89000,0.48000,0.99710,0.00290
28.91000,0.48000,0.99728,0.00272
28.93000,0.48000,0.99039,0.00961
28.95000,0.48000,0.99573,0.00427
28.97000,0.48000,0.99439,0.00561
28.99000,0.48000,0.99032,0.00968
29.01000,0.48000,0.99658,0.00342
29.03000,0.48000,0.99522,0.00478
29.05000,0.48000,0.99603,0.00397
29.07000,0.48000,0.99668,0.00332
29.09000,0.48000,0.97567,0.02433
29.11000,0.48000,0.99253,0.00747
29.13000,0.48000,0.98426,0.01574
29.15000,0.48000,0.99212,0.00788
29.17000,0.48000,0.98338,0.01662
29.19000,0.48000,0.98660,0.01340
29.21000,0.48000,0.99111,0.00889
29.23000,0.48000,0.97884,0.02116
29.25000,0.48000,0.97850,0.02150
29.27000,0.48000,0.98930,0.01070
29.29000,0.48000,0.98047,0.01953
29.31000,0.48000,0.99027,0.00973
29.33000,0.48000,0.98945,0.01055
29.35000,0.48000,0.97839,0.02161
29.37000,0.48000,0.98710,0.01290
29.39000,0.48000,0.97761,0.02239
29.41000,0.48000,0.98061,0.01939
29.43000,0.48000,0.98969,0.01031
29.45000,0.48000,0.99598,0.00402
29.47000,0.48000,0.99004,0.00996
29.49000,0.48000,0.98991,0.01009
29.51000,0.48000,0.98033,0.01967
29.53000,0.48000,0.99307,0.00693
29.55000,0.48000,0.98650,0.01350
29.57000,0.48000,0.99607,0.00393
29.59000,0.48000,0.99402,0.00598
29.61000,0.48000,0.99863,0.00137
29.63000,0.48000,0.99364,0.00636
29.65000,0.48000,0.99888,0.00112
29.67000,0.48000,0.99558,0.00442
29.69000,0.48000,0.99745,0.00255
29.71000,0.48000,0.99775,0.00225
29.73000,0.48000,0.99889,0.00111
29.75000,0.48000,0.99113,0.00887
29.77000,0.48000,0.99730,0.00270
29.79000,0.48000,0.99241,0.00759
29.81000,0.48000,0.99706,0.00294
29.83000,0.48000,0.99412,0.00588
29.85000,0.48000,0.99684,0.00316
29.87000,0.48000,0.99791,0.00209
29.89000,0.48000,0.98937,0.01063
29.91000,0.48000,0.99469,0.00531
29.93000,0.48000,0.99406,0.00594
29.95000,0.48000,0.99375,0.00625
29.97000,0.48000,0.99661,0.00339
29.99000,0.48000,0.99360,0.00640
30.01000,0.48000,0.99516,0.00484
30.03000,0.48000,0.99552,0.00448
30.05000,0.48000,0.98283,0.01717
30.07000,0.48000,0.99538,0.00462
30.09000,0.48000,0.99251,0.00749
30.11000,0.48000,0.99708,0.00292
30.13000,0.48000,0.99332,0.00668
30.15000,0.48000,0.98628,0.01372
30.17000,0.48000,0.99218,0.00782
30.19000,0.48000,0.98665,0.01335
30.21000,0.48000,0.97829,0.02171
30.23000,0.48000,0.99454,0.00546
30.25000,0.48000,0.97835,0.02165
30.27000,0.48000,0.99420,0.00580
30.29000,0.48000,0.95362,0.04638
30.31000,0.48000,0.98631,0.01369
30.33000,0.48000,0.98578,0.01422
30.35000,0.48000,0.98711,0.01289
30.37000,0.48000,0.99364,0.00636
30.39000,0.48000,0.99463,0.00537
30.41000,0.48000,0.99505,0.00495
30.43000,0.48000,0.99338,0.00662
30.45000,0.48000,0.99244,0.00756
30.47000,0.48000,0.98367,0.01633
30.49000,0.48000,0.99615,0.00385
30.51000,0.48000,0.98920,0.01080
30.53000,0.48000,0.99323,0.00677
30.55000,0.48000,0.98174,0.01826
30.57000,0.48000,0.99061,0.00939
30.59000,0.48000,0.99001,0.00999
30.61000,0.48000,0.99351,0.00649
30.63000,0.48000,0.99518,0.00482
30.65000,0.48000,0.99568,0.00432
30.67000,0.48000,0.99531,0.00469
30.69000,0.48000,0.99769,0.00231
30.71000,0.48000,0.99589,0.00411
30.73000,0.48000,0.99328,0.00672
30.75000,0.48000,0.99682,0.00318
30.77000,0.48000,0.99699,0.00301
30.79000,0.48000,0.99130,0.00870
30.81000,0.48000,0.99660,0.00340
30.83000,0.48000,0.99007,0.00993
30.85000,0.48000,0.99665,0.00335
30.87000,0.48000,0.99461,0.00539
30.89000,0.48000,0.99672,0.00328
30.91000,0.48000,0.99656,0.00344
30.93000,0.48000,0.98785,0.01215
30.95000,0.48000,0.99464,0.00536
30.97000,0.48000,0.99256,0.00744
30.99000,0.48000,0.99121,0.00879
31.01000,0.48000,0.99621,0.00379
31.03000,0.48000,0.99461,0.00539
31.05000,0.48000,0.99531,0.00469
31.07000,0.48000,0.99661,0.00339
31.09000,0.48000,0.97945,0.02055
31.11000,0.48000,0.99461,0.00539
31.13000,0.48000,0.99004,0.00996
31.15000,0.48000,0.99594,0.00406
31.17000,0.48000,0.99137,0.00863
31.19000,0.48000,0.99134,0.00866
31.21000,0.48000,0.99446,0.00554
31.23000,0.48000,0.98555,0.01445
31.25000,0.48000,0.97645,0.02355
31.27000,0.48000,0.99491,0.00509
31.29000,0.48000,0.97394,0.02606
31.31000,0.48000,0.99466,0.00534
31.33000,0.48000,0.97452,0.02548
31.35000,0.48000,0.98806,0.01194
31.37000,0.48000,0.98147,0.01853
31.39000,0.48000,0.98809,0.01191
31.41000,0.48000,0.97673,0.02327
31.43000,0.48000,0.99336,0.00664
31.45000,0.48000,0.98991,0.01009
31.47000,0.48000,0.99344,0.00656
31.49000,0.48000,0.97365,0.02635
31.51000,0.48000,0.97105,0.02895
31.53000,0.48000,0.99900,0.00100
31.55000,0.48000,0.99966,0.00034
31.57000,0.48000,0.99109,0.00891
31.59000,0.48000,0.99403,0.00597
31.61000,0.48000,0.99816,0.00184
31.63000,0.48000,0.99892,0.00108
31.65000,0.48000,0.96646,0.03354
31.67000,0.48000,0.98825,0.01175
31.69000,0.48000,0.99793,0.00207
31.71000,0.48000,0.99887,0.00113
31.73000,0.48000,0.95469,0.04531
31.75000,0.48000,0.97949,0.02051
31.77000,0.48000,0.97878,0.02122
31.79000,0.48000,0.99354,0.00646
31.81000,0.48000,0.99477,0.00523
31.83000,0.48000,0.98817,0.01183
31.85000,0.48000,0.99910,0.00090
31.87000,0.48000,0.95163,0.04837
31.89000,0.48000,0.58372,0.41628
31.91000,0.48000,0.62325,0.37675
31.93000,0.48000,0.07769,0.92231
31.95000,0.48000,0.05795,0.94205
31.97000,0.48000,0.34566,0.65434
31.99000,0.48000,0.17208,0.82792
32.01000,0.48000,0.10798,0.89202
32.03000,0.48000,0.00852,0.99148
32.05000,0.48000,0.01112,0.98888
32.07000,0.48000,0.00759,0.99241
32.09000,0.48000,0.12790,0.87210
32.11000,0.48000,0.14297,0.85703
32.13000,0.48000,0.32783,0.67217
32.15000,0.48000,0.09079,0.90921
32.17000,0.48000,0.12706,0.87294
32.19000,0.48000,0.14921,0.85079
32.21000,0.48000,0.10522,0.89478
32.23000,0.48000,0.02159,0.97841
32.25000,0.48000,0.03992,0.96008
32.27000,0.48000,0.01122,0.98878
32.29000,0.48000,0.01807,0.98193
32.31000,0.48000,0.00125,0.99875
32.33000,0.48000,0.00959,0.99041
32.35000,0.48000,0.00064,0.99936
32.37000,0.48000,0.00743,0.99257
32.39000,0.48000,0.00065,0.99935
32.41000,0.48000,0.00548,0.99452
32.43000,0.48000,0.00203,0.99797
32.45000,0.48000,0.00973,0.99027
32.47000,0.48000,0.00132,0.99868
32.49000,0.48000,0.02668,0.97332
32.51000,0.48000,0.12349,0.87651
32.53000,0.48000,0.22997,0.77003
32.55000,0.48000,0.01338,0.98662
32.57000,0.48000,0.03968,0.96032
32.59000,0.48000,0.00328,0.99672
32.61000,0.48000,0.01192,0.98808
32.63000,0.48000,0.00096,0.99904
32.65000,0.48000,0.00340,0.99660
32.67000,0.48000,0.00128,0.99872
32.69000,0.48000,0.00291,0.99709
32.71000,0.48000,0.00200,0.99800
32.73000,0.48000,0.00275,0.99725
32.75000,0.48000,0.00240,0.99760
32.77000,0.48000,0.00141,0.99859
32.79000,0.48000,0.00073,0.99927
32.81000,0.48000,0.00042,0.99958
32.83000,0.48000,0.00041,0.99959
32.85000,0.48000,0.00047,0.99953
32.87000,0.48000,0.00071,0.99929
32.89000,0.48000,0.00051,0.99949
32.91000,0.48000,0.00692,0.99308
32.93000,0.48000,0.00136,0.99864
32.95000,0.48000,0.00335,0.99665
32.97000,0.48000,0.00057,0.99943
32.99000,0.48000,0.00077,0.99923
33.01000,0.48000,0.00060,0.99940
33.03000,0.48000,0.00084,0.99916
33.05000,0.48000,0.00064,0.99936
33.07000,0.48000,0.00373,0.99627
33.09000,0.48000,0.00101,0.99899
33.11000,0.48000,0.00487,0.99513
33.13000,0.48000,0.00444,0.99556
33.15000,0.48000,0.01073,0.98927
33.17000,0.48000,0.00281,0.99719
33.19000,0.48000,0.00643,0.99357
33.21000,0.48000,0.00255,0.99745
33.23000,0.48000,0.00871,0.99129
33.25000,0.48000,0.00277,0.99723
33.27000,0.48000,0.01942,0.98058
33.29000,0.48000,0.04157,0.95843
33.31000,0.48000,0.07895,0.92105
33.33000,0.48000,0.01018,0.98982
33.35000,0.48000,0.05577,0.94423
33.37000,0.48000,0.00336,0.99664
33.39000,0.48000,0.00503,0.99497
33.41000,0.48000,0.00758,0.99242
33.43000,0.48000,0.00531,0.99469
33.45000,0.48000,0.01381,0.98619
33.47000,0.48000,0.00537,0.99463
33.49000,0.48000,0.02345,0.97655
33.51000,0.48000,0.00873,0.99127
33.53000,0.48000,0.00775,0.99225
33.55000,0.48000,0.00347,0.99653
33.57000,0.48000,0.00921,0.99079
33.59000,0.48000,0.00418,0.99582
33.61000,0.48000,0.00891,0.99109
33.63000,0.48000,0.00732,0.99268
33.65000,0.48000,0.00438,0.99562
33.67000,0.48000,0.01253,0.98747
33.69000,0.48000,0.00557,0.99443
33.71000,0.48000,0.00380,0.99620
33.73000,0.48000,0.00279,0.99721
33.75000,0.48000,0.00270,0.99730
33.77000,0.48000,0.00491,0.99509
33.79000,0.48000,0.00197,0.99803
33.81000,0.48000,0.02738,0.97262
33.83000,0.48000,0.01045,0.98955
33.85000,0.48000,0.03997,0.96003
33.87000,0.48000,0.01682,0.98318
33.89000,0.48000,0.04973,0.95027
33.91000,0.48000,0.00263,0.99737
33.93000,0.48000,0.00619,0.99381
33.95000,0.48000,0.00175,0.99825
33.97000,0.48000,0.00549,0.99451
33.99000,0.48000,0.00263,0.99737
34.01000,0.48000,0.00554,0.99446
34.03000,0.48000,0.00600,0.99400
34.05000,0.48000,0.00251,0.99749
34.07000,0.48000,0.00113,0.99887
34.09000,0.48000,0.00240,0.99760
34.11000,0.48000,0.00329,0.99671
34.13000,0.48000,0.00168,0.99832
34.15000,0.48000,0.00165,0.99835
34.17000,0.48000,0.00159,0.99841
34.19000,0.48000,0.00823,0.99177
34.21000,0.48000,0.00721,0.99279
34.23000,0.48000,0.01766,0.98234
34.25000,0.48000,0.01008,0.98992
34.27000,0.48000,0.00911,0.99089
34.29000,0.48000,0.00456,0.99544
34.31000,0.48000,0.00564,0.99436
34.33000,0.48000,0.01167,0.98833
34.35000,0.48000,0.01671,0.98329
34.37000,0.48000,0.26515,0.73485
34.39000,0.48000,0.05017,0.94983
34.41000,0.48000,0.01057,0.98943
34.43000,0.48000,0.00659,0.99341
34.45000,0.48000,0.00394,0.99606
34.47000,0.48000,0.00385,0.99615
34.49000,0.48000,0.00189,0.99811
34.51000,0.48000,0.00419,0.99581
34.53000,0.48000,0.00547,0.99453
34.55000,0.48000,0.00237,0.99763
34.57000,0.48000,0.00944,0.99056
34.59000,0.48000,0.00629,0.99371
34.61000,0.48000,0.03237,0.96763
34.63000,0.48000,0.00637,0.99363
34.65000,0.48000,0.01134,0.98866
34.67000,0.48000,0.01608,0.98392
34.69000,0.48000,0.01642,0.98358
34.71000,0.48000,0.00844,0.99156
34.73000,0.48000,0.02721,0.97279
34.75000,0.48000,0.06501,0.93499
34.77000,0.48000,0.01635,0.98365
34.79000,0.48000,0.00283,0.99717
34.81000,0.48000,0.00244,0.99756
34.83000,0.48000,0.00107,0.99893
34.85000,0.48000,0.00531,0.99469
34.87000,0.48000,0.00403,0.99597
34.89000,0.48000,0.01747,0.98253
34.91000,0.48000,0.01763,0.98237
34.93000,0.48000,0.04230,0.95770
34.95000,0.48000,0.02462,0.97538
34.97000,0.48000,0.01990,0.98010
34.99000,0.48000,0.01181,0.98819
35.01000,0.48000,0.01984,0.98016
35.03000,0.48000,0.02105,0.97895
35.05000,0.48000,0.03113,0.96887
35.07000,0.48000,0.12566,0.87434
35.09000,0.48000,0.02126,0.97874
35.11000,0.48000,0.01820,0.98180
35.13000,0.48000,0.03453,0.96547
35.15000,0.48000,0.02254,0.97746
35.17000,0.48000,0.00698,0.99302
35.19000,0.48000,0.00195,0.99805
35.21000,0.48000,0.01352,0.98648
35.23000,0.48000,0.01696,0.98304
35.25000,0.48000,0.04675,0.95325
35.27000,0.48000,0.01103,0.98897
35.29000,0.48000,0.04403,0.95597
35.31000,0.48000,0.00672,0.99328
35.33000,0.48000,0.00214,0.99786
35.35000,0.48000,0.00116,0.99884
35.37000,0.48000,0.00196,0.99804
35.39000,0.48000,0.00445,0.99555
35.41000,0.48000,0.00206,0.99794
35.43000,0.48000,0.00160,0.99840
35.45000,0.48000,0.00974,0.99026
35.47000,0.48000,0.00175,0.99825
35.49000,0.48000,0.00262,0.99738
35.51000,0.48000,0.00124,0.99876
35.53000,0.48000,0.00184,0.99816
35.55000,0.48000,0.00121,0.99879
35.57000,0.48000,0.00086,0.99914
35.59000,0.48000,0.00081,0.99919
35.61000,0.48000,0.00203,0.99797
35.63000,0.48000,0.00143,0.99857
35.65000,0.48000,0.00040,0.99960
35.67000,0.48000,0.00142,0.99858
35.69000,0.48000,0.00251,0.99749
35.71000,0.48000,0.00326,0.99674
35.73000,0.48000,0.00094,0.99906
35.75000,0.48000,0.00183,0.99817
35.77000,0.48000,0.00284,0.99716
35.79000,0.48000,0.00158,0.99842
35.81000,0.48000,0.00070,0.99930
35.83000,0.48000,0.00145,0.99855
35.85000,0.48000,0.00165,0.99835
35.87000,0.48000,0.00278,0.99722
35.89000,0.48000,0.00037,0.99963
35.91000,0.48000,0.00406,0.99594
35.93000,0.48000,0.00100,0.99900
35.95000,0.48000,0.00456,0.99544
35.97000,0.48000,0.00055,0.99945
35.99000,0.48000,0.00334,0.99666
36.01000,0.48000,0.00111,0.99889
36.03000,0.48000,0.00481,0.99519
36.05000,0.48000,0.00119,0.99881
36.07000,0.48000,0.00385,0.99615
36.09000,0.48000,0.00116,0.99884
36.11000,0.48000,0.00324,0.99676
36.13000,0.48000,0.00228,0.99772
36.15000,0.48000,0.01092,0.98908
36.17000,0.48000,0.00374,0.99626
36.19000,0.48000,0.02496,0.97504
36.21000,0.48000,0.00658,0.99342
36.23000,0.48000,0.00755,0.99245
36.25000,0.48000,0.00363,0.99637
36.27000,0.48000,0.00612,0.99388
36.29000,0.48000,0.00330,0.99670
36.31000,0.48000,0.00404,0.99596
36.33000,0.48000,0.00147,0.99853
36.35000,0.48000,0.00501,0.99499
36.37000,0.48000,0.00085,0.99915
36.39000,0.48000,0.00834,0.99166
36.41000,0.48000,0.00054,0.99946
36.43000,0.48000,0.00116,0.99884
36.45000,0.48000,0.00033,0.99967
36.47000,0.48000,0.00018,0.99982
36.49000,0.48000,0.00037,0.99963
36.51000,0.48000,0.00035,0.99965
36.53000,0.48000,0.00024,0.99976
36.55000,0.48000,0.00036,0.99964
36.57000,0.48000,0.00034,0.99966
36.59000,0.48000,0.00081,0.99919
36.61000,0.48000,0.00045,0.99955
36.63000,0.48000,0.00044,0.99956
36.65000,0.48000,0.00089,0.99911
36.67000,0.48000,0.00249,0.99751
36.69000,0.48000,0.00078,0.99922
36.71000,0.48000,0.00044,0.99956
36.73000,0.48000,0.00078,0.99922
36.75000,0.48000,0.00053,0.99947
36.77000,0.48000,0.00382,0.99618
36.79000,0.48000,0.00072,0.99928
36.81000,0.48000,0.00366,0.99634
36.83000,0.48000,0.00223,0.99777
36.85000,0.48000,0.00613,0.99387
36.87000,0.48000,0.00451,0.99549
36.89000,0.48000,0.00229,0.99771
36.91000,0.48000,0.00216,0.99784
36.93000,0.48000,0.00245,0.99755
36.95000,0.48000,0.00192,0.99808
36.97000,0.48000,0.00262,0.99738
36.99000,0.48000,0.00265,0.99735
37.01000,0.48000,0.00356,0.99644
37.03000,0.48000,0.00248,0.99752
37.05000,0.48000,0.00219,0.99781
37.07000,0.48000,0.00413,0.99587
37.09000,0.48000,0.00230,0.99770
37.11000,0.48000,0.00400,0.99600
37.13000,0.48000,0.00169,0.99831
37.15000,0.48000,0.00743,0.99257
37.17000,0.48000,0.00304,0.99696
37.19000,0.48000,0.02216,0.97784
37.21000,0.48000,0.00169,0.99831
37.23000,0.48000,0.01237,0.98763
37.25000,0.48000,0.01117,0.98883
37.27000,0.48000,0.01697,0.98303
37.29000,0.48000,0.00303,0.99697
37.31000,0.48000,0.00949,0.99051
37.33000,0.48000,0.00407,0.99593
37.35000,0.48000,0.01654,0.98346
37.37000,0.48000,0.00454,0.99546
37.39000,0.48000,0.00950,0.99050
37.41000,0.48000,0.00747,0.99253
37.43000,0.48000,0.01520,0.98480
37.45000,0.48000,0.00480,0.99520
37.47000,0.48000,0.00831,0.99169
37.49000,0.48000,0.00631,0.99369
37.51000,0.48000,0.02587,0.97413
37.53000,0.48000,0.01137,0.98863
37.55000,0.48000,0.00158,0.99842
37.57000,0.48000,0.00425,0.99575
37.59000,0.48000,0.00255,0.99745
37.61000,0.48000,0.00624,0.99376
37.63000,0.48000,0.00081,0.99919
37.65000,0.48000,0.00336,0.99664
37.67000,0.48000,0.00084,0.99916
37.69000,0.48000,0.00303,0.99697
37.71000,0.48000,0.00051,0.99949
37.73000,0.48000,0.00369,0.99631
37.75000,0.48000,0.00143,0.99857
37.77000,0.48000,0.00386,0.99614
37.79000,0.48000,0.00143,0.99857
37.81000,0.48000,0.00916,0.99084
37.83000,0.48000,0.00058,0.99942
37.85000,0.48000,0.00559,0.99441
37.87000,0.48000,0.00262,0.99738
37.89000,0.48000,0.00884,0.99116
37.91000,0.48000,0.00162,0.99838
37.93000,0.48000,0.00769,0.99231
37.95000,0.48000,0.00525,0.99475
37.97000,0.48000,0.00390,0.99610
37.99000,0.48000,0.00379,0.99621
38.01000,0.48000,0.00179,0.99821
38.03000,0.48000,0.00548,0.99452
38.05000,0.48000,0.00560,0.99440
38.07000,0.48000,0.01104,0.98896
38.09000,0.48000,0.00210,0.99790
38.11000,0.48000,0.00302,0.99698
38.13000,0.48000,0.00362,0.99638
38.15000,0.48000,0.00262,0.99738
38.17000,0.48000,0.00542,0.99458
38.19000,0.48000,0.01331,0.98669
38.21000,0.48000,0.00313,0.99687
38.23000,0.48000,0.00255,0.99745
38.25000,0.48000,0.00222,0.99778
38.27000,0.48000,0.00340,0.99660
38.29000,0.48000,0.00060,0.99940
38.31000,0.48000,0.00151,0.99849
38.33000,0.48000,0.00072,0.99928
38.35000,0.48000,0.00092,0.99908
38.37000,0.48000,0.00053,0.99947
38.39000,0.48000,0.00062,0.99938
38.41000,0.48000,0.00099,0.99901
38.43000,0.48000,0.00062,0.99938
38.45000,0.48000,0.00050,0.99950
38.47000,0.48000,0.00135,0.99865
38.49000,0.48000,0.00045,0.99955
38.51000,0.48000,0.00208,0.99792
38.53000,0.48000,0.00058,0.99942
38.55000,0.48000,0.00149,0.99851
38.57000,0.48000,0.00115,0.99885
38.59000,0.48000,0.00122,0.99878
38.61000,0.48000,0.00181,0.99819
38.63000,0.48000,0.00109,0.99891
38.65000,0.48000,0.00174,0.99826
38.67000,0.48000,0.00199,0.99801
38.69000,0.48000,0.00167,0.99833
38.71000,0.48000,0.00222,0.99778
38.73000,0.48000,0.00326,0.99674
38.75000,0.48000,0.00280,0.99720
38.77000,0.48000,0.00332,0.99668
38.79000,0.48000,0.00442,0.99558
38.81000,0.48000,0.00340,0.99660
38.83000,0.48000,0.00229,0.99771
38.85000,0.48000,0.00123,0.99877
38.87000,0.48000,0.00143,0.99857
38.89000,0.48000,0.00212,0.99788
38.91000,0.48000,0.00200,0.99800
38.93000,0.48000,0.00128,0.99872
38.95000,0.48000,0.00096,0.99904
38.97000,0.48000,0.00298,0.99702
38.99000,0.48000,0.00115,0.99885
39.01000,0.48000,0.00276,0.99724
39.03000,0.48000,0.00114,0.99885
39.05000,0.48000,0.00193,0.99807
39.07000,0.48000,0.00104,0.99896
39.09000,0.48000,0.00116,0.99884
39.11000,0.48000,0.00100,0.99900
39.13000,0.48000,0.00073,0.99927
39.15000,0.48000,0.00094,0.99906
39.17000,0.48000,0.00194,0.99806
39.19000,0.48000,0.00078,0.99922
39.21000,0.48000,0.00212,0.99788
39.23000,0.48000,0.00158,0.99842
39.25000,0.48000,0.00470,0.99530
39.27000,0.48000,0.00295,0.99705
39.29000,0.48000,0.00693,0.99307
39.31000,0.48000,0.00331,0.99669
39.33000,0.48000,0.00882,0.99118
39.35000,0.48000,0.00452,0.99548
39.37000,0.48000,0.00996,0.99004
39.39000,0.48000,0.00900,0.99100
39.41000,0.48000,0.01467,0.98533
39.43000,0.48000,0.00567,0.99433
39.45000,0.48000,0.01190,0.98810
39.47000,0.48000,0.01459,0.98541
39.49000,0.48000,0.01983,0.98017
39.51000,0.48000,0.00743,0.99257
39.53000,0.48000,0.01611,0.98389
39.55000,0.48000,0.01292,0.98708
39.57000,0.48000,0.00688,0.99312
39.59000,0.48000,0.00914,0.99086
39.61000,0.48000,0.00641,0.99359
39.63000,0.48000,0.01842,0.98158
39.65000,0.48000,0.00161,0.99839
39.67000,0.48000,0.00402,0.99598
39.69000,0.48000,0.00034,0.99966
39.71000,0.48000,0.00163,0.99837
39.73000,0.48000,0.00042,0.99958
39.75000,0.48000,0.00148,0.99852
39.77000,0.48000,0.00070,0.99930
39.79000,0.48000,0.00123,0.99877
39.81000,0.48000,0.00127,0.99873
39.83000,0.48000,0.03891,0.96109
39.85000,0.48000,0.00568,0.99432
39.87000,0.48000,0.01519,0.98481
39.89000,0.48000,0.00908,0.99092
39.91000,0.48000,0.00849,0.99151
39.93000,0.48000,0.00149,0.99851
39.95000,0.48000,0.00110,0.99890
39.97000,0.48000,0.00077,0.99923
39.99000,0.48000,0.00069,0.99931
40.01000,0.48000,0.00178,0.99822
40.03000,0.48000,0.00063,0.99937
40.05000,0.48000,0.00326,0.99674
40.07000,0.48000,0.00075,0.99925
40.09000,0.48000,0.00918,0.99082
40.11000,0.48000,0.00070,0.99930
40.13000,0.48000,0.00903,0.99097
40.15000,0.48000,0.00071,0.99929
40.17000,0.48000,0.00872,0.99128
40.19000,0.48000,0.00080,0.99920
40.21000,0.48000,0.00717,0.99283
40.23000,0.48000,0.00058,0.99942
40.25000,0.48000,0.00921,0.99079
40.27000,0.48000,0.00106,0.99894
40.29000,0.48000,0.00850,0.99150
40.31000,0.48000,0.00104,0.99896
40.33000,0.48000,0.00813,0.99187
40.35000,0.48000,0.00223,0.99777
40.37000,0.48000,0.01541,0.98459
40.39000,0.48000,0.00108,0.99892
40.41000,0.48000,0.00327,0.99673
40.43000,0.48000,0.00273,0.99727
40.45000,0.48000,0.00279,0.99721
40.47000,0.48000,0.00199,0.99801
40.49000,0.48000,0.00154,0.99846
40.51000,0.48000,0.00384,0.99616
40.53000,0.48000,0.00266,0.99734
40.55000,0.48000,0.00248,0.99752
40.57000,0.48000,0.00310,0.99690
40.59000,0.48000,0.00317,0.99683
40.61000,0.48000,0.00482,0.99518
40.63000,0.48000,0.00348,0.99652
40.65000,0.48000,0.00205,0.99795
40.67000,0.48000,0.00403,0.99597
40.69000,0.48000,0.00337,0.99663
40.71000,0.48000,0.00437,0.99563
40.73000,0.48000,0.00333,0.99667
40.75000,0.48000,0.00669,0.99331
40.77000,0.48000,0.00838,0.99162
40.79000,0.48000,0.00729,0.99271
40.81000,0.48000,0.00264,0.99736
40.83000,0.48000,0.00446,0.99554
40.85000,0.48000,0.00490,0.99510
40.87000,0.48000,0.00310,0.99690
40.89000,0.48000,0.00341,0.99659
40.91000,0.48000,0.00507,0.99493
40.93000,0.48000,0.00410,0.99590
40.95000,0.48000,0.00384,0.99616
40.97000,0.48000,0.00390,0.99610
40.99000,0.48000,0.00397,0.99603
41.01000,0.48000,0.00306,0.99694
41.03000,0.48000,0.00339,0.99661
41.05000,0.48000,0.00357,0.99643
41.07000,0.48000,0.00286,0.99714
41.09000,0.48000,0.00400,0.99600
41.11000,0.48000,0.00204,0.99796
41.13000,0.48000,0.00404,0.99596
41.15000,0.48000,0.00241,0.99759
41.17000,0.48000,0.00461,0.99539
41.19000,0.48000,0.00453,0.99547
41.21000,0.48000,0.00613,0.99387
41.23000,0.48000,0.00499,0.99501
41.25000,0.48000,0.00578,0.99422
41.27000,0.48000,0.00296,0.99704
41.29000,0.48000,0.00929,0.99071
41.31000,0.48000,0.00496,0.99504
41.33000,0.48000,0.00608,0.99392
41.35000,0.48000,0.00145,0.99855
41.37000,0.48000,0.00497,0.99503
41.39000,0.48000,0.00172,0.99828
41.41000,0.48000,0.00447,0.99553
41.43000,0.48000,0.00138,0.99862
41.45000,0.48000,0.00603,0.99397
41.47000,0.48000,0.00228,0.99772
41.49000,0.48000,0.00553,0.99447
41.51000,0.48000,0.00331,0.99669
41.53000,0.48000,0.00636,0.99364
41.55000,0.48000,0.00916,0.99084
41.57000,0.48000,0.01293,0.98707
41.59000,0.48000,0.02424,0.97576
41.61000,0.48000,0.06083,0.93917
41.63000,0.48000,0.06165,0.93835
41.65000,0.48000,0.10892,0.89108
41.67000,0.48000,0.14648,0.85352
41.69000,0.48000,0.18053,0.81947
41.71000,0.48000,0.19615,0.80386
41.73000,0.48000,0.20672,0.79328
41.75000,0.48000,0.35567,0.64433
41.77000,0.48000,0.60130,0.39870
41.79000,0.48000,0.37306,0.62694
41.81000,0.48000,0.78494,0.21506
41.83000,0.48000,0.34088,0.65912
41.85000,0.48000,0.46376,0.53624
41.87000,0.48000,0.45728,0.54272
41.89000,0.48000,0.46433,0.53567
41.91000,0.48000,0.52531,0.47469
41.93000,0.48000,0.99097,0.00903
41.95000,0.48000,0.97615,0.02385
41.97000,0.48000,0.98273,0.01727
41.99000,0.48000,0.97526,0.02474
42.01000,0.48000,0.99203,0.00797
42.03000,0.48000,0.92829,0.07171
42.05000,0.48000,0.98193,0.01807
42.07000,0.48000,0.90531,0.09469
42.09000,0.48000,0.98455,0.01545
42.11000,0.48000,0.86577,0.13423
42.13000,0.48000,0.96930,0.03070
42.15000,0.48000,0.83263,0.16737
42.17000,0.48000,0.96157,0.03843
42.19000,0.48000,0.84737,0.15263
42.21000,0.48000,0.96008,0.03992
42.23000,0.48000,0.77252,0.22748
42.25000,0.48000,0.89943,0.10057
42.27000,0.48000,0.83008,0.16992
42.29000,0.48000,0.94449,0.05551
42.31000,0.48000,0.93366,0.06634
42.33000,0.48000,0.98855,0.01145
42.35000,0.48000,0.96127,0.03873
42.37000,0.48000,0.95661,0.04339
42.39000,0.48000,0.94703,0.05297
42.41000,0.48000,0.94407,0.05593
42.43000,0.48000,0.95663,0.04337
42.45000,0.48000,0.97017,0.02983
42.47000,0.48000,0.97127,0.02873
42.49000,0.48000,0.98769,0.01231
42.51000,0.48000,0.98868,0.01132
42.53000,0.48000,0.99164,0.00836
42.55000,0.48000,0.99109,0.00891
42.57000,0.48000,0.98540,0.01460
42.59000,0.48000,0.99601,0.00399
42.61000,0.48000,0.96659,0.03341
42.63000,0.48000,0.98767,0.01233
42.65000,0.48000,0.98855,0.01145
42.67000,0.48000,0.96563,0.03437
42.69000,0.48000,0.97405,0.02595
42.71000,0.48000,0.97691,0.02309
42.73000,0.48000,0.95809,0.04191
42.75000,0.48000,0.99179,0.00821
42.77000,0.48000,0.98425,0.01575
42.79000,0.48000,0.95912,0.04088
42.81000,0.48000,0.98957,0.01043
42.83000,0.48000,0.95926,0.04074
42.85000,0.48000,0.99076,0.00924
42.87000,0.48000,0.97706,0.02294
42.89000,0.48000,0.99195,0.00805
42.91000,0.48000,0.98359,0.01641
42.93000,0.48000,0.98232,0.01768
42.95000,0.48000,0.97617,0.02383
42.97000,0.48000,0.93322,0.06678
42.99000,0.48000,0.93438,0.06562
43.01000,0.48000,0.89190,0.10810
43.03000,0.48000,0.89450,0.10550
43.05000,0.48000,0.91446,0.08554
43.07000,0.48000,0.92664,0.07336
43.09000,0.48000,0.89900,0.10100
43.11000,0.48000,0.97613,0.02387
43.13000,0.48000,0.86313,0.13687
43.15000,0.48000,0.95411,0.04589
43.17000,0.48000,0.96170,0.03830
43.19000,0.48000,0.97581,0.02419
43.21000,0.48000,0.95079,0.04921
43.23000,0.48000,0.95624,0.04376
43.25000,0.48000,0.83026,0.16974
43.27000,0.48000,0.96624,0.03376
43.29000,0.48000,0.88184,0.11816
43.31000,0.48000,0.94080,0.05920
43.33000,0.48000,0.90695,0.09305
43.35000,0.48000,0.88698,0.11302
43.37000,0.48000,0.93731,0.06269
43.39000,0.48000,0.96159,0.03841
43.41000,0.48000,0.98119,0.01881
43.43000,0.48000,0.97709,0.02291
43.45000,0.48000,0.98767,0.01233
43.47000,0.48000,0.98648,0.01352
43.49000,0.48000,0.97932,0.02068
43.51000,0.48000,0.98563,0.01437
43.53000,0.48000,0.99024,0.00976
43.55000,0.48000,0.99280,0.00720
43.57000,0.48000,0.99205,0.00795
43.59000,0.48000,0.99722,0.00278
43.61000,0.48000,0.99364,0.00636
43.63000,0.48000,0.99671,0.00329
43.65000,0.48000,0.98948,0.01052
43.67000,0.48000,0.99677,0.00323
43.69000,0.48000,0.98639,0.01361
43.71000,0.48000,0.99238,0.00762
43.73000,0.48000,0.98808,0.01192
43.75000,0.48000,0.99704,0.00296
43.77000,0.48000,0.99149,0.00851
43.79000,0.48000,0.99616,0.00384
43.81000,0.48000,0.99682,0.00318
43.83000,0.48000,0.99876,0.00124
43.85000,0.48000,0.99624,0.00376
43.87000,0.48000,0.99794,0.00206
43.89000,0.48000,0.98781,0.01219
43.91000,0.48000,0.99790,0.00210
43.93000,0.48000,0.99074,0.00926
43.95000,0.48000,0.99625,0.00375
43.97000,0.48000,0.99772,0.00228
43.99000,0.48000,0.99770,0.00230
44.01000,0.48000,0.99666,0.00334
