# Time (seconds),f0
0.0078125,953.764892578125
0.0234375,953.7208251953125
0.0390625,953.7113037109375
0.0546875,953.7315673828125
0.0703125,953.7127685546875
0.0859375,953.7271118164062
0.1015625,953.7337036132812
0.1171875,953.7573852539062
0.1328125,953.7788696289062
0.1484375,953.7957763671875
0.1640625,953.7794799804688
0.1796875,953.7848510742188
0.1953125,953.7889404296875
0.2109375,953.80224609375
0.2265625,953.8011474609375
0.2421875,953.7991333007812
0.2578125,953.8223876953125
0.2734375,953.7835693359375
0.2890625,953.8046875
0.3046875,953.7864379882812
0.3203125,953.8145141601562
0.3359375,953.8148803710938
0.3515625,953.8175659179688
0.3671875,953.8148803710938
0.3828125,953.8365478515625
0.3984375,953.8364868164062
0.4140625,953.8556518554688
0.4296875,953.8613891601562
0.4453125,953.895751953125
0.4609375,953.9110717773438
0.4765625,953.9533081054688
0.4921875,953.9569091796875
0.5078125,953.9539794921875
0.5234375,953.9900512695312
0.5390625,953.9375
0.5546875,953.9846801757812
0.5703125,953.9400634765625
0.5859375,953.9595947265625
0.6015625,953.9601440429688
0.6171875,953.97021484375
0.6328125,953.9196166992188
0.6484375,953.9935913085938
0.6640625,953.9917602539062
0.6796875,953.9338989257812
0.6953125,953.9735717773438
0.7109375,953.9454956054688
0.7265625,954.0029296875
0.7421875,953.9451904296875
0.7578125,954.07177734375
0.7734375,954.0025634765625
0.7890625,953.9680786132812
0.8046875,954.0942993164062
0.8203125,954.0358276367188
0.8359375,954.0577392578125
0.8515625,954.0260620117188
0.8671875,953.952880859375
0.8828125,953.9093017578125
0.8984375,954.0062866210938
0.9140625,954.0422973632812
0.9296875,954.0009765625
0.9453125,953.8772583007812
0.9609375,953.9570922851562
0.9765625,953.9204711914062
0.9921875,953.9144287109375
1.0078125,953.8909912109375
1.0234375,953.89208984375
1.0390625,953.86083984375
1.0546875,953.9724731445312
1.0703125,954.0281982421875
1.0859375,953.9028930664062
1.1015625,953.8983154296875
1.1171875,953.9483642578125
1.1328125,953.964111328125
1.1484375,954.0250854492188
1.1640625,953.9002075195312
1.1796875,953.8717041015625
1.1953125,954.0137939453125
1.2109375,953.9208374023438
1.2265625,953.8905029296875
1.2421875,953.8905029296875
1.2578125,953.884765625
1.2734375,953.9551391601562
1.2890625,953.9694213867188
1.3046875,953.8983154296875
1.3203125,953.9130249023438
1.3359375,953.9750366210938
1.3515625,953.9450073242188
1.3671875,953.8965454101562
1.3828125,954.0294799804688
1.3984375,954.046630859375
1.4140625,953.9627685546875
1.4296875,954.0376586914062
1.4453125,953.9489135742188
1.4609375,953.954833984375
1.4765625,953.9959106445312
1.4921875,953.9182739257812
1.5078125,953.9822998046875
1.5234375,953.9398193359375
1.5390625,953.9027099609375
1.5546875,953.972412109375
1.5703125,953.8743286132812
1.5859375,953.9071044921875
1.6015625,953.9249877929688
1.6171875,953.9154663085938
1.6328125,953.9102783203125
1.6484375,953.8832397460938
1.6640625,953.9205932617188
1.6796875,953.8983154296875
1.6953125,953.9276123046875
1.7109375,953.9501342773438
1.7265625,953.9688720703125
1.7421875,953.9549560546875
1.7578125,953.9322509765625
1.7734375,953.9119262695312
1.7890625,953.9276123046875
1.8046875,953.950927734375
1.8203125,953.9214477539062
1.8359375,953.9077758789062
1.8515625,953.9457397460938
1.8671875,953.948974609375
1.8828125,953.8960571289062
1.8984375,953.8990478515625
1.9140625,953.872314453125
1.9296875,953.8604736328125
1.9453125,953.8768310546875
1.9609375,953.850830078125
1.9765625,953.8419189453125
1.9921875,953.841064453125
2.0078125,953.8656616210938
2.0234375,953.8496704101562
2.0390625,953.8441772460938
2.0546875,953.833984375
2.0703125,953.8359985351562
2.0859375,953.8447265625
2.1015625,953.8427124023438
2.1171875,953.8429565429688
2.1328125,953.8460693359375
2.1484375,953.8338623046875
2.1640625,953.8510131835938
2.1796875,953.8385620117188
2.1953125,953.8209228515625
2.2109375,953.8414916992188
2.2265625,953.8309326171875
2.2421875,953.8451538085938
2.2578125,953.8344116210938
2.2734375,953.8349609375
2.2890625,953.8370361328125
2.3046875,953.8521728515625
2.3203125,953.8487548828125
2.3359375,953.830810546875
2.3515625,953.8370361328125
2.3671875,953.863037109375
2.3828125,953.8602905273438
2.3984375,953.8451538085938
2.4140625,953.8402099609375
2.4296875,953.8265991210938
2.4453125,953.844482421875
2.4609375,953.8709106445312
2.4765625,953.8487548828125
2.4921875,953.8423461914062
2.5078125,953.8452758789062
2.5234375,953.8546142578125
2.5390625,953.8555297851562
2.5546875,953.8560180664062
2.5703125,953.8635864257812
2.5859375,953.8434448242188
2.6015625,953.8424682617188
2.6171875,953.8591918945312
2.6328125,953.8662109375
2.6484375,953.8558349609375
2.6640625,953.8380126953125
2.6796875,953.8505249023438
2.6953125,953.8491821289062
2.7109375,953.8701171875
2.7265625,953.8468627929688
2.7421875,953.83544921875
2.7578125,953.8496704101562
2.7734375,953.8490600585938
2.7890625,953.8661499023438
2.8046875,953.8494262695312
2.8203125,953.850341796875
2.8359375,953.8572998046875
2.8515625,953.861083984375
2.8671875,953.8410034179688
2.8828125,953.8418579101562
2.8984375,953.8433227539062
2.9140625,953.856689453125
2.9296875,953.8497924804688
2.9453125,953.852294921875
2.9609375,953.8594970703125
2.9765625,953.8612060546875
2.9921875,953.853271484375
3.0078125,953.8665161132812
3.0234375,953.8663940429688
3.0390625,953.8544311523438
3.0546875,953.8563232421875
3.0703125,953.8546752929688
3.0859375,953.8704223632812
3.1015625,953.8617553710938
3.1171875,953.8582763671875
3.1328125,953.859130859375
3.1484375,953.8555297851562
3.1640625,953.85107421875
3.1796875,953.8642578125
3.1953125,953.8635864257812
3.2109375,953.862548828125
3.2265625,953.8524169921875
3.2421875,953.857177734375
3.2578125,953.8466796875
3.2734375,953.867919921875
3.2890625,953.861083984375
3.3046875,953.8606567382812
3.3203125,953.8517456054688
3.3359375,953.8646850585938
3.3515625,953.8748779296875
3.3671875,953.8650512695312
3.3828125,953.8896484375
3.3984375,953.8883666992188
3.4140625,953.8826904296875
3.4296875,953.9104614257812
3.4453125,953.884765625
3.4609375,953.8735961914062
3.4765625,953.9129638671875
3.4921875,953.9072265625
3.5078125,953.94873046875
3.5234375,953.9375610351562
3.5390625,953.9562377929688
3.5546875,953.9125366210938
3.5703125,953.9310913085938
3.5859375,954.0192260742188
3.6015625,954.02685546875
3.6171875,954.0060424804688
3.6328125,953.987060546875
3.6484375,953.9692993164062
3.6640625,953.8724975585938
3.6796875,953.9412231445312
3.6953125,953.9514770507812
3.7109375,954.0012817382812
3.7265625,953.9286499023438
3.7421875,953.9143676757812
3.7578125,953.8909301757812
3.7734375,953.9295043945312
3.7890625,953.9407348632812
3.8046875,953.9019165039062
3.8203125,953.8826293945312
3.8359375,953.9481201171875
3.8515625,953.9949951171875
3.8671875,953.9329223632812
3.8828125,953.9290161132812
3.8984375,953.9688110351562
3.9140625,953.9190673828125
3.9296875,954.0003662109375
3.9453125,953.9574584960938
3.9609375,953.948974609375
3.9765625,954.0096435546875
3.9921875,953.9899291992188
4.0078125,953.9535522460938
4.0234375,953.9207763671875
4.0390625,953.983154296875
4.0546875,953.9407348632812
4.0703125,953.9660034179688
4.0859375,954.0603637695312
4.1015625,953.978271484375
4.1171875,953.9840698242188
4.1328125,953.98193359375
4.1484375,954.0005493164062
4.1640625,954.0179443359375
4.1796875,954.0123291015625
4.1953125,953.97802734375
4.2109375,953.9620971679688
4.2265625,954.0235595703125
4.2421875,954.0846557617188
4.2578125,954.0313110351562
4.2734375,954.0333251953125
4.2890625,954.0023803710938
4.3046875,953.9844360351562
4.3203125,954.0514526367188
4.3359375,953.9387817382812
4.3515625,953.97802734375
4.3671875,953.999267578125
4.3828125,953.9793701171875
4.3984375,953.9830322265625
4.4140625,953.9520263671875
4.4296875,953.9533081054688
4.4453125,953.9652709960938
4.4609375,953.9540405273438
4.4765625,953.94482421875
4.4921875,953.958984375
4.5078125,953.9595947265625
4.5234375,953.9435424804688
4.5390625,953.9520263671875
4.5546875,953.9389038085938
4.5703125,953.972412109375
4.5859375,953.9203491210938
4.6015625,953.9786987304688
4.6171875,953.9274291992188
4.6328125,953.919189453125
4.6484375,953.9153442382812
4.6640625,953.9219970703125
4.6796875,953.9534912109375
4.6953125,953.9205322265625
4.7109375,953.9562377929688
4.7265625,953.9191284179688
4.7421875,953.9210205078125
4.7578125,953.90576171875
4.7734375,953.8955078125
4.7890625,953.8927001953125
4.8046875,953.8699951171875
4.8203125,953.8862915039062
4.8359375,953.8739013671875
4.8515625,953.8658447265625
4.8671875,953.8600463867188
4.8828125,953.86474609375
4.8984375,953.8607788085938
4.9140625,953.8723754882812
4.9296875,953.856689453125
4.9453125,953.8618774414062
4.9609375,953.8681640625
4.9765625,953.871826171875
4.9921875,953.8641967773438
5.0078125,953.8801879882812
5.0234375,953.8695068359375
5.0390625,953.8609008789062
5.0546875,953.8546142578125
5.0703125,953.8649291992188
5.0859375,953.8605346679688
5.1015625,953.8622436523438
5.1171875,953.8692626953125
5.1328125,953.8772583007812
5.1484375,953.8634643554688
5.1640625,953.8659057617188
5.1796875,953.8522338867188
5.1953125,953.8507690429688
5.2109375,953.8623046875
5.2265625,953.8748168945312
5.2421875,953.8703002929688
5.2578125,953.8574829101562
5.2734375,953.8624267578125
5.2890625,953.8697509765625
5.3046875,953.8551635742188
5.3203125,953.8667602539062
5.3359375,953.8660888671875
5.3515625,953.8574829101562
5.3671875,953.8663940429688
5.3828125,953.8615112304688
5.3984375,953.8700561523438
5.4140625,953.86669921875
5.4296875,953.8651123046875
5.4453125,953.8644409179688
5.4609375,953.8596801757812
5.4765625,953.8602294921875
5.4921875,953.85546875
5.5078125,953.859375
5.5234375,953.8678588867188
5.5390625,953.8713989257812
5.5546875,953.865234375
5.5703125,953.85888671875
5.5859375,953.8645629882812
5.6015625,953.8616943359375
5.6171875,953.86083984375
5.6328125,953.8745727539062
5.6484375,953.8656616210938
5.6640625,953.8657836914062
5.6796875,953.8485717773438
5.6953125,953.8792114257812
5.7109375,953.8634643554688
5.7265625,953.871826171875
5.7421875,953.8707885742188
5.7578125,953.8617553710938
5.7734375,953.8563232421875
5.7890625,953.8607788085938
5.8046875,953.8658447265625
5.8203125,953.86474609375
5.8359375,953.861328125
5.8515625,953.8659057617188
5.8671875,953.847412109375
5.8828125,953.8619384765625
5.8984375,953.8589477539062
5.9140625,953.8560180664062
5.9296875,953.8618774414062
5.9453125,953.8676147460938
5.9609375,953.8448486328125
5.9765625,953.8575439453125
5.9921875,953.862548828125
6.0078125,953.8558349609375
6.0234375,953.8582763671875
6.0390625,953.8775634765625
6.0546875,953.876953125
6.0703125,953.8532104492188
6.0859375,953.8753662109375
6.1015625,953.8563232421875
6.1171875,953.8741455078125
6.1328125,953.8518676757812
6.1484375,953.8709716796875
6.1640625,953.8430786132812
6.1796875,953.870361328125
6.1953125,953.8702392578125
6.2109375,953.8681640625
6.2265625,953.8624877929688
6.2421875,953.8688354492188
6.2578125,953.8842163085938
6.2734375,953.8541870117188
6.2890625,953.8475341796875
6.3046875,953.874755859375
6.3203125,953.8853149414062
6.3359375,953.888671875
6.3515625,953.88623046875
6.3671875,953.9053955078125
6.3828125,953.9373168945312
6.3984375,953.8981323242188
6.4140625,953.9110107421875
6.4296875,953.931640625
6.4453125,953.9461669921875
6.4609375,953.9404296875
6.4765625,953.9223022460938
6.4921875,953.9185791015625
6.5078125,953.9902954101562
6.5234375,953.9071655273438
6.5390625,953.9908447265625
6.5546875,953.9991455078125
6.5703125,953.9904174804688
6.5859375,953.9788208007812
6.6015625,953.9925537109375
6.6171875,953.9880981445312
6.6328125,954.0486450195312
6.6484375,954.01171875
6.6640625,954.0166015625
6.6796875,954.0484008789062
6.6953125,953.997314453125
6.7109375,953.9774780273438
6.7265625,953.9443359375
6.7421875,953.9509887695312
6.7578125,953.9701538085938
6.7734375,953.9277954101562
6.7890625,953.9708862304688
6.8046875,953.96484375
6.8203125,953.9563598632812
6.8359375,953.9305419921875
6.8515625,953.9606323242188
6.8671875,953.9697265625
6.8828125,953.925537109375
6.8984375,953.9593505859375
6.9140625,953.9536743164062
6.9296875,953.9886474609375
6.9453125,953.9855346679688
6.9609375,953.9605102539062
6.9765625,953.9842529296875
6.9921875,953.9671020507812
7.0078125,953.9551391601562
7.0234375,953.9707641601562
7.0390625,953.9613647460938
7.0546875,953.9829711914062
7.0703125,953.9470825195312
7.0859375,953.9660034179688
7.1015625,953.9284057617188
7.1171875,953.9606323242188
7.1328125,953.9699096679688
7.1484375,953.9666748046875
7.1640625,953.9569091796875
7.1796875,953.9573974609375
7.1953125,953.9796752929688
7.2109375,953.9645385742188
7.2265625,953.9430541992188
7.2421875,953.9683227539062
7.2578125,953.965576171875
7.2734375,953.9409790039062
7.2890625,953.9231567382812
7.3046875,953.9219970703125
7.3203125,953.9701538085938
7.3359375,953.9693603515625
7.3515625,953.9506225585938
7.3671875,953.929443359375
7.3828125,953.9517211914062
7.3984375,953.9320678710938
7.4140625,953.9261474609375
7.4296875,953.9266357421875
7.4453125,953.9232788085938
7.4609375,953.956787109375
7.4765625,953.9072265625
7.4921875,953.9163208007812
7.5078125,953.9348754882812
7.5234375,953.9400024414062
7.5390625,953.9331665039062
7.5546875,953.9021606445312
7.5703125,953.9053955078125
7.5859375,953.8870239257812
7.6015625,953.8892211914062
7.6171875,953.8798217773438
7.6328125,953.8778076171875
7.6484375,953.8739013671875
7.6640625,953.8607788085938
7.6796875,953.8755493164062
7.6953125,953.8897705078125
7.7109375,953.8673706054688
7.7265625,953.8598022460938
7.7421875,953.8642578125
7.7578125,953.8550415039062
7.7734375,953.856201171875
7.7890625,953.8511352539062
7.8046875,953.8518676757812
7.8203125,953.83544921875
7.8359375,953.862060546875
7.8515625,953.8615112304688
7.8671875,953.8524780273438
7.8828125,953.8555908203125
7.8984375,953.850341796875
7.9140625,953.8510131835938
7.9296875,953.8499755859375
7.9453125,953.8583374023438
7.9609375,953.85888671875
7.9765625,953.8591918945312
7.9921875,953.8461303710938
8.0078125,953.8667602539062
8.0234375,953.8448486328125
8.0390625,953.861328125
8.0546875,953.87060546875
8.0703125,953.8575439453125
8.0859375,953.8603515625
8.1015625,953.8636474609375
8.1171875,953.8500366210938
8.1328125,953.8557739257812
8.1484375,953.845703125
8.1640625,953.8633422851562
8.1796875,953.8630981445312
8.1953125,953.8497314453125
8.2109375,953.8446044921875
8.2265625,953.864013671875
8.2421875,953.8629760742188
8.2578125,953.8385620117188
8.2734375,953.8607788085938
8.2890625,953.8455810546875
8.3046875,953.8692626953125
8.3203125,953.8622436523438
8.3359375,953.8558959960938
8.3515625,953.8602905273438
8.3671875,953.862548828125
8.3828125,953.8672485351562
8.3984375,953.8574829101562
8.4140625,953.8544921875
8.4296875,953.8688354492188
8.4453125,953.857177734375
8.4609375,953.8636474609375
8.4765625,953.8649291992188
8.4921875,953.8670654296875
8.5078125,953.8540649414062
8.5234375,953.8555297851562
8.5390625,953.8642578125
8.5546875,953.8681640625
8.5703125,953.8624267578125
8.5859375,953.8491821289062
8.6015625,953.8605346679688
8.6171875,953.8663330078125
8.6328125,953.8549194335938
8.6484375,953.8623046875
8.6640625,953.862548828125
8.6796875,953.848388671875
8.6953125,953.8619995117188
8.7109375,953.8652954101562
8.7265625,953.8583374023438
8.7421875,953.8610229492188
8.7578125,953.8607788085938
8.7734375,953.8641967773438
8.7890625,953.8624877929688
8.8046875,953.8842163085938
8.8203125,953.85888671875
8.8359375,953.8518676757812
8.8515625,953.85693359375
8.8671875,953.8599853515625
8.8828125,953.8519287109375
8.8984375,953.8630981445312
8.9140625,953.8582763671875
8.9296875,953.8681030273438
8.9453125,953.8547973632812
8.9609375,953.8687133789062
8.9765625,953.8541259765625
8.9921875,953.8612060546875
9.0078125,953.8536376953125
9.0234375,953.853515625
9.0390625,953.8618774414062
9.0546875,953.8502197265625
9.0703125,953.8616333007812
9.0859375,953.8543701171875
9.1015625,953.8612060546875
9.1171875,953.8756713867188
9.1328125,953.8609008789062
9.1484375,953.8482666015625
9.1640625,953.8705444335938
9.1796875,953.8984985351562
9.1953125,953.8770751953125
9.2109375,953.8798217773438
9.2265625,953.8807373046875
9.2421875,953.9024047851562
9.2578125,953.8939819335938
9.2734375,953.9227905273438
9.2890625,953.921142578125
9.3046875,953.945068359375
9.3203125,954.004638671875
9.3359375,953.9923095703125
9.3515625,953.9381713867188
9.3671875,953.9404296875
9.3828125,953.931640625
9.3984375,953.9547729492188
9.4140625,953.968017578125
9.4296875,954.0177612304688
9.4453125,954.0143432617188
9.4609375,953.979248046875
9.4765625,954.0191040039062
9.4921875,953.9945068359375
9.5078125,953.9475708007812
9.5234375,953.9727783203125
9.5390625,953.974365234375
9.5546875,953.9647216796875
9.5703125,954.0025024414062
9.5859375,953.9618530273438
9.6015625,953.9872436523438
9.6171875,953.959716796875
9.6328125,953.9503173828125
9.6484375,953.958251953125
9.6640625,953.9701538085938
9.6796875,953.9406127929688
9.6953125,953.9808349609375
9.7109375,953.9481811523438
9.7265625,953.9334106445312
9.7421875,953.9224243164062
9.7578125,953.9163818359375
9.7734375,953.9264526367188
9.7890625,953.9517211914062
9.8046875,953.9631958007812
9.8203125,953.9085693359375
9.8359375,953.9944458007812
9.8515625,953.9313354492188
9.8671875,953.9794311523438
9.8828125,953.9456176757812
9.8984375,953.9718627929688
9.9140625,953.9547729492188
9.9296875,954.0033569335938
9.9453125,953.943115234375
9.9609375,953.931396484375
9.9765625,953.9157104492188
9.9921875,953.94873046875
10.0078125,953.9518432617188
10.0234375,953.9376220703125
10.0390625,953.9165649414062
10.0546875,954.0051879882812
10.0703125,953.9321899414062
10.0859375,953.949951171875
10.1015625,953.9142456054688
10.1171875,953.9425048828125
10.1328125,953.9093017578125
10.1484375,953.8839111328125
10.1640625,953.9158325195312
10.1796875,953.8909301757812
10.1953125,953.96240234375
10.2109375,953.9236450195312
10.2265625,953.8946533203125
10.2421875,953.9246826171875
10.2578125,953.9033203125
10.2734375,953.8890380859375
10.2890625,953.9093017578125
10.3046875,953.9358520507812
10.3203125,953.8766479492188
10.3359375,953.9036254882812
10.3515625,953.9059448242188
10.3671875,953.8963012695312
10.3828125,953.9022216796875
10.3984375,953.8568725585938
10.4140625,953.8794555664062
10.4296875,953.8706665039062
10.4453125,953.8580322265625
10.4609375,953.8794555664062
10.4765625,953.8577880859375
10.4921875,953.8652954101562
10.5078125,953.8706665039062
10.5234375,953.8588256835938
10.5390625,953.8533935546875
10.5546875,953.850830078125
10.5703125,953.8575439453125
10.5859375,953.8479614257812
10.6015625,953.8553466796875
10.6171875,953.859375
10.6328125,953.852294921875
10.6484375,953.8671875
10.6640625,953.8451538085938
10.6796875,953.8458251953125
10.6953125,953.8563842773438
10.7109375,953.8544311523438
10.7265625,953.854736328125
10.7421875,953.8714599609375
10.7578125,953.8648071289062
10.7734375,953.8526611328125
10.7890625,953.8536987304688
10.8046875,953.859130859375
10.8203125,953.8743286132812
10.8359375,953.8500366210938
10.8515625,953.866943359375
10.8671875,953.8552856445312
10.8828125,953.8477783203125
10.8984375,953.8497924804688
10.9140625,953.8633422851562
10.9296875,953.8555908203125
10.9453125,953.8489379882812
10.9609375,953.86083984375
10.9765625,953.8585205078125
10.9921875,953.8680419921875
11.0078125,953.8521728515625
11.0234375,953.86279296875
11.0390625,953.8614501953125
11.0546875,953.865966796875
11.0703125,953.8693237304688
11.0859375,953.8469848632812
11.1015625,953.8743286132812
11.1171875,953.8610229492188
11.1328125,953.8619995117188
11.1484375,953.8599853515625
11.1640625,953.856201171875
11.1796875,953.8574829101562
11.1953125,953.8642578125
11.2109375,953.857421875
11.2265625,953.8706665039062
11.2421875,953.8546752929688
11.2578125,953.8653564453125
11.2734375,953.8654174804688
11.2890625,953.8494262695312
11.3046875,953.850341796875
11.3203125,953.8577270507812
11.3359375,953.8502807617188
11.3515625,953.8599243164062
11.3671875,953.8631591796875
11.3828125,953.867919921875
11.3984375,953.8714599609375
11.4140625,953.8667602539062
11.4296875,953.8549194335938
11.4453125,953.8541259765625
11.4609375,953.8535766601562
11.4765625,953.8659057617188
11.4921875,953.8680419921875
11.5078125,953.8572387695312
11.5234375,953.8731079101562
11.5390625,953.8656005859375
11.5546875,953.8598022460938
11.5703125,953.8426513671875
11.5859375,953.8585205078125
11.6015625,953.8512573242188
11.6171875,953.8702392578125
11.6328125,953.84912109375
11.6484375,953.8614501953125
11.6640625,953.8612060546875
11.6796875,953.8626098632812
11.6953125,953.8547973632812
11.7109375,953.8507690429688
11.7265625,953.875732421875
11.7421875,953.8550415039062
11.7578125,953.8577880859375
11.7734375,953.8731689453125
11.7890625,953.869873046875
11.8046875,953.8684692382812
11.8203125,953.8642578125
11.8359375,953.8576049804688
11.8515625,953.8597412109375
11.8671875,953.8673095703125
11.8828125,953.8733520507812
11.8984375,953.8652954101562
11.9140625,953.8782348632812
11.9296875,953.86669921875
11.9453125,953.8717651367188
11.9609375,953.8678588867188
11.9765625,953.9857788085938
11.9921875,953.9691772460938
12.0078125,953.9500732421875
12.0234375,954.0362548828125
12.0390625,954.0172729492188
12.0546875,953.9450073242188
12.0703125,954.000732421875
12.0859375,954.0430908203125
12.1015625,953.9799194335938
12.1171875,954.0103759765625
12.1328125,953.9652709960938
12.1484375,954.0304565429688
12.1640625,953.97607421875
12.1796875,953.9573364257812
12.1953125,953.961669921875
12.2109375,953.9642944335938
12.2265625,953.9848022460938
12.2421875,953.995361328125
12.2578125,953.9688110351562
12.2734375,953.9617919921875
12.2890625,953.9522705078125
12.3046875,953.9595947265625
12.3203125,953.9361572265625
12.3359375,953.9741821289062
12.3515625,953.94921875
12.3671875,953.9600830078125
12.3828125,953.9913940429688
12.3984375,953.9371948242188
12.4140625,953.93701171875
12.4296875,954.046630859375
12.4453125,953.9732055664062
12.4609375,953.9654541015625
12.4765625,953.9905395507812
12.4921875,953.956298828125
12.5078125,953.976318359375
12.5234375,953.9803466796875
12.5390625,953.9945678710938
12.5546875,953.9620361328125
12.5703125,953.9826049804688
12.5859375,953.9874267578125
12.6015625,953.954345703125
12.6171875,953.9766235351562
12.6328125,953.966552734375
12.6484375,953.9893798828125
12.6640625,953.938232421875
12.6796875,953.9495239257812
12.6953125,953.9409790039062
12.7109375,953.9430541992188
12.7265625,953.994140625
12.7421875,953.9158325195312
12.7578125,953.909423828125
12.7734375,953.8995361328125
12.7890625,953.9201049804688
12.8046875,953.9086303710938
12.8203125,953.891845703125
12.8359375,953.9027709960938
12.8515625,953.895751953125
12.8671875,953.89013671875
12.8828125,953.8751831054688
12.8984375,953.8724975585938
12.9140625,953.8969116210938
12.9296875,953.8809814453125
12.9453125,953.8859252929688
12.9609375,953.9027709960938
12.9765625,953.8924560546875
12.9921875,953.8959350585938
13.0078125,953.8744506835938
13.0234375,953.8746948242188
13.0390625,953.872802734375
13.0546875,953.862548828125
13.0703125,953.8721923828125
13.0859375,953.8512573242188
13.1015625,953.8619995117188
13.1171875,953.854736328125
13.1328125,953.8723754882812
13.1484375,953.8739624023438
13.1640625,953.8563842773438
13.1796875,953.856689453125
13.1953125,953.85546875
13.2109375,953.868408203125
13.2265625,953.87451171875
13.2421875,953.858154296875
13.2578125,953.8560791015625
13.2734375,953.8563842773438
13.2890625,953.8533325195312
13.3046875,953.8515625
13.3203125,953.8560791015625
13.3359375,953.8345336914062
13.3515625,953.8427124023438
13.3671875,953.8536376953125
13.3828125,953.8504638671875
13.3984375,953.8507690429688
13.4140625,953.8527221679688
13.4296875,953.8526611328125
13.4453125,953.8482055664062
13.4609375,953.8505859375
13.4765625,953.8541870117188
13.4921875,953.8508911132812
13.5078125,953.8599853515625
13.5234375,953.8494873046875
13.5390625,953.861083984375
13.5546875,953.8572387695312
13.5703125,953.8683471679688
13.5859375,953.8677368164062
13.6015625,953.8634643554688
13.6171875,953.8502197265625
13.6328125,953.8638305664062
13.6484375,953.8673706054688
13.6640625,953.8535766601562
13.6796875,953.8648071289062
13.6953125,953.85302734375
13.7109375,953.841064453125
13.7265625,953.8673095703125
13.7421875,953.8668823242188
13.7578125,953.8595581054688
13.7734375,953.86474609375
13.7890625,953.8607788085938
13.8046875,953.8662109375
13.8203125,953.877685546875
13.8359375,953.88037109375
13.8515625,953.86328125
13.8671875,953.8574829101562
13.8828125,953.8655395507812
13.8984375,953.8779296875
13.9140625,953.8751831054688
13.9296875,953.8756103515625
13.9453125,953.8746948242188
13.9609375,953.8665161132812
13.9765625,953.864013671875
13.9921875,953.8516235351562
14.0078125,953.8712768554688
14.0234375,953.8589477539062
14.0390625,953.860107421875
14.0546875,953.8619384765625
14.0703125,953.8806762695312
14.0859375,953.8657836914062
14.1015625,953.8557739257812
14.1171875,953.8628540039062
14.1328125,953.8742065429688
14.1484375,953.8457641601562
14.1640625,953.84521484375
14.1796875,953.8653564453125
14.1953125,953.8457641601562
14.2109375,953.8705444335938
14.2265625,953.8434448242188
14.2421875,953.8430786132812
14.2578125,953.8613891601562
14.2734375,953.8493041992188
14.2890625,953.8446655273438
14.3046875,953.8380126953125
14.3203125,953.8475341796875
14.3359375,953.8663330078125
14.3515625,953.8568725585938
14.3671875,953.8497924804688
14.3828125,953.8602294921875
14.3984375,953.8616943359375
14.4140625,953.8441772460938
14.4296875,953.8566284179688
14.4453125,953.8458862304688
14.4609375,953.841552734375
14.4765625,953.8638305664062
14.4921875,953.8643798828125
14.5078125,953.85302734375
14.5234375,953.8411254882812
14.5390625,953.842529296875
14.5546875,953.8502197265625
14.5703125,953.8865356445312
14.5859375,953.875732421875
14.6015625,953.8929443359375
14.6171875,953.8807373046875
14.6328125,953.8995971679688
14.6484375,953.8864135742188
14.6640625,953.893310546875
14.6796875,953.9130859375
14.6953125,953.8998413085938
14.7109375,953.8984985351562
14.7265625,953.8845825195312
14.7421875,953.8892822265625
14.7578125,953.9053955078125
14.7734375,953.9080810546875
14.7890625,953.89208984375
14.8046875,953.8929443359375
14.8203125,953.8946533203125
14.8359375,953.9000854492188
14.8515625,953.887939453125
14.8671875,953.8780517578125
14.8828125,953.8778076171875
14.8984375,953.8754272460938
14.9140625,953.8978881835938
14.9296875,953.8692626953125
14.9453125,953.8916015625
14.9609375,953.881591796875
14.9765625,953.9138793945312
14.9921875,953.8955078125
15.0078125,953.8857421875
15.0234375,953.8779296875
15.0390625,953.8930053710938
15.0546875,953.8798828125
15.0703125,953.878173828125
15.0859375,953.8986206054688
15.1015625,953.875732421875
15.1171875,953.8992919921875
15.1328125,953.8865966796875
15.1484375,953.9046020507812
15.1640625,953.88818359375
15.1796875,953.8715209960938
15.1953125,953.8834228515625
15.2109375,953.8840942382812
15.2265625,953.8953857421875
15.2421875,953.884765625
15.2578125,953.8823852539062
15.2734375,953.8759155273438
15.2890625,953.8689575195312
15.3046875,953.8734741210938
15.3203125,953.8846435546875
15.3359375,953.89404296875
15.3515625,953.8770141601562
15.3671875,953.8753051757812
15.3828125,953.8666381835938
15.3984375,953.8655395507812
15.4140625,953.8814086914062
15.4296875,953.8696899414062
15.4453125,953.8751831054688
15.4609375,953.89794921875
15.4765625,953.8582763671875
15.4921875,953.880126953125
15.5078125,953.8643798828125
15.5234375,953.8541259765625
15.5390625,953.8552856445312
15.5546875,953.8711547851562
15.5703125,953.856201171875
15.5859375,953.8770751953125
15.6015625,953.8834838867188
15.6171875,953.8524780273438
15.6328125,953.8604736328125
15.6484375,953.8606567382812
15.6640625,953.8726196289062
15.6796875,953.879638671875
15.6953125,953.866943359375
15.7109375,953.8786010742188
15.7265625,953.8650512695312
15.7421875,953.8659057617188
15.7578125,953.8480224609375
15.7734375,953.8583374023438
15.7890625,953.8644409179688
15.8046875,953.8465576171875
15.8203125,953.8574829101562
15.8359375,953.8485717773438
15.8515625,953.8440551757812
15.8671875,953.8433227539062
15.8828125,953.8553466796875
15.8984375,953.8556518554688
15.9140625,953.8553466796875
15.9296875,953.8493041992188
15.9453125,953.8541870117188
15.9609375,953.8518676757812
15.9765625,953.85107421875
15.9921875,953.8397216796875
16.0078125,953.8635864257812
16.0234375,953.8580322265625
16.0390625,953.8505859375
16.0546875,953.8580322265625
16.0703125,953.8713989257812
16.0859375,953.8599243164062
16.1015625,953.8546142578125
16.1171875,953.8468017578125
16.1328125,953.8462524414062
16.1484375,953.8560791015625
16.1640625,953.8568725585938
16.1796875,953.8461303710938
16.1953125,953.8438720703125
16.2109375,953.8615112304688
16.2265625,953.84375
16.2421875,953.866455078125
16.2578125,953.8615112304688
16.2734375,953.849609375
16.2890625,953.8588256835938
16.3046875,953.8657836914062
16.3203125,953.8517456054688
16.3359375,953.8399047851562
16.3515625,953.8653564453125
16.3671875,953.8524780273438
16.3828125,953.8615112304688
16.3984375,953.865966796875
16.4140625,953.8480834960938
16.4296875,953.841552734375
16.4453125,953.8654174804688
16.4609375,953.8615112304688
16.4765625,953.8582763671875
16.4921875,953.8642578125
16.5078125,953.8458251953125
16.5234375,953.865234375
16.5390625,953.8447265625
16.5546875,953.852783203125
16.5703125,953.842529296875
16.5859375,953.8585205078125
16.6015625,953.8546752929688
16.6171875,953.8496704101562
16.6328125,953.8585205078125
16.6484375,953.8533935546875
16.6640625,953.8538818359375
16.6796875,953.8446044921875
16.6953125,953.8574829101562
16.7109375,953.8629760742188
16.7265625,953.864990234375
16.7421875,953.8528442382812
16.7578125,953.8501586914062
16.7734375,953.858642578125
16.7890625,953.8519287109375
16.8046875,953.8634643554688
16.8203125,953.847412109375
16.8359375,953.8550415039062
16.8515625,953.858154296875
16.8671875,953.8546752929688
16.8828125,953.8547973632812
16.8984375,953.8600463867188
16.9140625,953.85498046875
16.9296875,953.8614501953125
16.9453125,953.8525390625
16.9609375,953.8480834960938
16.9765625,953.8499145507812
16.9921875,953.8583374023438
17.0078125,953.8500366210938
17.0234375,953.8512573242188
17.0390625,953.8449096679688
17.0546875,953.8602294921875
17.0703125,953.8516845703125
17.0859375,953.8558349609375
17.1015625,953.864990234375
17.1171875,953.8276977539062
17.1328125,953.8524169921875
17.1484375,953.8469848632812
17.1640625,953.8616943359375
17.1796875,953.8499145507812
17.1953125,953.8461303710938
17.2109375,953.8600463867188
17.2265625,953.83544921875
17.2421875,953.8404541015625
17.2578125,953.85498046875
17.2734375,953.8624877929688
17.2890625,953.8839721679688
17.3046875,953.9232788085938
17.3203125,953.8766479492188
17.3359375,953.9135131835938
17.3515625,953.9087524414062
17.3671875,953.9301147460938
17.3828125,953.860107421875
17.3984375,953.8764038085938
17.4140625,953.8945922851562
17.4296875,953.9037475585938
17.4453125,953.8670654296875
17.4609375,953.8995361328125
17.4765625,953.8815307617188
17.4921875,953.861083984375
17.5078125,953.8912963867188
17.5234375,953.8618774414062
17.5390625,953.8926391601562
17.5546875,953.8701171875
17.5703125,953.8814697265625
17.5859375,953.8873901367188
17.6015625,953.9152221679688
17.6171875,953.9403076171875
17.6328125,953.92138671875
17.6484375,953.9354248046875
17.6640625,953.9611206054688
17.6796875,953.923583984375
17.6953125,954.0040283203125
17.7109375,953.9074096679688
17.7265625,953.921142578125
17.7421875,953.949951171875
17.7578125,953.9520874023438
17.7734375,953.9617919921875
17.7890625,954.0349731445312
17.8046875,953.8673095703125
17.8203125,953.9691162109375
17.8359375,953.8809814453125
17.8515625,953.8440551757812
17.8671875,953.8829956054688
17.8828125,953.8399658203125
17.8984375,953.889404296875
17.9140625,953.8840942382812
17.9296875,953.9193725585938
17.9453125,953.9510498046875
17.9609375,953.889404296875
17.9765625,953.9055786132812
17.9921875,953.9037475585938
18.0078125,953.87109375
18.0234375,953.8954467773438
18.0390625,953.886474609375
18.0546875,953.8878173828125
18.0703125,953.91748046875
18.0859375,953.9099731445312
18.1015625,953.916748046875
18.1171875,953.863037109375
18.1328125,953.8888549804688
18.1484375,953.8943481445312
18.1640625,953.9169311523438
18.1796875,953.8560180664062
18.1953125,953.868408203125
18.2109375,953.87255859375
18.2265625,953.9080810546875
18.2421875,953.8131713867188
18.2578125,953.8342895507812
18.2734375,953.8270874023438
18.2890625,953.82958984375
18.3046875,953.8305053710938
18.3203125,953.8295288085938
18.3359375,953.8619995117188
18.3515625,953.8381958007812
18.3671875,953.8521728515625
18.3828125,953.8528442382812
18.3984375,953.8309326171875
18.4140625,953.8510131835938
18.4296875,953.840576171875
18.4453125,953.8480834960938
18.4609375,953.8472290039062
18.4765625,953.841064453125
18.4921875,953.833984375
18.5078125,953.8450317382812
18.5234375,953.837158203125
18.5390625,953.8285522460938
18.5546875,953.8302001953125
18.5703125,953.8272705078125
18.5859375,953.8201904296875
18.6015625,953.8204345703125
18.6171875,953.8204956054688
18.6328125,953.8242797851562
18.6484375,953.8361206054688
18.6640625,953.8299560546875
18.6796875,953.8114624023438
18.6953125,953.8281860351562
18.7109375,953.8318481445312
18.7265625,953.8186645507812
18.7421875,953.8306274414062
18.7578125,953.8281860351562
18.7734375,953.8351440429688
18.7890625,953.81591796875
18.8046875,953.8284301757812
18.8203125,953.8345336914062
18.8359375,953.8139038085938
18.8515625,953.8303833007812
18.8671875,953.8170776367188
18.8828125,953.817138671875
18.8984375,953.8214111328125
18.9140625,953.8331909179688
18.9296875,953.8320922851562
18.9453125,953.830810546875
18.9609375,953.8309326171875
18.9765625,953.8333129882812
18.9921875,953.8201904296875
19.0078125,953.8317260742188
19.0234375,953.8424072265625
19.0390625,953.8309936523438
19.0546875,953.8419799804688
19.0703125,953.8297729492188
19.0859375,953.8296508789062
19.1015625,953.8208618164062
19.1171875,953.8232421875
19.1328125,953.8333129882812
19.1484375,953.8466796875
19.1640625,953.843017578125
19.1796875,953.8333129882812
19.1953125,953.8340454101562
19.2109375,953.8341674804688
19.2265625,953.8197631835938
19.2421875,953.8340454101562
19.2578125,953.8343505859375
19.2734375,953.8491821289062
19.2890625,953.8443603515625
19.3046875,953.8348388671875
19.3203125,953.834716796875
19.3359375,953.8395385742188
19.3515625,953.8363037109375
19.3671875,953.8351440429688
19.3828125,953.8471069335938
19.3984375,953.8302612304688
19.4140625,953.849365234375
19.4296875,953.849365234375
19.4453125,953.8220825195312
19.4609375,953.8342895507812
19.4765625,953.8306274414062
19.4921875,953.8244018554688
19.5078125,953.83154296875
19.5234375,953.8285522460938
19.5390625,953.8223876953125
19.5546875,953.8302001953125
19.5703125,953.8289794921875
19.5859375,953.8458251953125
19.6015625,953.8370971679688
19.6171875,953.83935546875
19.6328125,953.8267211914062
19.6484375,953.8375854492188
19.6640625,953.8346557617188
19.6796875,953.827880859375
19.6953125,953.8312377929688
19.7109375,953.8341064453125
19.7265625,953.8350830078125
19.7421875,953.8265380859375
19.7578125,953.8356323242188
19.7734375,953.8319091796875
19.7890625,953.8310546875
19.8046875,953.8331298828125
19.8203125,953.834716796875
19.8359375,953.8449096679688
19.8515625,953.822998046875
19.8671875,953.8361206054688
19.8828125,953.8390502929688
19.8984375,953.8264770507812
19.9140625,953.8363037109375
19.9296875,953.8185424804688
19.9453125,953.8349609375
19.9609375,953.8443603515625
19.9765625,953.8323364257812
19.9921875,953.8209838867188
20.0078125,953.8333129882812
20.0234375,953.8356323242188
20.0390625,953.8302612304688
20.0546875,953.8446655273438
20.0703125,953.831298828125
20.0859375,953.8414916992188
20.1015625,953.820068359375
20.1171875,953.8424072265625
20.1328125,953.8223876953125
20.1484375,953.8455810546875
20.1640625,953.851318359375
20.1796875,953.8518676757812
20.1953125,953.8524780273438
20.2109375,953.876708984375
20.2265625,953.8653564453125
20.2421875,953.8641357421875
20.2578125,953.8455810546875
20.2734375,953.8555908203125
20.2890625,953.8849487304688
20.3046875,953.8635864257812
20.3203125,953.8939819335938
20.3359375,953.8861694335938
20.3515625,953.901123046875
20.3671875,953.911376953125
20.3828125,953.8797607421875
20.3984375,953.9152221679688
20.4140625,953.9102172851562
20.4296875,953.9147338867188
20.4453125,953.9127197265625
20.4609375,953.9068603515625
20.4765625,953.9301147460938
20.4921875,953.9373779296875
20.5078125,953.9329223632812
20.5234375,953.9327392578125
20.5390625,953.9285888671875
20.5546875,953.9537963867188
20.5703125,953.9649047851562
20.5859375,953.9813232421875
20.6015625,953.9444580078125
20.6171875,953.9620361328125
20.6328125,953.9817504882812
20.6484375,953.9705200195312
20.6640625,953.9577026367188
20.6796875,953.9474487304688
20.6953125,953.9478759765625
20.7109375,953.944091796875
20.7265625,953.9581298828125
20.7421875,953.9419555664062
20.7578125,953.949951171875
20.7734375,953.9693603515625
20.7890625,953.942626953125
20.8046875,953.9635009765625
20.8203125,953.9506225585938
20.8359375,953.9685668945312
20.8515625,953.9420166015625
20.8671875,953.9082641601562
20.8828125,953.9854736328125
20.8984375,953.9710083007812
20.9140625,953.9486694335938
20.9296875,953.9849853515625
20.9453125,953.9735717773438
20.9609375,953.9503173828125
20.9765625,953.9417724609375
20.9921875,953.9418334960938
21.0078125,953.9506225585938
21.0234375,953.9816284179688
21.0390625,953.9534301757812
21.0546875,953.960205078125
21.0703125,954.0033569335938
21.0859375,953.9495239257812
21.1015625,953.9868774414062
21.1171875,954.0291137695312
21.1328125,953.923828125
21.1484375,953.9186401367188
21.1640625,953.9102172851562
21.1796875,953.9268798828125
21.1953125,953.9409790039062
21.2109375,953.94677734375
21.2265625,953.9204711914062
21.2421875,953.9908447265625
21.2578125,953.89599609375
21.2734375,953.9154663085938
21.2890625,953.922607421875
21.3046875,953.8792114257812
21.3203125,953.875732421875
21.3359375,953.9169311523438
21.3515625,953.89453125
21.3671875,953.911376953125
21.3828125,953.8955078125
21.3984375,953.924560546875
21.4140625,953.9501342773438
21.4296875,953.9263916015625
21.4453125,953.9254760742188
21.4609375,953.902099609375
21.4765625,953.8770141601562
21.4921875,953.8687133789062
21.5078125,953.8657836914062
21.5234375,953.861328125
21.5390625,953.85546875
21.5546875,953.845703125
21.5703125,953.8572998046875
21.5859375,953.8479614257812
21.6015625,953.8603515625
21.6171875,953.8569946289062
21.6328125,953.8374633789062
21.6484375,953.8421630859375
21.6640625,953.8432006835938
21.6796875,953.8475341796875
21.6953125,953.8289794921875
21.7109375,953.8406982421875
21.7265625,953.85107421875
21.7421875,953.8434448242188
21.7578125,953.8380737304688
21.7734375,953.8377075195312
21.7890625,953.8401489257812
21.8046875,953.8442993164062
21.8203125,953.832763671875
21.8359375,953.8391723632812
21.8515625,953.8413696289062
21.8671875,953.8369140625
21.8828125,953.8477172851562
21.8984375,953.8377685546875
21.9140625,953.8555908203125
21.9296875,953.8416137695312
21.9453125,953.8472290039062
21.9609375,953.834716796875
21.9765625,953.837890625
21.9921875,953.8511352539062
22.0078125,953.8615112304688
22.0234375,953.8359375
22.0390625,953.8479614257812
22.0546875,953.856201171875
22.0703125,953.8391723632812
22.0859375,953.8585815429688
22.1015625,953.8465576171875
22.1171875,953.8463134765625
22.1328125,953.8455200195312
22.1484375,953.8606567382812
22.1640625,953.8396606445312
22.1796875,953.8359375
22.1953125,953.82373046875
22.2109375,953.8485717773438
22.2265625,953.8574829101562
22.2421875,953.8504638671875
22.2578125,953.8485107421875
22.2734375,953.8387451171875
22.2890625,953.8375854492188
22.3046875,953.8307495117188
22.3203125,953.850830078125
22.3359375,953.844970703125
22.3515625,953.8401489257812
22.3671875,953.8419799804688
22.3828125,953.8541870117188
22.3984375,953.8472290039062
22.4140625,953.8282470703125
22.4296875,953.8402099609375
22.4453125,953.839111328125
22.4609375,953.852294921875
22.4765625,953.83349609375
22.4921875,953.8441162109375
22.5078125,953.8441162109375
22.5234375,953.8532104492188
22.5390625,953.8369140625
22.5546875,953.8304443359375
22.5703125,953.8421630859375
22.5859375,953.8358154296875
22.6015625,953.8309936523438
22.6171875,953.8540649414062
22.6328125,953.8519287109375
22.6484375,953.8396606445312
22.6640625,953.8488159179688
22.6796875,953.8387451171875
22.6953125,953.833251953125
22.7109375,953.8388671875
22.7265625,953.8441162109375
22.7421875,953.8429565429688
22.7578125,953.8760986328125
22.7734375,953.8527221679688
22.7890625,953.8603515625
22.8046875,953.874755859375
22.8203125,953.8555297851562
22.8359375,953.84130859375
22.8515625,953.8463745117188
22.8671875,953.8818359375
22.8828125,953.8422241210938
22.8984375,953.8583374023438
22.9140625,953.8958129882812
22.9296875,953.9013671875
22.9453125,953.932861328125
22.9609375,953.93359375
22.9765625,953.8919067382812
22.9921875,954.0025024414062
23.0078125,953.8935546875
23.0234375,953.899169921875
23.0390625,953.9327392578125
23.0546875,953.99609375
23.0703125,954.0094604492188
23.0859375,953.951171875
23.1015625,953.9970092773438
23.1171875,954.0130004882812
23.1328125,953.991943359375
23.1484375,954.0308227539062
23.1640625,954.0050048828125
23.1796875,953.9807739257812
23.1953125,954.0118408203125
23.2109375,953.900390625
23.2265625,953.9572143554688
23.2421875,953.9783325195312
23.2578125,953.9409790039062
23.2734375,954.0421752929688
23.2890625,954.0368041992188
23.3046875,954.0302734375
23.3203125,953.9451293945312
23.3359375,953.9536743164062
23.3515625,953.9507446289062
23.3671875,953.9996948242188
23.3828125,953.9217529296875
23.3984375,953.9807739257812
23.4140625,953.9749145507812
23.4296875,954.0465698242188
23.4453125,954.0669555664062
23.4609375,954.0499267578125
23.4765625,953.9573364257812
23.4921875,954.0078735351562
23.5078125,954.0236206054688
23.5234375,953.9826049804688
23.5390625,953.9490356445312
23.5546875,953.9497680664062
23.5703125,953.9744873046875
23.5859375,953.9493408203125
23.6015625,953.9581909179688
23.6171875,953.946533203125
23.6328125,953.953125
23.6484375,953.9075317382812
23.6640625,953.9122924804688
23.6796875,953.9326171875
23.6953125,953.9920043945312
23.7109375,953.9708862304688
23.7265625,953.9252319335938
23.7421875,953.9515380859375
23.7578125,953.980224609375
23.7734375,953.9171752929688
23.7890625,953.9583129882812
23.8046875,953.961669921875
23.8203125,953.9376220703125
23.8359375,953.9884643554688
23.8515625,953.8740234375
23.8671875,953.9295654296875
23.8828125,953.9407348632812
23.8984375,953.9418334960938
23.9140625,953.8778076171875
23.9296875,953.9212036132812
23.9453125,953.977783203125
23.9609375,953.9757690429688
23.9765625,953.960693359375
23.9921875,953.9114379882812
24.0078125,953.9689331054688
24.0234375,953.9557495117188
24.0390625,953.9662475585938
24.0546875,953.9615478515625
24.0703125,953.9584350585938
24.0859375,953.9213256835938
24.1015625,953.9169311523438
24.1171875,953.9049072265625
24.1328125,953.8898315429688
24.1484375,953.88671875
24.1640625,953.8673706054688
24.1796875,953.8659057617188
24.1953125,953.857421875
24.2109375,953.8477783203125
24.2265625,953.84912109375
24.2421875,953.8409423828125
24.2578125,953.847412109375
24.2734375,953.8590698242188
24.2890625,953.8585205078125
24.3046875,953.8535766601562
24.3203125,953.84912109375
24.3359375,953.8565673828125
24.3515625,953.8602905273438
24.3671875,953.8595581054688
24.3828125,953.8565673828125
24.3984375,953.856201171875
24.4140625,953.852783203125
24.4296875,953.8510131835938
24.4453125,953.8563842773438
24.4609375,953.8348999023438
24.4765625,953.8533935546875
24.4921875,953.8588256835938
24.5078125,953.8460693359375
24.5234375,953.840576171875
24.5390625,953.817138671875
24.5546875,953.8363647460938
24.5703125,953.8322143554688
24.5859375,953.8388671875
24.6015625,953.8226318359375
24.6171875,953.8304443359375
24.6328125,953.8292846679688
24.6484375,953.8089599609375
24.6640625,953.825927734375
24.6796875,953.8272705078125
24.6953125,953.8123168945312
24.7109375,953.802490234375
24.7265625,953.8013305664062
24.7421875,953.8030395507812
24.7578125,953.8162231445312
24.7734375,953.8086547851562
24.7890625,953.8223876953125
24.8046875,953.8155517578125
24.8203125,953.806640625
24.8359375,953.8206176757812
24.8515625,953.8198852539062
24.8671875,953.7935791015625
24.8828125,953.8109130859375
24.8984375,953.8200073242188
24.9140625,953.8168334960938
24.9296875,953.8153076171875
24.9453125,953.8052368164062
24.9609375,953.7897338867188
24.9765625,953.7970581054688
24.9921875,953.7907104492188
25.0078125,953.7981567382812
25.0234375,953.8048706054688
25.0390625,953.7886352539062
25.0546875,953.793701171875
25.0703125,953.8031616210938
25.0859375,953.824951171875
25.1015625,953.7985229492188
25.1171875,953.8060913085938
25.1328125,953.8060913085938
25.1484375,953.8009033203125
25.1640625,953.7973022460938
25.1796875,953.8067626953125
25.1953125,953.8030395507812
25.2109375,953.7886352539062
25.2265625,953.8084716796875
25.2421875,953.804443359375
25.2578125,953.8038940429688
25.2734375,953.8047485351562
25.2890625,953.8240356445312
25.3046875,953.7896728515625
25.3203125,953.8013305664062
25.3359375,953.8055419921875
25.3515625,953.8258666992188
25.3671875,953.83349609375
25.3828125,953.8389892578125
25.3984375,953.8587036132812
25.4140625,953.9055786132812
25.4296875,953.875
25.4453125,953.8876342773438
25.4609375,953.8403930664062
25.4765625,953.8486328125
25.4921875,953.839111328125
25.5078125,953.834716796875
25.5234375,953.8540649414062
25.5390625,953.8356323242188
25.5546875,953.82373046875
25.5703125,953.8388061523438
25.5859375,953.88427734375
25.6015625,953.8829345703125
25.6171875,953.8882446289062
25.6328125,953.9096069335938
25.6484375,953.9556274414062
25.6640625,953.9043579101562
25.6796875,953.91748046875
25.6953125,953.956787109375
25.7109375,954.0098876953125
25.7265625,954.011474609375
25.7421875,953.9085083007812
25.7578125,953.9835205078125
25.7734375,953.9771118164062
25.7890625,954.0089721679688
25.8046875,953.8883666992188
25.8203125,953.98583984375
25.8359375,953.9249267578125
25.8515625,953.9454956054688
25.8671875,953.9422607421875
25.8828125,953.9664916992188
25.8984375,953.9334106445312
25.9140625,953.9332885742188
25.9296875,953.9237060546875
25.9453125,953.9668579101562
25.9609375,953.906005859375
25.9765625,954.0122680664062
25.9921875,954.0078125
26.0078125,953.9110717773438
26.0234375,953.9630126953125
26.0390625,953.9562377929688
26.0546875,953.947265625
26.0703125,953.9119873046875
26.0859375,953.9384765625
26.1015625,953.9073486328125
26.1171875,953.9625854492188
26.1328125,953.927490234375
26.1484375,953.885498046875
26.1640625,953.9345092773438
26.1796875,953.9158325195312
26.1953125,953.9140625
26.2109375,953.8934326171875
26.2265625,953.9069213867188
26.2421875,953.8968505859375
26.2578125,953.9144287109375
26.2734375,953.9208374023438
26.2890625,953.9482421875
26.3046875,953.9495239257812
26.3203125,953.9006958007812
26.3359375,953.9259033203125
26.3515625,953.9417724609375
26.3671875,953.9049682617188
26.3828125,953.8818359375
26.3984375,953.90380859375
26.4140625,953.891357421875
26.4296875,953.9215698242188
26.4453125,953.9186401367188
26.4609375,953.884765625
26.4765625,953.9232788085938
26.4921875,953.902099609375
26.5078125,953.9149169921875
26.5234375,953.9010620117188
26.5390625,953.9015502929688
26.5546875,953.876708984375
26.5703125,953.9008178710938
26.5859375,953.9189453125
26.6015625,953.8741455078125
26.6171875,953.85888671875
26.6328125,953.8755493164062
26.6484375,953.8805541992188
26.6640625,953.8760986328125
26.6796875,953.8775634765625
26.6953125,953.8634033203125
26.7109375,953.8721923828125
26.7265625,953.8762817382812
26.7421875,953.8619384765625
26.7578125,953.8345336914062
26.7734375,953.8433227539062
26.7890625,953.8521728515625
26.8046875,953.8595581054688
26.8203125,953.8643798828125
26.8359375,953.8535766601562
26.8515625,953.8580932617188
26.8671875,953.8432006835938
26.8828125,953.8568725585938
26.8984375,953.8485107421875
26.9140625,953.8665161132812
26.9296875,953.8416748046875
26.9453125,953.8538208007812
26.9609375,953.8489379882812
26.9765625,953.8518676757812
26.9921875,953.8582763671875
27.0078125,953.8466796875
27.0234375,953.84375
27.0390625,953.8512573242188
27.0546875,953.8432006835938
27.0703125,953.8438720703125
27.0859375,953.8558959960938
27.1015625,953.8406982421875
27.1171875,953.8539428710938
27.1328125,953.8457641601562
27.1484375,953.8402099609375
27.1640625,953.8566284179688
27.1796875,953.8530883789062
27.1953125,953.847412109375
27.2109375,953.8348388671875
27.2265625,953.831298828125
27.2421875,953.8418579101562
27.2578125,953.8342895507812
27.2734375,953.8312377929688
27.2890625,953.837890625
27.3046875,953.8284912109375
27.3203125,953.8296508789062
27.3359375,953.8328857421875
27.3515625,953.823974609375
27.3671875,953.8270874023438
27.3828125,953.828857421875
27.3984375,953.82421875
27.4140625,953.8262939453125
27.4296875,953.8156127929688
27.4453125,953.833740234375
27.4609375,953.822998046875
27.4765625,953.8237915039062
27.4921875,953.8206787109375
27.5078125,953.8226318359375
27.5234375,953.8162841796875
27.5390625,953.8203735351562
27.5546875,953.8153686523438
27.5703125,953.8145751953125
27.5859375,953.8108520507812
27.6015625,953.826171875
27.6171875,953.8203735351562
27.6328125,953.815185546875
27.6484375,953.8271484375
27.6640625,953.8217163085938
27.6796875,953.8363647460938
27.6953125,953.829833984375
27.7109375,953.8151245117188
27.7265625,953.8231811523438
27.7421875,953.8162231445312
27.7578125,953.819091796875
27.7734375,953.8125
27.7890625,953.8126220703125
27.8046875,953.8212280273438
27.8203125,953.8265380859375
27.8359375,953.8291015625
27.8515625,953.825439453125
27.8671875,953.8264770507812
27.8828125,953.822021484375
27.8984375,953.8275756835938
27.9140625,953.8358154296875
27.9296875,953.8291015625
27.9453125,953.8173217773438
27.9609375,953.8351440429688
27.9765625,953.8338623046875
27.9921875,953.8079223632812
28.0078125,953.824951171875
28.0234375,953.822998046875
28.0390625,953.8143310546875
28.0546875,953.8098754882812
28.0703125,953.8140258789062
28.0859375,953.8305053710938
28.1015625,953.8368530273438
28.1171875,953.8285522460938
28.1328125,953.83984375
28.1484375,953.837158203125
28.1640625,953.8572998046875
28.1796875,953.8627319335938
28.1953125,953.8798828125
28.2109375,953.8819580078125
28.2265625,953.8721923828125
28.2421875,953.8998413085938
28.2578125,953.8932495117188
28.2734375,953.8966674804688
28.2890625,953.90625
28.3046875,953.8927001953125
28.3203125,953.885498046875
28.3359375,953.9342041015625
28.3515625,953.8696899414062
28.3671875,953.9002685546875
28.3828125,953.9127197265625
28.3984375,953.9213256835938
28.4140625,953.8868408203125
28.4296875,953.889404296875
28.4453125,953.9347534179688
28.4609375,953.968505859375
28.4765625,953.931640625
28.4921875,953.9087524414062
28.5078125,953.9181518554688
28.5234375,953.9078979492188
28.5390625,953.9490356445312
28.5546875,954.0064086914062
28.5703125,953.9027709960938
28.5859375,953.950927734375
28.6015625,953.9183959960938
28.6171875,953.989013671875
28.6328125,953.9939575195312
28.6484375,953.9403076171875
28.6640625,954.0032348632812
28.6796875,953.939208984375
28.6953125,953.940673828125
28.7109375,953.9905395507812
28.7265625,953.9322509765625
28.7421875,953.921142578125
28.7578125,953.9542236328125
28.7734375,953.89404296875
28.7890625,953.9434814453125
28.8046875,953.9594116210938
28.8203125,953.9496459960938
28.8359375,953.9276123046875
28.8515625,953.9391479492188
28.8671875,953.919189453125
28.8828125,953.9721069335938
28.8984375,953.9418334960938
28.9140625,953.8634033203125
28.9296875,953.9398193359375
28.9453125,953.8919067382812
28.9609375,953.9183959960938
28.9765625,953.9094848632812
28.9921875,954.0022583007812
29.0078125,953.9705200195312
29.0234375,953.9071655273438
29.0390625,953.9484252929688
29.0546875,953.975341796875
29.0703125,953.9141235351562
29.0859375,953.9249877929688
29.1015625,953.962158203125
29.1171875,953.9796752929688
29.1328125,953.9267578125
29.1484375,953.9778442382812
29.1640625,953.9827270507812
29.1796875,953.998779296875
29.1953125,953.9758911132812
29.2109375,953.8961791992188
29.2265625,953.9261474609375
29.2421875,953.926513671875
29.2578125,953.9345703125
29.2734375,953.884521484375
29.2890625,953.9220581054688
29.3046875,953.9632568359375
29.3203125,953.9528198242188
29.3359375,953.95068359375
29.3515625,953.91357421875
29.3671875,953.8819580078125
29.3828125,953.8817138671875
29.3984375,953.9121704101562
29.4140625,953.9157104492188
29.4296875,953.8748779296875
29.4453125,953.864013671875
29.4609375,953.8709716796875
29.4765625,953.8505249023438
29.4921875,953.8538818359375
29.5078125,953.85888671875
29.5234375,953.8441162109375
29.5390625,953.8673095703125
29.5546875,953.8331909179688
29.5703125,953.8560791015625
29.5859375,953.8526611328125
29.6015625,953.8505859375
29.6171875,953.8446044921875
29.6328125,953.8488159179688
29.6484375,953.8479614257812
29.6640625,953.8311767578125
29.6796875,953.8516845703125
29.6953125,953.8583984375
29.7109375,953.8592529296875
29.7265625,953.8432006835938
29.7421875,953.8582763671875
29.7578125,953.8436279296875
29.7734375,953.8407592773438
29.7890625,953.8432006835938
29.8046875,953.8360595703125
29.8203125,953.8544311523438
29.8359375,953.8380737304688
29.8515625,953.8281860351562
29.8671875,953.821044921875
29.8828125,953.8278198242188
29.8984375,953.8236694335938
29.9140625,953.8215942382812
29.9296875,953.8240356445312
29.9453125,953.8275756835938
29.9609375,953.8209838867188
29.9765625,953.8176879882812
29.9921875,953.7963256835938
30.0078125,953.8172607421875
30.0234375,953.8126831054688
30.0390625,953.8017578125
30.0546875,953.8057861328125
30.0703125,953.8153686523438
30.0859375,953.7978515625
30.1015625,953.7991943359375
30.1171875,953.8079223632812
30.1328125,953.791015625
30.1484375,953.8018798828125
30.1640625,953.8009033203125
30.1796875,953.8125610351562
30.1953125,953.8037109375
30.2109375,953.8012084960938
30.2265625,953.8072509765625
30.2421875,953.8043823242188
30.2578125,953.7991943359375
30.2734375,953.7938232421875
30.2890625,953.7957763671875
30.3046875,953.7914428710938
30.3203125,953.8013305664062
30.3359375,953.7882690429688
30.3515625,953.788818359375
30.3671875,953.7821655273438
30.3828125,953.7852172851562
30.3984375,953.7858276367188
30.4140625,953.8047485351562
30.4296875,953.7861328125
30.4453125,953.7838134765625
30.4609375,953.7963256835938
30.4765625,953.781982421875
30.4921875,953.7813720703125
30.5078125,953.7848510742188
30.5234375,953.7971801757812
30.5390625,953.9405517578125
30.5546875,954.0389404296875
30.5703125,953.9962768554688
30.5859375,954.1785888671875
30.6015625,954.2060546875
30.6171875,954.0625610351562
30.6328125,953.9937133789062
30.6484375,953.9407348632812
30.6640625,953.893310546875
30.6796875,953.868896484375
30.6953125,953.852783203125
30.7109375,953.8590698242188
30.7265625,953.8599853515625
30.7421875,953.8515625
30.7578125,953.8279418945312
30.7734375,953.8220825195312
30.7890625,953.8340454101562
30.8046875,953.8218383789062
30.8203125,953.8175048828125
30.8359375,953.8162841796875
30.8515625,953.8270263671875
30.8671875,953.8184814453125
