Time (seconds),pred_0
46180.00000,0.12840
46190.00000,0.13116
46200.00000,0.12840
46210.00000,0.12840
46220.00000,0.12840
46230.00000,0.12840
46240.00000,0.12840
46250.00000,0.13116
46260.00000,0.12841
46270.00000,0.13116
46280.00000,0.12840
46290.00000,0.13116
46300.00000,0.12840
46310.00000,0.12840
46320.00000,0.12840
46330.00000,0.13116
46340.00000,0.12840
46350.00000,0.12840
46360.00000,0.13116
46370.00000,0.12840
46380.00000,0.13116
46390.00000,0.13118
46400.00000,0.12840
46410.00000,0.13116
46420.00000,0.12840
46430.00000,0.12840
46440.00000,0.13116
46450.00000,0.13116
46460.00000,0.13116
46470.00000,0.12709
46480.00000,0.13116
46490.00000,0.12840
46500.00000,0.13116
46510.00000,0.13116
46520.00000,0.12840
46530.00000,0.13116
46540.00000,0.13116
46550.00000,0.13116
46560.00000,0.12840
46570.00000,0.13116
46580.00000,0.13116
46590.00000,0.12840
46600.00000,0.12840
46610.00000,0.13116
46620.00000,0.13116
46630.00000,0.12840
46640.00000,0.12840
46650.00000,0.12840
46660.00000,0.13116
46670.00000,0.13116
46680.00000,0.13116
46690.00000,0.12840
46700.00000,0.13781
46710.00000,0.12840
46720.00000,0.13116
46730.00000,0.13116
46740.00000,0.13116
46750.00000,0.13116
46760.00000,0.12840
46770.00000,0.13116
46780.00000,0.13116
46790.00000,0.13114
46800.00000,0.13116
46810.00000,0.13116
46820.00000,0.13116
46830.00000,0.13116
46840.00000,0.13116
46850.00000,0.13781
46860.00000,0.13116
46870.00000,0.12840
46880.00000,0.12840
46890.00000,0.13116
46900.00000,0.12840
46910.00000,0.13116
46920.00000,0.13116
46930.00000,0.12840
46940.00000,0.13116
46950.00000,0.13781
46960.00000,0.12840
46970.00000,0.12840
46980.00000,0.13116
46990.00000,0.12840
47000.00000,0.12840
47010.00000,0.13116
47020.00000,0.12840
47030.00000,0.12840
47040.00000,0.12840
47050.00000,0.13116
47060.00000,0.13116
47070.00000,0.13116
47080.00000,0.13116
47090.00000,0.13116
47100.00000,0.12840
47110.00000,0.13116
47120.00000,0.13781
47130.00000,0.13116
47140.00000,0.12840
47150.00000,0.13116
47160.00000,0.12840
47170.00000,0.12840
47180.00000,0.12840
47190.00000,0.12840
47200.00000,0.13116
47210.00000,0.13116
47220.00000,0.13781
47230.00000,0.13116
47240.00000,0.12840
47250.00000,0.13116
47260.00000,0.13116
47270.00000,0.12840
47280.00000,0.12840
47290.00000,0.13116
47300.00000,0.12840
47310.00000,0.12840
47320.00000,0.12840
47330.00000,0.12840
47340.00000,0.13116
47350.00000,0.12840
47360.00000,0.13116
47370.00000,0.13116
47380.00000,0.13116
47390.00000,0.13116
47400.00000,0.13116
47410.00000,0.13116
47420.00000,0.13116
47430.00000,0.13116
47440.00000,0.13116
47450.00000,0.13116
47460.00000,0.13116
47470.00000,0.13116
47480.00000,0.13116
47490.00000,0.13118
47500.00000,0.12840
47510.00000,0.13116
47520.00000,0.13116
47530.00000,0.13781
47540.00000,0.13781
47550.00000,0.13116
47560.00000,0.13116
47570.00000,0.12840
47580.00000,0.13116
47590.00000,0.13116
47600.00000,0.13116
47610.00000,0.13116
47620.00000,0.12840
47630.00000,0.12840
47640.00000,0.12839
47650.00000,0.12840
47660.00000,0.13116
47670.00000,0.12840
47680.00000,0.13116
47690.00000,0.12840
47700.00000,0.12841
47710.00000,0.12840
47720.00000,0.12840
47730.00000,0.12840
47740.00000,0.13116
47750.00000,0.12841
47760.00000,0.12840
47770.00000,0.12840
47780.00000,0.13116
47790.00000,0.12841
47800.00000,0.13116
47810.00000,0.12840
47820.00000,0.12840
47830.00000,0.13116
47840.00000,0.13116
47850.00000,0.13116
47860.00000,0.13116
47870.00000,0.13116
47880.00000,0.12840
47890.00000,0.13116
47900.00000,0.12840
47910.00000,0.12840
47920.00000,0.13116
47930.00000,0.13116
47940.00000,0.13116
47950.00000,0.13116
47960.00000,0.12840
47970.00000,0.13116
47980.00000,0.12840
47990.00000,0.13118
48000.00000,0.13116
48010.00000,0.13116
48020.00000,0.13116
48030.00000,0.12840
48040.00000,0.13116
48050.00000,0.12840
48060.00000,0.13116
48070.00000,0.13116
48080.00000,0.13116
48090.00000,0.13116
48100.00000,0.13116
48110.00000,0.13781
48120.00000,0.13116
48130.00000,0.13116
48140.00000,0.13116
48150.00000,0.13116
48160.00000,0.13116
48170.00000,0.13116
48180.00000,0.12840
48190.00000,0.12840
48200.00000,0.13116
48210.00000,0.13116
48220.00000,0.13116
48230.00000,0.12840
48240.00000,0.12840
48250.00000,0.13116
48260.00000,0.12840
48270.00000,0.13116
48280.00000,0.13116
48290.00000,0.13116
48300.00000,0.12840
48310.00000,0.13116
48320.00000,0.13116
48330.00000,0.13118
48340.00000,0.12840
48350.00000,0.12840
48360.00000,0.13116
48370.00000,0.13116
48380.00000,0.13116
48390.00000,0.12840
48400.00000,0.13116
48410.00000,0.13116
48420.00000,0.13114
48430.00000,0.13116
48440.00000,0.13116
48450.00000,0.12840
48460.00000,0.13781
48470.00000,0.13116
48480.00000,0.13116
48490.00000,0.13116
48500.00000,0.13116
48510.00000,0.13116
48520.00000,0.13781
48530.00000,0.12840
48540.00000,0.13114
48550.00000,0.13116
48560.00000,0.13116
48570.00000,0.13116
48580.00000,0.13116
48590.00000,0.13781
48600.00000,0.13116
48610.00000,0.13116
48620.00000,0.13116
48630.00000,0.12709
48640.00000,0.12840
48650.00000,0.13116
48660.00000,0.12840
48670.00000,0.13116
48680.00000,0.12840
48690.00000,0.13116
48700.00000,0.13116
48710.00000,0.13116
48720.00000,0.12840
48730.00000,0.13116
48740.00000,0.12840
48750.00000,0.13116
48760.00000,0.13116
48770.00000,0.13116
48780.00000,0.13116
48790.00000,0.13116
48800.00000,0.13116
48810.00000,0.13116
48820.00000,0.13781
48830.00000,0.13116
48840.00000,0.13781
48850.00000,0.13116
48860.00000,0.13116
48870.00000,0.13116
48880.00000,0.13116
48890.00000,0.13116
48900.00000,0.13781
48910.00000,0.13116
48920.00000,0.12840
48930.00000,0.13781
48940.00000,0.13116
48950.00000,0.13116
48960.00000,0.13781
48970.00000,0.13116
48980.00000,0.13116
48990.00000,0.13116
49000.00000,0.13781
49010.00000,0.13781
49020.00000,0.13116
49030.00000,0.13116
49040.00000,0.13781
49050.00000,0.13116
49060.00000,0.13116
49070.00000,0.13116
49080.00000,0.13116
49090.00000,0.13781
49100.00000,0.12840
49110.00000,0.13116
49120.00000,0.13116
49130.00000,0.13116
49140.00000,0.13116
49150.00000,0.13118
49160.00000,0.13116
49170.00000,0.13116
49180.00000,0.13781
49190.00000,0.13116
49200.00000,0.13116
49210.00000,0.12840
49220.00000,0.13116
49230.00000,0.13116
49240.00000,0.13116
49250.00000,0.13116
49260.00000,0.13781
49270.00000,0.13116
49280.00000,0.13781
49290.00000,0.13116
49300.00000,0.13781
49310.00000,0.13781
49320.00000,0.13116
49330.00000,0.13781
49340.00000,0.13116
49350.00000,0.13116
49360.00000,0.13781
49370.00000,0.13116
49380.00000,0.13116
49390.00000,0.12840
49400.00000,0.12840
49410.00000,0.13116
49420.00000,0.12840
49430.00000,0.13118
49440.00000,0.12840
49450.00000,0.13116
49460.00000,0.13116
49470.00000,0.13116
49480.00000,0.13781
49490.00000,0.13781
49500.00000,0.13116
49510.00000,0.13781
49520.00000,0.13116
49530.00000,0.13116
49540.00000,0.13781
49550.00000,0.13116
49560.00000,0.13781
49570.00000,0.13116
49580.00000,0.13781
49590.00000,0.13781
49600.00000,0.13781
49610.00000,0.13781
49620.00000,0.13116
49630.00000,0.13781
49640.00000,0.13116
49650.00000,0.13116
49660.00000,0.13116
49670.00000,0.13116
49680.00000,0.13781
49690.00000,0.13777
49700.00000,0.12840
49710.00000,0.13116
49720.00000,0.13116
49730.00000,0.13116
49740.00000,0.13781
49750.00000,0.13781
49760.00000,0.13116
49770.00000,0.13784
49780.00000,0.13116
49790.00000,0.13116
49800.00000,0.12840
49810.00000,0.13116
49820.00000,0.13116
49830.00000,0.13116
49840.00000,0.13116
49850.00000,0.13781
49860.00000,0.13116
49870.00000,0.13116
49880.00000,0.13116
49890.00000,0.12840
49900.00000,0.13116
49910.00000,0.13118
49920.00000,0.13116
49930.00000,0.13116
49940.00000,0.13781
49950.00000,0.13116
49960.00000,0.12840
49970.00000,0.13781
49980.00000,0.12840
49990.00000,0.13116
50000.00000,0.13116
50010.00000,0.13116
50020.00000,0.13781
50030.00000,0.13781
50040.00000,0.13116
50050.00000,0.13116
50060.00000,0.13116
50070.00000,0.13116
50080.00000,0.13116
50090.00000,0.13781
50100.00000,0.13116
50110.00000,0.13116
50120.00000,0.13116
50130.00000,0.13781
50140.00000,0.13116
50150.00000,0.12840
50160.00000,0.13781
50170.00000,0.13116
50180.00000,0.13116
50190.00000,0.13116
50200.00000,0.13116
50210.00000,0.13781
50220.00000,0.13116
50230.00000,0.13116
50240.00000,0.13116
50250.00000,0.13781
50260.00000,0.13116
50270.00000,0.12840
50280.00000,0.13116
50290.00000,0.13781
50300.00000,0.13781
50310.00000,0.12840
50320.00000,0.13116
50330.00000,0.13116
50340.00000,0.13116
50350.00000,0.13116
50360.00000,0.13116
