# Time (seconds),f0
0.0078125,953.739501953125
0.0234375,953.7352905273438
0.0390625,953.7260131835938
0.0546875,953.75
0.0703125,953.7487182617188
0.0859375,953.7383422851562
0.1015625,953.7562866210938
0.1171875,953.7446899414062
0.1328125,953.7540283203125
0.1484375,953.7337036132812
0.1640625,953.7606201171875
0.1796875,953.743408203125
0.1953125,953.7467041015625
0.2109375,953.73974609375
0.2265625,953.7559204101562
0.2421875,953.7532348632812
0.2578125,953.7174682617188
0.2734375,953.7487182617188
0.2890625,953.7471923828125
0.3046875,953.7553100585938
0.3203125,953.7322998046875
0.3359375,953.7529296875
0.3515625,953.7565307617188
0.3671875,953.767578125
0.3828125,953.7467041015625
0.3984375,953.7493286132812
0.4140625,953.7576293945312
0.4296875,953.7492065429688
0.4453125,953.7506103515625
0.4609375,953.7393798828125
0.4765625,953.7462768554688
0.4921875,953.7476196289062
0.5078125,953.7443237304688
0.5234375,953.7360229492188
0.5390625,953.7531127929688
0.5546875,953.7495727539062
0.5703125,953.7456665039062
0.5859375,953.7403564453125
0.6015625,953.7411499023438
0.6171875,953.7553100585938
0.6328125,953.7564086914062
0.6484375,953.7561645507812
0.6640625,953.7365112304688
0.6796875,953.712158203125
0.6953125,953.7719116210938
0.7109375,953.7400512695312
0.7265625,953.7854614257812
0.7421875,953.754638671875
0.7578125,953.7301635742188
0.7734375,953.7303466796875
0.7890625,953.7472534179688
0.8046875,953.7670288085938
0.8203125,953.7798461914062
0.8359375,953.7678833007812
0.8515625,953.7822265625
0.8671875,953.7798461914062
0.8828125,953.7449951171875
0.8984375,953.7569580078125
0.9140625,953.7682495117188
0.9296875,953.7793579101562
0.9453125,953.7667236328125
0.9609375,953.7628173828125
0.9765625,953.7689819335938
0.9921875,953.7596435546875
1.0078125,953.7648315429688
1.0234375,953.7628784179688
1.0390625,953.7686767578125
1.0546875,953.743896484375
1.0703125,953.7657470703125
1.0859375,953.75390625
1.1015625,953.7774658203125
1.1171875,953.7322998046875
1.1328125,953.7556762695312
1.1484375,953.757568359375
1.1640625,953.7570190429688
1.1796875,953.7643432617188
1.1953125,953.765625
1.2109375,953.7698974609375
1.2265625,953.7671508789062
1.2421875,953.7877197265625
1.2578125,953.7762451171875
1.2734375,953.781982421875
1.2890625,953.7632446289062
1.3046875,953.7745971679688
1.3203125,953.7501220703125
1.3359375,953.7698974609375
1.3515625,953.7450561523438
1.3671875,953.7442016601562
1.3828125,953.7614135742188
1.3984375,953.7639770507812
1.4140625,953.7600708007812
1.4296875,953.7540283203125
1.4453125,953.7827758789062
1.4609375,953.750732421875
1.4765625,953.7614135742188
1.4921875,953.7653198242188
1.5078125,953.7706298828125
1.5234375,953.7572631835938
1.5390625,953.7447509765625
1.5546875,953.7612915039062
1.5703125,953.7306518554688
1.5859375,953.7489624023438
1.6015625,953.7420654296875
1.6171875,953.7412109375
1.6328125,953.7377319335938
1.6484375,953.7589721679688
1.6640625,953.7391967773438
1.6796875,953.74169921875
1.6953125,953.7575073242188
1.7109375,953.7362060546875
1.7265625,953.7521362304688
1.7421875,953.7528686523438
1.7578125,953.757080078125
1.7734375,953.7448120117188
1.7890625,953.7495727539062
1.8046875,953.7520141601562
1.8203125,953.7221069335938
1.8359375,953.7308959960938
1.8515625,953.7564086914062
1.8671875,953.7275390625
1.8828125,953.739990234375
1.8984375,953.7098999023438
1.9140625,953.7296142578125
1.9296875,953.7392578125
1.9453125,953.7225341796875
1.9609375,953.7131958007812
1.9765625,953.720703125
1.9921875,953.7293701171875
2.0078125,953.7294921875
2.0234375,953.7266845703125
2.0390625,953.729736328125
2.0546875,953.723388671875
2.0703125,953.735595703125
2.0859375,953.7212524414062
2.1015625,953.7290649414062
2.1171875,953.7210693359375
2.1328125,953.7277221679688
2.1484375,953.7189331054688
2.1640625,953.7208251953125
2.1796875,953.7207641601562
2.1953125,953.7177124023438
2.2109375,953.720703125
2.2265625,953.712158203125
2.2421875,953.7335205078125
2.2578125,953.7233276367188
2.2734375,953.7218627929688
2.2890625,953.7221069335938
2.3046875,953.7064819335938
2.3203125,953.7069091796875
2.3359375,953.7267456054688
2.3515625,953.7188720703125
2.3671875,953.7059936523438
2.3828125,953.7278442382812
2.3984375,953.692138671875
2.4140625,953.6982421875
2.4296875,953.7169799804688
2.4453125,953.7178955078125
2.4609375,953.7294921875
2.4765625,953.7063598632812
2.4921875,953.68701171875
2.5078125,953.7487182617188
2.5234375,953.6766357421875
2.5390625,953.7278442382812
2.5546875,953.6912231445312
2.5703125,953.7069091796875
2.5859375,953.7618408203125
2.6015625,953.7308349609375
2.6171875,953.6998291015625
2.6328125,953.720703125
2.6484375,953.7567138671875
2.6640625,953.7293701171875
2.6796875,953.7131958007812
2.6953125,953.7510986328125
2.7109375,953.7352294921875
2.7265625,953.7238159179688
2.7421875,953.754638671875
2.7578125,953.7466430664062
2.7734375,953.7070922851562
2.7890625,953.7271118164062
2.8046875,953.732177734375
2.8203125,953.651611328125
2.8359375,953.7001342773438
2.8515625,953.7228393554688
2.8671875,953.7296142578125
2.8828125,953.6845092773438
2.8984375,953.763671875
2.9140625,953.7650756835938
2.9296875,953.7413330078125
2.9453125,953.7492065429688
2.9609375,953.7713012695312
2.9765625,953.7067260742188
2.9921875,953.7592163085938
3.0078125,953.72998046875
3.0234375,953.7420654296875
3.0390625,953.7741088867188
3.0546875,953.7462158203125
3.0703125,953.7496948242188
3.0859375,953.7939453125
3.1015625,953.8013305664062
3.1171875,953.7455444335938
3.1328125,953.8334350585938
3.1484375,953.7742919921875
3.1640625,953.8135986328125
3.1796875,953.7848510742188
3.1953125,953.7673950195312
3.2109375,953.8045654296875
3.2265625,953.7826538085938
3.2421875,953.8020629882812
3.2578125,953.7639770507812
3.2734375,953.8260498046875
3.2890625,953.781005859375
3.3046875,953.7946166992188
3.3203125,953.7600708007812
3.3359375,953.7520751953125
3.3515625,953.765380859375
3.3671875,953.7963256835938
3.3828125,953.780517578125
3.3984375,953.77099609375
3.4140625,953.7864379882812
3.4296875,953.751953125
3.4453125,953.7704467773438
3.4609375,953.7268676757812
3.4765625,953.776611328125
3.4921875,953.7877197265625
3.5078125,953.7803955078125
3.5234375,953.76953125
3.5390625,953.7752685546875
3.5546875,953.7747192382812
3.5703125,953.7603759765625
3.5859375,953.760498046875
3.6015625,953.7666015625
3.6171875,953.7861328125
3.6328125,953.76123046875
3.6484375,953.7543334960938
3.6640625,953.7430419921875
3.6796875,953.7838745117188
3.6953125,953.7666015625
3.7109375,953.7571411132812
3.7265625,953.7525024414062
3.7421875,953.7615356445312
3.7578125,953.7525634765625
3.7734375,953.7598876953125
3.7890625,953.7596435546875
3.8046875,953.7630004882812
3.8203125,953.760986328125
3.8359375,953.761474609375
3.8515625,953.7457885742188
3.8671875,953.7506103515625
3.8828125,953.7626342773438
3.8984375,953.7542724609375
3.9140625,953.7525024414062
3.9296875,953.7413330078125
3.9453125,953.7576293945312
3.9609375,953.7579345703125
3.9765625,953.7308959960938
3.9921875,953.76171875
4.0078125,953.7420043945312
4.0234375,953.7311401367188
4.0390625,953.7349243164062
4.0546875,953.7346801757812
4.0703125,953.7374267578125
4.0859375,953.7306518554688
4.1015625,953.7369384765625
4.1171875,953.7576904296875
4.1328125,953.7517700195312
4.1484375,953.7421875
4.1640625,953.7373046875
4.1796875,953.7305908203125
4.1953125,953.7306518554688
4.2109375,953.735107421875
4.2265625,953.731201171875
4.2421875,953.729736328125
4.2578125,953.7359008789062
4.2734375,953.7288818359375
4.2890625,953.729248046875
4.3046875,953.7303466796875
4.3203125,953.7289428710938
4.3359375,953.7223510742188
4.3515625,953.7364501953125
4.3671875,953.729736328125
4.3828125,953.7366943359375
4.3984375,953.7191162109375
4.4140625,953.7232055664062
4.4296875,953.7142944335938
4.4453125,953.7288208007812
4.4609375,953.7219848632812
4.4765625,953.75537109375
4.4921875,953.7062377929688
4.5078125,953.7221069335938
4.5234375,953.7392578125
4.5390625,953.728515625
4.5546875,953.714111328125
4.5703125,953.7232055664062
4.5859375,953.7283325195312
4.6015625,953.7197265625
4.6171875,953.72021484375
4.6328125,953.7213134765625
4.6484375,953.729736328125
4.6640625,953.7387084960938
4.6796875,953.7223510742188
4.6953125,953.7469482421875
4.7109375,953.7481079101562
4.7265625,953.7134399414062
4.7421875,953.7285766601562
4.7578125,953.7208251953125
4.7734375,953.720703125
4.7890625,953.7471923828125
4.8046875,953.7559204101562
4.8203125,953.72607421875
4.8359375,953.7462158203125
4.8515625,953.7583618164062
4.8671875,953.7352294921875
4.8828125,953.7450561523438
4.8984375,953.7555541992188
4.9140625,953.7537841796875
4.9296875,953.751220703125
4.9453125,953.772705078125
4.9609375,953.745361328125
4.9765625,953.7518310546875
4.9921875,953.7423095703125
5.0078125,953.7589111328125
5.0234375,953.74609375
5.0390625,953.7529296875
5.0546875,953.7467041015625
5.0703125,953.7648315429688
5.0859375,953.7740478515625
5.1015625,953.7701416015625
5.1171875,953.7360229492188
5.1328125,953.7537841796875
5.1484375,953.7645263671875
5.1640625,953.7786254882812
5.1796875,953.75537109375
5.1953125,953.7626953125
5.2109375,953.76708984375
5.2265625,953.7657470703125
5.2421875,953.7770385742188
5.2578125,953.7495727539062
5.2734375,953.7457885742188
5.2890625,953.7525634765625
5.3046875,953.7518310546875
5.3203125,953.7584228515625
5.3359375,953.7779541015625
5.3515625,953.754638671875
5.3671875,953.7647705078125
5.3828125,953.7618408203125
5.3984375,953.7583618164062
5.4140625,953.7517700195312
5.4296875,953.7673950195312
5.4453125,953.764404296875
5.4609375,953.7476196289062
5.4765625,953.7682495117188
5.4921875,953.7582397460938
5.5078125,953.7536010742188
5.5234375,953.7658081054688
5.5390625,953.7340698242188
5.5546875,953.7791748046875
5.5703125,953.7596435546875
5.5859375,953.7470092773438
5.6015625,953.7732543945312
5.6171875,953.7347412109375
5.6328125,953.7484741210938
5.6484375,953.7380981445312
5.6640625,953.7415161132812
5.6796875,953.7562866210938
5.6953125,953.7498168945312
5.7109375,953.754638671875
5.7265625,953.7311401367188
5.7421875,953.7380981445312
5.7578125,953.7406616210938
5.7734375,953.7473754882812
5.7890625,953.7506713867188
5.8046875,953.7354736328125
5.8203125,953.7506103515625
5.8359375,953.7271728515625
5.8515625,953.7283935546875
5.8671875,953.7423706054688
5.8828125,953.73779296875
5.8984375,953.7260131835938
5.9140625,953.7341918945312
5.9296875,953.7423095703125
5.9453125,953.7263793945312
5.9609375,953.72021484375
5.9765625,953.7233276367188
5.9921875,953.7194213867188
6.0078125,953.72021484375
6.0234375,953.7186279296875
6.0390625,953.7207641601562
6.0546875,953.717529296875
6.0703125,953.7188110351562
6.0859375,953.7207641601562
6.1015625,953.7254638671875
6.1171875,953.7028198242188
6.1328125,953.71435546875
6.1484375,953.7164916992188
6.1640625,953.7262573242188
6.1796875,953.703125
6.1953125,953.7092895507812
6.2109375,953.7151489257812
6.2265625,953.7105102539062
6.2421875,953.7151489257812
6.2578125,953.6970825195312
6.2734375,953.7205200195312
6.2890625,953.6985473632812
6.3046875,953.7179565429688
6.3203125,953.7244262695312
6.3359375,953.725830078125
6.3515625,953.708740234375
6.3671875,953.7180786132812
6.3828125,953.7168579101562
6.3984375,953.7625732421875
6.4140625,953.757568359375
6.4296875,953.7445678710938
6.4453125,953.7247924804688
6.4609375,953.7247924804688
6.4765625,953.7517700195312
6.4921875,953.7481079101562
6.5078125,953.745849609375
6.5234375,953.7484741210938
6.5390625,953.7583618164062
6.5546875,953.7260131835938
6.5703125,953.7338256835938
6.5859375,953.7485961914062
6.6015625,953.7413330078125
6.6171875,953.8088989257812
6.6328125,953.7662963867188
6.6484375,953.73828125
6.6640625,953.7623291015625
6.6796875,953.7440185546875
6.6953125,953.7745971679688
6.7109375,953.7954711914062
6.7265625,953.76953125
6.7421875,953.729736328125
6.7578125,953.7430419921875
6.7734375,953.770751953125
6.7890625,953.7442016601562
6.8046875,953.759033203125
6.8203125,953.7698364257812
6.8359375,953.7383422851562
6.8515625,953.7716064453125
6.8671875,953.7308959960938
6.8828125,953.7674560546875
6.8984375,953.7877197265625
6.9140625,953.7619018554688
6.9296875,953.7529296875
6.9453125,953.762451171875
6.9609375,953.7620239257812
6.9765625,953.755859375
6.9921875,953.7717895507812
7.0078125,953.7777709960938
7.0234375,953.7660522460938
7.0390625,953.7618408203125
7.0546875,953.7481689453125
7.0703125,953.7472534179688
7.0859375,953.7695922851562
7.1015625,953.778076171875
7.1171875,953.7628173828125
7.1328125,953.7528686523438
7.1484375,953.7571411132812
7.1640625,953.7518310546875
7.1796875,953.7578735351562
7.1953125,953.7462768554688
7.2109375,953.7296142578125
7.2265625,953.7435913085938
7.2421875,953.7456665039062
7.2578125,953.7271728515625
7.2734375,953.7314453125
7.2890625,953.7462768554688
7.3046875,953.7328491210938
7.3203125,953.7347412109375
7.3359375,953.728271484375
7.3515625,953.7533569335938
7.3671875,953.7456665039062
7.3828125,953.7244873046875
7.3984375,953.7182006835938
7.4140625,953.7260131835938
7.4296875,953.7255859375
7.4453125,953.7376098632812
7.4609375,953.7423706054688
7.4765625,953.7264404296875
7.4921875,953.7322387695312
7.5078125,953.71875
7.5234375,953.7249755859375
7.5390625,953.7454223632812
7.5546875,953.7210693359375
7.5703125,953.73193359375
7.5859375,953.7173461914062
7.6015625,953.7227783203125
7.6171875,953.7243041992188
7.6328125,953.7251586914062
7.6484375,953.73193359375
7.6640625,953.7180786132812
7.6796875,953.7251586914062
7.6953125,953.72412109375
7.7109375,953.7084350585938
7.7265625,953.7176513671875
7.7421875,953.7239379882812
7.7578125,953.7171020507812
7.7734375,953.7098388671875
7.7890625,953.7169189453125
7.8046875,953.70703125
7.8203125,953.7239379882812
7.8359375,953.7034301757812
7.8515625,953.7378540039062
7.8671875,953.694091796875
7.8828125,953.7169189453125
7.8984375,953.6946411132812
7.9140625,953.7235107421875
7.9296875,953.7035522460938
7.9453125,953.7015991210938
7.9609375,953.7232666015625
7.9765625,953.719970703125
7.9921875,953.7440185546875
8.0078125,953.7079467773438
8.0234375,953.7156982421875
8.0390625,953.7313842773438
8.0546875,953.723876953125
8.0703125,953.7483520507812
8.0859375,953.7141723632812
8.1015625,953.7614135742188
8.1171875,953.796630859375
8.1328125,953.7601318359375
8.1484375,953.7665405273438
8.1640625,953.7991333007812
8.1796875,953.7570190429688
8.1953125,953.778076171875
8.2109375,953.7689819335938
8.2265625,953.7333984375
8.2421875,953.7798461914062
8.2578125,953.7498168945312
8.2734375,953.7933349609375
8.2890625,953.7500610351562
8.3046875,953.7542724609375
8.3203125,953.7503051757812
8.3359375,953.79248046875
8.3515625,953.778076171875
8.3671875,953.7667846679688
8.3828125,953.7797241210938
8.3984375,953.7759399414062
8.4140625,953.7590942382812
8.4296875,953.7584838867188
8.4453125,953.7578735351562
8.4609375,953.7442016601562
8.4765625,953.7526245117188
8.4921875,953.7780151367188
8.5078125,953.7619018554688
8.5234375,953.7471923828125
8.5390625,953.7754516601562
8.5546875,953.7645874023438
8.5703125,953.7568359375
8.5859375,953.781005859375
8.6015625,953.771240234375
8.6171875,953.763671875
8.6328125,953.7633666992188
8.6484375,953.8041381835938
8.6640625,953.7765502929688
8.6796875,953.7608642578125
8.6953125,953.7489013671875
8.7109375,953.7555541992188
8.7265625,953.7667236328125
8.7421875,953.7406005859375
8.7578125,953.7637329101562
8.7734375,953.7672729492188
8.7890625,953.7596435546875
8.8046875,953.7481079101562
8.8203125,953.7694091796875
8.8359375,953.7564697265625
8.8515625,953.7609252929688
8.8671875,953.7459716796875
8.8828125,953.7534790039062
8.8984375,953.7606201171875
8.9140625,953.7489013671875
8.9296875,953.777099609375
8.9453125,953.7477416992188
8.9609375,953.7608642578125
8.9765625,953.7523193359375
8.9921875,953.7431030273438
9.0078125,953.757568359375
9.0234375,953.7451171875
9.0390625,953.7600708007812
9.0546875,953.7642211914062
9.0703125,953.7417602539062
9.0859375,953.7534790039062
9.1015625,953.7303466796875
9.1171875,953.7587280273438
9.1328125,953.7454223632812
9.1484375,953.7474975585938
9.1640625,953.7548828125
9.1796875,953.7486572265625
9.1953125,953.7491455078125
9.2109375,953.750732421875
9.2265625,953.7363891601562
9.2421875,953.7555541992188
9.2578125,953.7352294921875
9.2734375,953.7568359375
9.2890625,953.7317504882812
9.3046875,953.7491455078125
9.3203125,953.7520751953125
9.3359375,953.7435913085938
9.3515625,953.7367553710938
9.3671875,953.73388671875
9.3828125,953.7443237304688
9.3984375,953.7286987304688
9.4140625,953.7462768554688
9.4296875,953.7345581054688
9.4453125,953.7409057617188
9.4609375,953.7335205078125
9.4765625,953.7265625
9.4921875,953.7369995117188
9.5078125,953.7477416992188
9.5234375,953.7276611328125
9.5390625,953.7215576171875
9.5546875,953.7274169921875
9.5703125,953.7361450195312
9.5859375,953.7380981445312
9.6015625,953.7276611328125
9.6171875,953.6992797851562
9.6328125,953.7203979492188
9.6484375,953.7457885742188
9.6640625,953.7080078125
9.6796875,953.713623046875
9.6953125,953.7340698242188
9.7109375,953.7190551757812
9.7265625,953.7208251953125
9.7421875,953.719482421875
9.7578125,953.718017578125
9.7734375,953.7112426757812
9.7890625,953.7182006835938
9.8046875,953.7124633789062
9.8203125,953.7266235351562
9.8359375,953.7330322265625
9.8515625,953.6935424804688
9.8671875,953.7277221679688
9.8828125,953.7314453125
9.8984375,953.7625732421875
9.9140625,953.7393798828125
9.9296875,953.7682495117188
9.9453125,953.7732543945312
9.9609375,953.7755126953125
9.9765625,953.7589111328125
9.9921875,953.7578125
10.0078125,953.789794921875
10.0234375,953.8558349609375
10.0390625,953.780517578125
10.0546875,953.7849731445312
10.0703125,953.8779296875
10.0859375,953.7946166992188
10.1015625,953.8218383789062
10.1171875,953.8161010742188
10.1328125,953.7977294921875
10.1484375,953.809814453125
10.1640625,953.757080078125
10.1796875,953.798828125
10.1953125,953.7548217773438
10.2109375,953.784912109375
10.2265625,953.8164672851562
10.2421875,953.7863159179688
10.2578125,953.7650756835938
10.2734375,953.7847290039062
10.2890625,953.805908203125
10.3046875,953.8155517578125
10.3203125,953.815185546875
10.3359375,953.799560546875
10.3515625,953.7589111328125
10.3671875,953.772216796875
10.3828125,953.8465576171875
10.3984375,953.7691040039062
10.4140625,953.7653198242188
10.4296875,953.7720947265625
10.4453125,953.7617797851562
10.4609375,953.7728881835938
10.4765625,953.7708129882812
10.4921875,953.7933959960938
10.5078125,953.7579345703125
10.5234375,953.7857666015625
10.5390625,953.7791748046875
10.5546875,953.7638549804688
10.5703125,953.7515258789062
10.5859375,953.7687377929688
10.6015625,953.7647705078125
10.6171875,953.7540893554688
10.6328125,953.7781982421875
10.6484375,953.751953125
10.6640625,953.7615356445312
10.6796875,953.7599487304688
10.6953125,953.7539672851562
10.7109375,953.7698974609375
10.7265625,953.765380859375
10.7421875,953.7587890625
10.7578125,953.7525024414062
10.7734375,953.7730102539062
10.7890625,953.7698364257812
10.8046875,953.7640380859375
10.8203125,953.7747192382812
10.8359375,953.7596435546875
10.8515625,953.7623291015625
10.8671875,953.76171875
10.8828125,953.7537841796875
10.8984375,953.7517700195312
10.9140625,953.759765625
10.9296875,953.7399291992188
10.9453125,953.7348022460938
10.9609375,953.7404174804688
10.9765625,953.7420654296875
10.9921875,953.7544555664062
11.0078125,953.7324829101562
11.0234375,953.7478637695312
11.0390625,953.731201171875
11.0546875,953.7374267578125
11.0703125,953.7203979492188
11.0859375,953.7308349609375
11.1015625,953.7311401367188
11.1171875,953.751953125
11.1328125,953.752685546875
11.1484375,953.7282104492188
11.1640625,953.7327880859375
11.1796875,953.7099609375
11.1953125,953.729248046875
11.2109375,953.7198486328125
11.2265625,953.7303466796875
11.2421875,953.7564086914062
11.2578125,953.7302856445312
11.2734375,953.7244262695312
11.2890625,953.7228393554688
11.3046875,953.7365112304688
11.3203125,953.7296752929688
11.3359375,953.73046875
11.3515625,953.7225341796875
11.3671875,953.7205810546875
11.3828125,953.740966796875
11.3984375,953.7063598632812
11.4140625,953.7196655273438
11.4296875,953.7213134765625
11.4453125,953.7190551757812
11.4609375,953.7283935546875
11.4765625,953.706298828125
11.4921875,953.7283325195312
11.5078125,953.7194213867188
11.5234375,953.7230224609375
11.5390625,953.72216796875
11.5546875,953.7290649414062
11.5703125,953.7396850585938
11.5859375,953.7134399414062
11.6015625,953.7393798828125
11.6171875,953.7296752929688
11.6328125,953.7335205078125
11.6484375,953.74951171875
11.6640625,953.7620849609375
11.6796875,953.7345581054688
11.6953125,953.7742919921875
11.7109375,953.7479248046875
11.7265625,953.74755859375
11.7421875,953.7796630859375
11.7578125,953.7656860351562
11.7734375,953.7119140625
11.7890625,953.772705078125
11.8046875,953.7664794921875
11.8203125,953.7731323242188
11.8359375,953.8402099609375
11.8515625,953.8695068359375
11.8671875,953.8125
11.8828125,953.8167114257812
11.8984375,953.76953125
11.9140625,953.7810668945312
11.9296875,953.8190307617188
11.9453125,953.8154296875
11.9609375,953.8020629882812
11.9765625,953.8078002929688
11.9921875,953.7576293945312
12.0078125,953.7915649414062
12.0234375,953.80615234375
12.0390625,953.78515625
12.0546875,953.86083984375
12.0703125,953.7706909179688
12.0859375,953.7863159179688
12.1015625,953.7888793945312
12.1171875,953.8141479492188
12.1328125,953.801513671875
12.1484375,953.7796630859375
12.1640625,953.7747192382812
12.1796875,953.774169921875
12.1953125,953.7780151367188
12.2109375,953.7861328125
12.2265625,953.7607421875
12.2421875,953.7772216796875
12.2578125,953.7648315429688
12.2734375,953.7805786132812
12.2890625,953.7567138671875
12.3046875,953.7625732421875
12.3203125,953.7554321289062
12.3359375,953.786376953125
12.3515625,953.7788696289062
12.3671875,953.7677612304688
12.3828125,953.7720336914062
12.3984375,953.769287109375
12.4140625,953.7642211914062
12.4296875,953.7850341796875
12.4453125,953.7750854492188
12.4609375,953.7660522460938
12.4765625,953.7489013671875
12.4921875,953.7742919921875
12.5078125,953.770263671875
12.5234375,953.767333984375
12.5390625,953.7603759765625
12.5546875,953.7537841796875
12.5703125,953.7560424804688
12.5859375,953.7674560546875
12.6015625,953.7748413085938
12.6171875,953.7589111328125
12.6328125,953.7590942382812
12.6484375,953.7661743164062
12.6640625,953.7384033203125
12.6796875,953.75537109375
12.6953125,953.7366943359375
12.7109375,953.7578735351562
12.7265625,953.7572631835938
12.7421875,953.7423095703125
12.7578125,953.7345581054688
12.7734375,953.7421875
12.7890625,953.7388305664062
12.8046875,953.7413940429688
12.8203125,953.7420654296875
12.8359375,953.7413940429688
12.8515625,953.754638671875
12.8671875,953.735107421875
12.8828125,953.754638671875
12.8984375,953.7543334960938
12.9140625,953.7345581054688
12.9296875,953.7377319335938
12.9453125,953.755126953125
12.9609375,953.7341918945312
12.9765625,953.7481079101562
12.9921875,953.7327880859375
13.0078125,953.731201171875
13.0234375,953.7335205078125
13.0390625,953.7269287109375
13.0546875,953.7255859375
13.0703125,953.7279663085938
13.0859375,953.7255249023438
13.1015625,953.7113037109375
13.1171875,953.7328491210938
13.1328125,953.7114868164062
13.1484375,953.7188110351562
13.1640625,953.7251586914062
13.1796875,953.7255249023438
13.1953125,953.7216186523438
13.2109375,953.73046875
13.2265625,953.7174682617188
13.2421875,953.708740234375
13.2578125,953.7252807617188
13.2734375,953.7251586914062
13.2890625,953.7322998046875
13.3046875,953.7252197265625
13.3203125,953.7185668945312
13.3359375,953.7103881835938
13.3515625,953.7108154296875
13.3671875,953.722412109375
13.3828125,953.733642578125
13.3984375,953.7617797851562
13.4140625,953.7313232421875
13.4296875,953.7864379882812
13.4453125,953.7767944335938
13.4609375,953.7823486328125
13.4765625,953.8815307617188
13.4921875,953.8201293945312
13.5078125,953.8204345703125
13.5234375,953.8071899414062
13.5390625,953.8458862304688
13.5546875,953.7838745117188
13.5703125,953.7760620117188
13.5859375,953.8090209960938
13.6015625,953.7991943359375
13.6171875,953.7738037109375
13.6328125,953.7508544921875
13.6484375,953.8195190429688
13.6640625,953.7990112304688
13.6796875,953.7887573242188
13.6953125,953.8576049804688
13.7109375,953.7770385742188
13.7265625,953.8327026367188
13.7421875,953.8189697265625
13.7578125,953.7807006835938
13.7734375,953.90625
13.7890625,953.8137817382812
13.8046875,953.8287963867188
13.8203125,953.8651123046875
13.8359375,953.8075561523438
13.8515625,953.7958984375
13.8671875,953.8466796875
13.8828125,953.7794189453125
13.8984375,953.8363037109375
13.9140625,953.7807006835938
13.9296875,953.835693359375
13.9453125,953.8350830078125
13.9609375,953.8162841796875
13.9765625,953.8671875
13.9921875,953.8214111328125
14.0078125,953.8572387695312
14.0234375,953.8182373046875
14.0390625,953.8968505859375
14.0546875,953.8035888671875
14.0703125,953.8706665039062
14.0859375,953.883544921875
14.1015625,953.832763671875
14.1171875,953.8433227539062
14.1328125,953.8735961914062
14.1484375,953.8005981445312
14.1640625,953.8700561523438
14.1796875,953.8673706054688
14.1953125,953.8259887695312
14.2109375,953.889892578125
14.2265625,953.8182373046875
14.2421875,953.796142578125
14.2578125,953.8706665039062
14.2734375,953.8173217773438
14.2890625,953.8090209960938
14.3046875,953.815185546875
14.3203125,953.8049926757812
14.3359375,953.8090209960938
14.3515625,953.8004760742188
14.3671875,953.7916870117188
14.3828125,953.78125
14.3984375,953.811767578125
14.4140625,953.7933349609375
14.4296875,953.7864379882812
14.4453125,953.79833984375
14.4609375,953.8096923828125
14.4765625,953.8104248046875
14.4921875,953.7799682617188
14.5078125,953.7868041992188
14.5234375,953.792236328125
14.5390625,953.8016357421875
14.5546875,953.7927856445312
14.5703125,953.7871704101562
14.5859375,953.7970581054688
14.6015625,953.7888793945312
14.6171875,953.795654296875
14.6328125,953.7799682617188
14.6484375,953.7841186523438
14.6640625,953.7999267578125
14.6796875,953.7916259765625
14.6953125,953.7849731445312
14.7109375,953.7813110351562
14.7265625,953.7841186523438
14.7421875,953.8001098632812
14.7578125,953.780029296875
14.7734375,953.7809448242188
14.7890625,953.7643432617188
14.8046875,953.7822265625
14.8203125,953.7755737304688
14.8359375,953.7615966796875
14.8515625,953.7779541015625
14.8671875,953.7778930664062
14.8828125,953.7774658203125
14.8984375,953.7725830078125
14.9140625,953.7606201171875
14.9296875,953.7521362304688
14.9453125,953.780517578125
14.9609375,953.7775268554688
14.9765625,953.7772216796875
14.9921875,953.7700805664062
15.0078125,953.7506713867188
15.0234375,953.7587280273438
15.0390625,953.7557373046875
15.0546875,953.7494506835938
15.0703125,953.7542724609375
15.0859375,953.7537231445312
15.1015625,953.763671875
15.1171875,953.7553100585938
15.1328125,953.766845703125
15.1484375,953.7491455078125
15.1640625,953.76171875
15.1796875,953.7810668945312
15.1953125,953.7654418945312
15.2109375,953.7733154296875
15.2265625,953.7780151367188
15.2421875,953.7600708007812
15.2578125,953.7955322265625
15.2734375,953.8060913085938
15.2890625,953.8076171875
15.3046875,953.7609252929688
15.3203125,953.7939453125
15.3359375,953.8010864257812
15.3515625,953.8329467773438
15.3671875,953.8480224609375
15.3828125,953.8162841796875
15.3984375,953.7977905273438
15.4140625,953.8457641601562
15.4296875,953.829833984375
15.4453125,953.794921875
15.4609375,953.8497924804688
15.4765625,953.8013305664062
15.4921875,953.8097534179688
15.5078125,953.854736328125
15.5234375,953.8096923828125
15.5390625,953.8728637695312
15.5546875,953.8019409179688
15.5703125,953.8028564453125
15.5859375,953.8211669921875
15.6015625,953.8098754882812
15.6171875,953.8019409179688
15.6328125,953.8255004882812
15.6484375,953.7894897460938
15.6640625,953.80029296875
15.6796875,953.8477783203125
15.6953125,953.8465576171875
15.7109375,953.8343505859375
15.7265625,953.8687133789062
15.7421875,953.8427734375
15.7578125,953.847412109375
15.7734375,953.817626953125
15.7890625,953.8262939453125
15.8046875,953.8764038085938
15.8203125,953.8569946289062
15.8359375,953.8628540039062
15.8515625,953.8544311523438
15.8671875,953.8062133789062
15.8828125,953.8706665039062
15.8984375,953.8424072265625
15.9140625,953.8876342773438
15.9296875,953.776123046875
15.9453125,953.834716796875
15.9609375,953.8945922851562
15.9765625,953.806640625
15.9921875,953.8331909179688
16.0078125,953.8311767578125
16.0234375,953.8239135742188
16.0390625,953.85888671875
16.0546875,953.8382568359375
16.0703125,953.823486328125
16.0859375,953.8095703125
16.1015625,953.806640625
16.1171875,953.8013305664062
16.1328125,953.8141479492188
16.1484375,953.832763671875
16.1640625,953.7993774414062
16.1796875,953.8236694335938
16.1953125,953.8224487304688
16.2109375,953.8029174804688
16.2265625,953.7803955078125
16.2421875,953.8162231445312
16.2578125,953.821044921875
16.2734375,953.8232421875
16.2890625,953.8119506835938
16.3046875,953.8276977539062
16.3203125,953.822265625
16.3359375,953.7971801757812
16.3515625,953.8231201171875
16.3671875,953.80419921875
16.3828125,953.8131103515625
16.3984375,953.8119506835938
16.4140625,953.821533203125
16.4296875,953.8042602539062
16.4453125,953.82177734375
16.4609375,953.8070678710938
16.4765625,953.8024291992188
16.4921875,953.800537109375
16.5078125,953.79296875
16.5234375,953.8049926757812
16.5390625,953.7931518554688
16.5546875,953.8008422851562
16.5703125,953.809326171875
16.5859375,953.8011474609375
16.6015625,953.7963256835938
16.6171875,953.8026123046875
16.6328125,953.8072509765625
16.6484375,953.812255859375
16.6640625,953.7932739257812
16.6796875,953.7977294921875
16.6953125,953.7958984375
16.7109375,953.7804565429688
16.7265625,953.7833862304688
16.7421875,953.7767944335938
16.7578125,953.7891235351562
16.7734375,953.7908935546875
16.7890625,953.796630859375
16.8046875,953.7911987304688
16.8203125,953.7713623046875
16.8359375,953.7855224609375
16.8515625,953.7997436523438
16.8671875,953.7985229492188
16.8828125,953.7866821289062
16.8984375,953.7861328125
16.9140625,953.7654418945312
16.9296875,953.7720947265625
16.9453125,953.7907104492188
16.9609375,953.7901611328125
16.9765625,953.8088989257812
16.9921875,953.7756958007812
17.0078125,953.7877807617188
17.0234375,953.7807006835938
17.0390625,953.7694091796875
17.0546875,953.7865600585938
17.0703125,953.7966918945312
17.0859375,953.7931518554688
17.1015625,953.7728881835938
17.1171875,953.8073120117188
17.1328125,953.7951049804688
17.1484375,953.8135986328125
17.1640625,953.7900390625
17.1796875,953.7975463867188
17.1953125,953.7962036132812
17.2109375,953.8237915039062
17.2265625,953.8262939453125
17.2421875,953.830810546875
17.2578125,953.8374633789062
17.2734375,953.8092651367188
17.2890625,953.8527221679688
17.3046875,953.832763671875
17.3203125,953.7880859375
17.3359375,953.739501953125
17.3515625,953.8256225585938
17.3671875,953.841796875
17.3828125,953.811767578125
17.3984375,953.8159790039062
17.4140625,953.8414916992188
17.4296875,953.8240966796875
17.4453125,953.8116455078125
17.4609375,953.7791748046875
17.4765625,953.8231201171875
17.4921875,953.8316040039062
17.5078125,953.8195190429688
17.5234375,953.8011474609375
17.5390625,953.8530883789062
17.5546875,953.820068359375
17.5703125,953.814208984375
17.5859375,953.8350830078125
17.6015625,953.82958984375
17.6171875,953.819580078125
17.6328125,953.860595703125
17.6484375,953.8027954101562
17.6640625,953.8069458007812
17.6796875,953.837158203125
17.6953125,953.839111328125
17.7109375,953.833984375
17.7265625,953.850341796875
17.7421875,953.8208618164062
17.7578125,953.7974853515625
17.7734375,953.8668823242188
17.7890625,953.846923828125
17.8046875,953.8599853515625
17.8203125,953.8402099609375
17.8359375,953.8240356445312
17.8515625,953.9005737304688
17.8671875,953.87060546875
17.8828125,953.8508911132812
17.8984375,953.8365478515625
17.9140625,953.806396484375
17.9296875,953.807861328125
17.9453125,953.7769165039062
17.9609375,953.8465576171875
17.9765625,953.7958984375
17.9921875,953.8285522460938
18.0078125,953.8102416992188
18.0234375,953.790283203125
18.0390625,953.8224487304688
18.0546875,953.803955078125
18.0703125,953.8097534179688
18.0859375,953.8058471679688
18.1015625,953.7931518554688
18.1171875,953.7921142578125
18.1328125,953.8092041015625
18.1484375,953.7877197265625
18.1640625,953.8109130859375
18.1796875,953.7849731445312
18.1953125,953.7855834960938
18.2109375,953.7879638671875
18.2265625,953.794921875
18.2421875,953.805419921875
18.2578125,953.8018798828125
18.2734375,953.7919921875
18.2890625,953.7951049804688
18.3046875,953.7935791015625
18.3203125,953.8017578125
18.3359375,953.7784423828125
18.3515625,953.7978515625
18.3671875,953.773193359375
18.3828125,953.7852172851562
18.3984375,953.7866821289062
18.4140625,953.8057861328125
18.4296875,953.7704467773438
18.4453125,953.7941284179688
18.4609375,953.7882080078125
18.4765625,953.7765502929688
18.4921875,953.7705078125
18.5078125,953.7857666015625
18.5234375,953.7694091796875
18.5390625,953.7754516601562
18.5546875,953.7791748046875
18.5703125,953.7681884765625
18.5859375,953.7841796875
18.6015625,953.7766723632812
18.6171875,953.766357421875
18.6328125,953.766357421875
18.6484375,953.766357421875
18.6640625,953.7717895507812
18.6796875,953.7721557617188
18.6953125,953.7653198242188
18.7109375,953.7564697265625
18.7265625,953.7838134765625
18.7421875,953.765380859375
18.7578125,953.7645874023438
18.7734375,953.76318359375
18.7890625,953.7688598632812
18.8046875,953.7631225585938
18.8203125,953.7689819335938
18.8359375,953.755126953125
18.8515625,953.755615234375
18.8671875,953.7659301757812
18.8828125,953.7547607421875
18.8984375,953.7528076171875
18.9140625,953.7384033203125
18.9296875,953.7601318359375
18.9453125,953.779296875
18.9609375,953.7686767578125
18.9765625,953.7520751953125
18.9921875,953.7369384765625
19.0078125,953.7730102539062
19.0234375,953.769287109375
19.0390625,953.7723388671875
19.0546875,953.7649536132812
19.0703125,953.783935546875
19.0859375,953.7601928710938
19.1015625,953.8460693359375
19.1171875,953.7835693359375
19.1328125,953.7876586914062
19.1484375,953.7938232421875
19.1640625,953.827392578125
19.1796875,953.8096923828125
19.1953125,953.8146362304688
19.2109375,953.7824096679688
19.2265625,953.833251953125
19.2421875,953.7850341796875
19.2578125,953.7827758789062
19.2734375,953.8226318359375
19.2890625,953.856201171875
19.3046875,953.7941284179688
19.3203125,953.8051147460938
19.3359375,953.8652954101562
19.3515625,953.7994995117188
19.3671875,953.8003540039062
19.3828125,953.7973022460938
19.3984375,953.9075317382812
19.4140625,953.8544921875
19.4296875,953.8309326171875
19.4453125,953.8095703125
19.4609375,953.8313598632812
19.4765625,953.797607421875
19.4921875,953.8078002929688
19.5078125,953.9190673828125
19.5234375,953.8233642578125
19.5390625,953.7372436523438
19.5546875,953.8419189453125
19.5703125,953.819091796875
19.5859375,953.8305053710938
19.6015625,953.8175048828125
19.6171875,953.7832641601562
19.6328125,953.8306274414062
19.6484375,953.8040161132812
19.6640625,953.8034057617188
19.6796875,953.7785034179688
19.6953125,953.7907104492188
19.7109375,953.828125
19.7265625,953.794189453125
19.7421875,953.827880859375
19.7578125,953.8574829101562
19.7734375,953.8125
19.7890625,953.8251342773438
19.8046875,953.8270263671875
19.8203125,953.8424072265625
19.8359375,953.8087768554688
19.8515625,953.8583984375
19.8671875,953.82177734375
19.8828125,953.8165283203125
19.8984375,953.853271484375
19.9140625,953.8430786132812
19.9296875,953.8231201171875
19.9453125,953.8887329101562
19.9609375,953.7966918945312
19.9765625,953.841796875
19.9921875,953.8169555664062
20.0078125,953.8013305664062
20.0234375,953.80029296875
20.0390625,953.8208618164062
20.0546875,953.8025512695312
20.0703125,953.8095092773438
20.0859375,953.79833984375
20.1015625,953.8240356445312
20.1171875,953.810302734375
20.1328125,953.7964477539062
20.1484375,953.7985229492188
20.1640625,953.813720703125
20.1796875,953.78662109375
20.1953125,953.8150634765625
20.2109375,953.7939453125
20.2265625,953.8056030273438
20.2421875,953.81591796875
20.2578125,953.8005981445312
20.2734375,953.7930297851562
20.2890625,953.8027954101562
20.3046875,953.8046875
20.3203125,953.8123779296875
20.3359375,953.818359375
20.3515625,953.7979736328125
20.3671875,953.7955322265625
20.3828125,953.7889404296875
20.3984375,953.7964477539062
20.4140625,953.8041381835938
20.4296875,953.8070068359375
20.4453125,953.8125
20.4609375,953.80615234375
20.4765625,953.7858276367188
20.4921875,953.7779541015625
20.5078125,953.7733154296875
20.5234375,953.7828979492188
20.5390625,953.7827758789062
20.5546875,953.7747192382812
20.5703125,953.7811279296875
20.5859375,953.7816772460938
20.6015625,953.7802124023438
20.6171875,953.779296875
20.6328125,953.7635498046875
20.6484375,953.75732421875
20.6640625,953.77099609375
20.6796875,953.7706909179688
20.6953125,953.7606201171875
20.7109375,953.7678833007812
20.7265625,953.7677001953125
20.7421875,953.7642211914062
20.7578125,953.7506103515625
20.7734375,953.7632446289062
20.7890625,953.7615966796875
20.8046875,953.74560546875
20.8203125,953.7639770507812
20.8359375,953.762939453125
20.8515625,953.7547607421875
20.8671875,953.739013671875
20.8828125,953.749755859375
20.8984375,953.7607421875
20.9140625,953.7681274414062
20.9296875,953.7943725585938
20.9453125,953.7843017578125
20.9609375,953.8013916015625
20.9765625,953.818115234375
20.9921875,953.8153686523438
21.0078125,953.8322143554688
21.0234375,953.8421630859375
21.0390625,953.8598022460938
21.0546875,953.8436279296875
21.0703125,953.818359375
21.0859375,953.9202270507812
21.1015625,953.8497924804688
21.1171875,953.853271484375
21.1328125,953.9189453125
21.1484375,953.8900756835938
21.1640625,953.76123046875
21.1796875,953.9158325195312
21.1953125,953.8696899414062
21.2109375,953.9242553710938
21.2265625,953.9393310546875
21.2421875,953.8839111328125
21.2578125,953.8434448242188
21.2734375,953.8291015625
21.2890625,953.8078002929688
21.3046875,953.8678588867188
21.3203125,953.8615112304688
21.3359375,953.8284912109375
21.3515625,953.8580322265625
21.3671875,953.8426513671875
21.3828125,953.8712768554688
21.3984375,953.8438110351562
21.4140625,953.8302001953125
21.4296875,953.8423461914062
21.4453125,953.8218383789062
21.4609375,953.8779296875
21.4765625,953.8457641601562
21.4921875,953.8468627929688
21.5078125,953.8397216796875
21.5234375,953.8595581054688
21.5390625,953.8685913085938
21.5546875,953.86474609375
21.5703125,953.895263671875
21.5859375,953.8766479492188
21.6015625,953.829345703125
21.6171875,953.8402099609375
21.6328125,953.8384399414062
21.6484375,953.8115234375
21.6640625,953.8519897460938
21.6796875,953.8615112304688
21.6953125,953.8004760742188
21.7109375,953.8165893554688
21.7265625,953.8446655273438
21.7421875,953.8223266601562
21.7578125,953.8326416015625
21.7734375,953.8218383789062
21.7890625,953.8082885742188
21.8046875,953.8262329101562
21.8203125,953.8086547851562
21.8359375,953.8024291992188
21.8515625,953.8309936523438
21.8671875,953.8037109375
21.8828125,953.8194580078125
21.8984375,953.8109130859375
21.9140625,953.8107299804688
21.9296875,953.8106689453125
21.9453125,953.8092651367188
21.9609375,953.8104248046875
21.9765625,953.8164672851562
21.9921875,953.8095092773438
22.0078125,953.8081665039062
22.0234375,953.8153686523438
22.0390625,953.8214721679688
22.0546875,953.7967529296875
22.0703125,953.7913208007812
22.0859375,953.8158569335938
22.1015625,953.80615234375
22.1171875,953.8052368164062
22.1328125,953.8048706054688
22.1484375,953.7972412109375
22.1640625,953.8009643554688
22.1796875,953.7756958007812
22.1953125,953.7905883789062
22.2109375,953.8019409179688
22.2265625,953.7919921875
22.2421875,953.7933959960938
22.2578125,953.7952270507812
22.2734375,953.776123046875
22.2890625,953.791015625
22.3046875,953.7860717773438
22.3203125,953.7863159179688
22.3359375,953.785888671875
22.3515625,953.7896728515625
22.3671875,953.7900390625
22.3828125,953.7921752929688
22.3984375,953.7865600585938
22.4140625,953.788330078125
22.4296875,953.7938232421875
22.4453125,953.780029296875
22.4609375,953.8075561523438
22.4765625,953.8094482421875
22.4921875,953.7891845703125
22.5078125,953.7990112304688
22.5234375,953.7994384765625
22.5390625,953.7887573242188
22.5546875,953.7869262695312
22.5703125,953.7869262695312
22.5859375,953.7940673828125
22.6015625,953.7797241210938
22.6171875,953.7794799804688
22.6328125,953.7921142578125
22.6484375,953.7938232421875
22.6640625,953.7604370117188
22.6796875,953.78271484375
22.6953125,953.77490234375
22.7109375,953.798095703125
22.7265625,953.7717895507812
22.7421875,953.7540283203125
22.7578125,953.781982421875
22.7734375,953.798095703125
22.7890625,953.7794189453125
22.8046875,953.8001098632812
22.8203125,953.7754516601562
22.8359375,953.7547607421875
22.8515625,953.8078002929688
22.8671875,953.84130859375
22.8828125,953.872314453125
22.8984375,953.8097534179688
22.9140625,953.7747192382812
22.9296875,953.8522338867188
22.9453125,953.8204956054688
22.9609375,953.8692016601562
22.9765625,953.8055419921875
22.9921875,953.809814453125
23.0078125,953.8336791992188
23.0234375,953.7880249023438
23.0390625,953.8204956054688
23.0546875,953.8619995117188
23.0703125,953.796630859375
23.0859375,953.827880859375
23.1015625,953.825927734375
23.1171875,953.7999877929688
23.1328125,953.7913818359375
23.1484375,953.8134155273438
23.1640625,953.79248046875
23.1796875,953.8290405273438
23.1953125,953.8201293945312
23.2109375,953.7999267578125
23.2265625,953.8442993164062
23.2421875,953.814453125
23.2578125,953.7944946289062
23.2734375,953.8309936523438
23.2890625,953.7999267578125
23.3046875,953.8426513671875
23.3203125,953.8198852539062
23.3359375,953.843505859375
23.3515625,953.8196411132812
23.3671875,953.8579711914062
23.3828125,953.8248291015625
23.3984375,953.795654296875
23.4140625,953.8045654296875
23.4296875,953.8435668945312
23.4453125,953.8282470703125
23.4609375,953.8480224609375
23.4765625,953.8016967773438
23.4921875,953.8002319335938
23.5078125,953.8170166015625
23.5234375,953.823486328125
23.5390625,953.7970581054688
23.5546875,953.8076171875
23.5703125,953.7942504882812
23.5859375,953.8067626953125
23.6015625,953.825927734375
23.6171875,953.7919921875
23.6328125,953.82568359375
23.6484375,953.8012084960938
23.6640625,953.8041381835938
23.6796875,953.8167724609375
23.6953125,953.7902221679688
23.7109375,953.807373046875
23.7265625,953.7985229492188
23.7421875,953.796630859375
23.7578125,953.7857055664062
23.7734375,953.7872924804688
23.7890625,953.792724609375
23.8046875,953.7921752929688
23.8203125,953.8008422851562
23.8359375,953.8038330078125
23.8515625,953.7919311523438
23.8671875,953.7991333007812
23.8828125,953.78515625
23.8984375,953.7846069335938
23.9140625,953.7777099609375
23.9296875,953.8034057617188
23.9453125,953.7901611328125
23.9609375,953.802490234375
23.9765625,953.7979736328125
23.9921875,953.7833862304688
24.0078125,953.7635498046875
24.0234375,953.7760009765625
24.0390625,953.781982421875
24.0546875,953.7718505859375
24.0703125,953.772216796875
24.0859375,953.7667846679688
24.1015625,953.7718505859375
24.1171875,953.7586669921875
24.1328125,953.7586669921875
24.1484375,953.7540283203125
24.1640625,953.757568359375
24.1796875,953.7679443359375
24.1953125,953.7730102539062
24.2109375,953.76123046875
24.2265625,953.7640991210938
24.2421875,953.7645263671875
24.2578125,953.7562255859375
24.2734375,953.7639770507812
24.2890625,953.7569580078125
24.3046875,953.7667846679688
24.3203125,953.748779296875
24.3359375,953.7548217773438
24.3515625,953.7667236328125
24.3671875,953.7547607421875
24.3828125,953.743896484375
24.3984375,953.7467041015625
24.4140625,953.7459106445312
24.4296875,953.745849609375
24.4453125,953.747314453125
24.4609375,953.7420043945312
24.4765625,953.7523803710938
24.4921875,953.742919921875
24.5078125,953.7572631835938
24.5234375,953.7525634765625
24.5390625,953.7462158203125
24.5546875,953.7361450195312
24.5703125,953.7562866210938
24.5859375,953.7583618164062
24.6015625,953.7666015625
24.6171875,953.7508544921875
24.6328125,953.7388916015625
24.6484375,953.7947387695312
24.6640625,953.7734985351562
24.6796875,953.7965698242188
24.6953125,953.7922973632812
24.7109375,953.777099609375
24.7265625,953.8075561523438
24.7421875,953.8111572265625
24.7578125,953.8363647460938
24.7734375,953.8108520507812
24.7890625,953.767578125
24.8046875,953.8059692382812
24.8203125,953.8367919921875
24.8359375,953.7971801757812
24.8515625,953.7891845703125
24.8671875,953.81591796875
24.8828125,953.7850341796875
24.8984375,953.7758178710938
24.9140625,953.7841796875
24.9296875,953.8087768554688
24.9453125,953.817138671875
24.9609375,953.8014526367188
24.9765625,953.8041381835938
24.9921875,953.8143310546875
25.0078125,953.8265991210938
25.0234375,953.7913208007812
25.0390625,953.8091430664062
25.0546875,953.8530883789062
25.0703125,953.8536376953125
25.0859375,953.8748779296875
25.1015625,953.8510131835938
25.1171875,953.8648071289062
25.1328125,953.8156127929688
25.1484375,953.819580078125
25.1640625,953.8206176757812
25.1796875,953.8142700195312
25.1953125,953.7994384765625
25.2109375,953.832763671875
25.2265625,953.8170776367188
25.2421875,953.8368530273438
25.2578125,953.8145751953125
25.2734375,953.8321533203125
25.2890625,953.8092651367188
25.3046875,953.8246459960938
25.3203125,953.815673828125
25.3359375,953.8231811523438
25.3515625,953.8096923828125
25.3671875,953.8240966796875
25.3828125,953.8304443359375
25.3984375,953.8231811523438
25.4140625,953.8056640625
25.4296875,953.8075561523438
25.4453125,953.7796020507812
25.4609375,953.8304443359375
25.4765625,953.8248291015625
25.4921875,953.8228149414062
25.5078125,953.80810546875
25.5234375,953.8042602539062
25.5390625,953.8223876953125
25.5546875,953.802734375
25.5703125,953.8107299804688
25.5859375,953.7939453125
25.6015625,953.7946166992188
25.6171875,953.7938842773438
25.6328125,953.7994384765625
25.6484375,953.7827758789062
25.6640625,953.7860717773438
25.6796875,953.78076171875
25.6953125,953.7926635742188
25.7109375,953.7716064453125
25.7265625,953.7852172851562
25.7421875,953.7744140625
25.7578125,953.7573852539062
25.7734375,953.7796630859375
25.7890625,953.791015625
25.8046875,953.7687377929688
25.8203125,953.7586669921875
25.8359375,953.779052734375
25.8515625,953.7885131835938
25.8671875,953.765625
25.8828125,953.780517578125
25.8984375,953.7755737304688
25.9140625,953.7730102539062
25.9296875,953.7758178710938
25.9453125,953.7655029296875
25.9609375,953.778076171875
25.9765625,953.7783203125
25.9921875,953.7772216796875
26.0078125,953.76953125
26.0234375,953.7777099609375
26.0390625,953.7750854492188
26.0546875,953.7763671875
26.0703125,953.7610473632812
26.0859375,953.764892578125
26.1015625,953.759521484375
26.1171875,953.7809448242188
26.1328125,953.7755737304688
26.1484375,953.7823486328125
26.1640625,953.7599487304688
26.1796875,953.7711791992188
26.1953125,953.76708984375
26.2109375,953.7756958007812
26.2265625,953.7770385742188
26.2421875,953.7672729492188
26.2578125,953.767578125
26.2734375,953.774169921875
26.2890625,953.768798828125
26.3046875,953.7642211914062
26.3203125,953.7586669921875
26.3359375,953.7657470703125
26.3515625,953.7680053710938
26.3671875,953.7804565429688
26.3828125,953.7633666992188
26.3984375,953.7618408203125
26.4140625,953.7565307617188
26.4296875,953.7735595703125
26.4453125,953.7910766601562
26.4609375,953.7802124023438
26.4765625,953.7635498046875
26.4921875,953.7999267578125
26.5078125,953.7981567382812
26.5234375,953.9013671875
26.5390625,953.7797241210938
26.5546875,953.798828125
26.5703125,953.8343505859375
26.5859375,953.8705444335938
26.6015625,953.7622680664062
26.6171875,953.797607421875
26.6328125,953.825439453125
26.6484375,953.8673095703125
26.6640625,953.7821044921875
26.6796875,953.8500366210938
26.6953125,953.8258666992188
26.7109375,953.7864379882812
26.7265625,953.809814453125
26.7421875,953.7939453125
26.7578125,953.8363647460938
26.7734375,953.841064453125
26.7890625,953.859130859375
26.8046875,953.8306884765625
26.8203125,953.8234252929688
26.8359375,953.7932739257812
26.8515625,953.8190307617188
26.8671875,953.8419189453125
26.8828125,953.781982421875
26.8984375,953.814208984375
26.9140625,953.8075561523438
26.9296875,953.8048706054688
26.9453125,953.8765258789062
26.9609375,953.8303833007812
26.9765625,953.80078125
26.9921875,953.8701171875
27.0078125,953.8416137695312
27.0234375,953.8416748046875
27.0390625,953.8208618164062
27.0546875,953.825927734375
27.0703125,953.8025512695312
27.0859375,953.8195190429688
27.1015625,953.8204345703125
27.1171875,953.817138671875
27.1328125,953.862548828125
27.1484375,953.8226318359375
27.1640625,953.7992553710938
27.1796875,953.8328857421875
27.1953125,953.8176879882812
27.2109375,953.8169555664062
27.2265625,953.78515625
27.2421875,953.8341674804688
27.2578125,953.8192749023438
27.2734375,953.8320922851562
27.2890625,953.84521484375
27.3046875,953.8231811523438
27.3203125,953.8019409179688
27.3359375,953.8203735351562
27.3515625,953.7903442382812
27.3671875,953.8155517578125
27.3828125,953.7876586914062
27.3984375,953.8073120117188
27.4140625,953.8021850585938
27.4296875,953.8167724609375
27.4453125,953.8033447265625
27.4609375,953.80419921875
27.4765625,953.802490234375
27.4921875,953.7952880859375
27.5078125,953.7941284179688
27.5234375,953.7947387695312
27.5390625,953.7939453125
27.5546875,953.7885131835938
27.5703125,953.79443359375
27.5859375,953.7823486328125
27.6015625,953.7735595703125
27.6171875,953.7630004882812
27.6328125,953.7791137695312
27.6484375,953.7796630859375
27.6640625,953.7782592773438
27.6796875,953.7656860351562
27.6953125,953.7543334960938
27.7109375,953.7540893554688
27.7265625,953.763427734375
27.7421875,953.7550048828125
27.7578125,953.7465209960938
27.7734375,953.7599487304688
27.7890625,953.76171875
27.8046875,953.7379760742188
27.8203125,953.7598266601562
27.8359375,953.7427368164062
27.8515625,953.758544921875
27.8671875,953.7398071289062
27.8828125,953.7402954101562
27.8984375,953.7407836914062
27.9140625,953.7393798828125
27.9296875,953.739501953125
27.9453125,953.739013671875
27.9609375,953.7384033203125
27.9765625,953.7342529296875
27.9921875,953.7223510742188
28.0078125,953.7260131835938
28.0234375,953.7286987304688
28.0390625,953.7350463867188
28.0546875,953.7282104492188
28.0703125,953.71240234375
28.0859375,953.7230224609375
28.1015625,953.71630859375
28.1171875,953.7213134765625
28.1328125,953.7222290039062
28.1484375,953.7132568359375
28.1640625,953.720703125
28.1796875,953.7093505859375
28.1953125,953.7210083007812
28.2109375,953.7255859375
28.2265625,953.7098999023438
28.2421875,953.7122192382812
28.2578125,953.7286987304688
28.2734375,953.7127075195312
28.2890625,953.7266845703125
28.3046875,953.7401123046875
28.3203125,953.7171020507812
28.3359375,953.7318725585938
28.3515625,953.7741088867188
28.3671875,953.7378540039062
28.3828125,953.7442626953125
28.3984375,953.7784423828125
28.4140625,953.7718505859375
28.4296875,953.748779296875
28.4453125,953.810302734375
28.4609375,953.7649536132812
28.4765625,953.8285522460938
28.4921875,953.779052734375
28.5078125,953.771240234375
28.5234375,953.7946166992188
28.5390625,953.8357543945312
28.5546875,953.8045043945312
28.5703125,953.8172607421875
28.5859375,953.8429565429688
28.6015625,953.819091796875
28.6171875,953.8193359375
28.6328125,953.8318481445312
28.6484375,953.8142700195312
28.6640625,953.8208618164062
28.6796875,953.7816162109375
28.6953125,953.814453125
28.7109375,953.8381958007812
28.7265625,953.8012084960938
28.7421875,953.7794799804688
28.7578125,953.80029296875
28.7734375,953.836669921875
28.7890625,953.8321533203125
28.8046875,953.77685546875
28.8203125,953.832763671875
28.8359375,953.7621459960938
28.8515625,953.7892456054688
28.8671875,953.8209228515625
28.8828125,953.8276977539062
28.8984375,953.8178100585938
28.9140625,953.8079223632812
28.9296875,953.8184204101562
28.9453125,953.8187866210938
28.9609375,953.8359375
28.9765625,953.8273315429688
28.9921875,953.794921875
29.0078125,953.8377075195312
29.0234375,953.8125610351562
29.0390625,953.74609375
29.0546875,953.8208618164062
29.0703125,953.8446044921875
29.0859375,953.8226928710938
29.1015625,953.810302734375
29.1171875,953.8318481445312
29.1328125,953.7980346679688
29.1484375,953.8246459960938
29.1640625,953.826171875
29.1796875,953.8135986328125
29.1953125,953.8156127929688
29.2109375,953.8302001953125
29.2265625,953.8027954101562
29.2421875,953.8321533203125
29.2578125,953.82177734375
29.2734375,953.8217163085938
29.2890625,953.8326416015625
29.3046875,953.81640625
29.3203125,953.8074951171875
29.3359375,953.8231201171875
29.3515625,953.8035888671875
29.3671875,953.8251342773438
29.3828125,953.811279296875
29.3984375,953.8155517578125
29.4140625,953.81005859375
29.4296875,953.8027954101562
29.4453125,953.7864379882812
29.4609375,953.7991943359375
29.4765625,953.7908935546875
29.4921875,953.7947387695312
29.5078125,953.7745971679688
29.5234375,953.7838134765625
29.5390625,953.796142578125
29.5546875,953.7963256835938
29.5703125,953.7950439453125
29.5859375,953.7883911132812
29.6015625,953.7960815429688
29.6171875,953.8028564453125
29.6328125,953.7933349609375
29.6484375,953.7854614257812
29.6640625,953.7930297851562
29.6796875,953.7930908203125
29.6953125,953.7869873046875
29.7109375,953.7869873046875
29.7265625,953.7833862304688
29.7421875,953.7779541015625
29.7578125,953.7787475585938
29.7734375,953.7745971679688
29.7890625,953.7891235351562
29.8046875,953.7774047851562
29.8203125,953.7762451171875
29.8359375,953.7735595703125
29.8515625,953.7713012695312
29.8671875,953.7828979492188
29.8828125,953.7782592773438
29.8984375,953.7750854492188
29.9140625,953.770751953125
29.9296875,953.7922973632812
29.9453125,953.7855834960938
29.9609375,953.777099609375
29.9765625,953.7696533203125
29.9921875,953.7765502929688
30.0078125,953.783935546875
30.0234375,953.7694091796875
30.0390625,953.78271484375
30.0546875,953.7740478515625
30.0703125,953.7694091796875
30.0859375,953.7662963867188
30.1015625,953.7698364257812
30.1171875,953.7570190429688
30.1328125,953.7681274414062
30.1484375,953.7682495117188
30.1640625,953.7635498046875
30.1796875,953.7781982421875
30.1953125,953.7664794921875
30.2109375,953.7376098632812
30.2265625,953.7693481445312
30.2421875,953.7764892578125
30.2578125,953.7603149414062
30.2734375,953.7366943359375
30.2890625,953.7903442382812
30.3046875,953.7830200195312
30.3203125,953.7646484375
30.3359375,953.7556762695312
30.3515625,953.7821655273438
30.3671875,953.7640380859375
30.3828125,953.8466796875
30.3984375,953.79296875
30.4140625,953.8069458007812
30.4296875,953.831787109375
30.4453125,953.8551635742188
30.4609375,953.8684692382812
30.4765625,953.8084716796875
30.4921875,953.8668823242188
30.5078125,953.7836303710938
30.5234375,953.8092041015625
30.5390625,953.8729248046875
30.5546875,953.8120727539062
30.5703125,953.8023071289062
30.5859375,953.8284912109375
30.6015625,953.8133544921875
30.6171875,953.8525390625
30.6328125,953.84521484375
30.6484375,953.8128051757812
30.6640625,953.8469848632812
30.6796875,953.8212280273438
30.6953125,953.8422241210938
30.7109375,953.8331909179688
30.7265625,953.8536987304688
30.7421875,953.8215942382812
30.7578125,953.8203735351562
30.7734375,953.8125610351562
30.7890625,953.8656005859375
30.8046875,953.7911987304688
30.8203125,953.8532104492188
30.8359375,953.814208984375
30.8515625,953.798583984375
30.8671875,953.8624267578125
30.8828125,953.8040161132812
30.8984375,953.8318481445312
30.9140625,953.8496704101562
30.9296875,953.8853149414062
30.9453125,953.8450317382812
30.9609375,953.8153076171875
30.9765625,953.8651123046875
30.9921875,953.8239135742188
31.0078125,953.8248901367188
31.0234375,953.8148803710938
31.0390625,953.8234252929688
31.0546875,953.8173828125
31.0703125,953.826904296875
31.0859375,953.826171875
31.1015625,953.8311767578125
31.1171875,953.8414916992188
31.1328125,953.8309936523438
31.1484375,953.8189697265625
31.1640625,953.8262939453125
31.1796875,953.82763671875
31.1953125,953.8375854492188
31.2109375,953.8193359375
31.2265625,953.81640625
31.2421875,953.8352661132812
31.2578125,953.8215942382812
31.2734375,953.8226928710938
31.2890625,953.814208984375
31.3046875,953.8209838867188
31.3203125,953.8407592773438
31.3359375,953.8133544921875
31.3515625,953.8184814453125
31.3671875,953.8096923828125
31.3828125,953.8117065429688
31.3984375,953.809814453125
31.4140625,953.8027954101562
31.4296875,953.807373046875
31.4453125,953.8128662109375
31.4609375,953.8070678710938
31.4765625,953.8193359375
31.4921875,953.8307495117188
31.5078125,953.8175659179688
31.5234375,953.8012084960938
31.5390625,953.798828125
31.5546875,953.821044921875
31.5703125,953.808349609375
31.5859375,953.8151245117188
31.6015625,953.8165893554688
31.6171875,953.8153076171875
31.6328125,953.8235473632812
31.6484375,953.8128051757812
31.6640625,953.8246459960938
31.6796875,953.8162841796875
31.6953125,953.7997436523438
31.7109375,953.8031616210938
31.7265625,953.8226928710938
31.7421875,953.822265625
31.7578125,953.8270263671875
31.7734375,953.8073120117188
31.7890625,953.8196411132812
31.8046875,953.7904663085938
31.8203125,953.8162231445312
31.8359375,953.8094482421875
31.8515625,953.8136596679688
31.8671875,953.8010864257812
31.8828125,953.814453125
31.8984375,953.8229370117188
31.9140625,953.8143310546875
31.9296875,953.8071899414062
31.9453125,953.8045654296875
31.9609375,953.8245849609375
31.9765625,953.795654296875
31.9921875,953.7874755859375
