# Time (seconds),f0
0.0078125,952.797607421875
0.0234375,952.7098999023438
0.0390625,952.7107543945312
0.0546875,952.7210083007812
0.0703125,952.7077026367188
0.0859375,952.714599609375
0.1015625,952.7196044921875
0.1171875,952.7215576171875
0.1328125,952.7046508789062
0.1484375,952.7223510742188
0.1640625,952.7135620117188
0.1796875,952.7425537109375
0.1953125,952.7093505859375
0.2109375,952.7094116210938
0.2265625,952.7061767578125
0.2421875,952.7036743164062
0.2578125,952.71044921875
0.2734375,952.7202758789062
0.2890625,952.727294921875
0.3046875,952.7098388671875
0.3203125,952.7110595703125
0.3359375,952.7077026367188
0.3515625,952.7190551757812
0.3671875,952.7081909179688
0.3828125,952.7313842773438
0.3984375,952.7068481445312
0.4140625,952.706787109375
0.4296875,952.7328491210938
0.4453125,952.7096557617188
0.4609375,952.70263671875
0.4765625,952.7430419921875
0.4921875,952.7160034179688
0.5078125,952.7117919921875
0.5234375,952.7174682617188
0.5390625,952.7190551757812
0.5546875,952.7034301757812
0.5703125,952.7062377929688
0.5859375,952.7232666015625
0.6015625,952.7317504882812
0.6171875,952.719482421875
0.6328125,952.7034301757812
0.6484375,952.7216186523438
0.6640625,952.7193603515625
0.6796875,952.71630859375
0.6953125,952.7184448242188
0.7109375,952.719970703125
0.7265625,952.7349243164062
0.7421875,952.7391357421875
0.7578125,952.7076416015625
0.7734375,952.7075805664062
0.7890625,952.7091674804688
0.8046875,952.7154541015625
0.8203125,952.7333374023438
0.8359375,952.7196044921875
0.8515625,952.70703125
0.8671875,952.7182006835938
0.8828125,952.7035522460938
0.8984375,952.7054443359375
0.9140625,952.7077026367188
0.9296875,952.7075805664062
0.9453125,952.7155151367188
0.9609375,952.7031860351562
0.9765625,952.7698364257812
0.9921875,953.0767822265625
1.0078125,954.014404296875
1.0234375,954.1331787109375
1.0390625,953.5850830078125
1.0546875,953.6560668945312
1.0703125,953.9691772460938
1.0859375,953.9097290039062
1.1015625,954.0457763671875
1.1171875,953.6234130859375
1.1328125,953.891357421875
1.1484375,954.0528564453125
1.1640625,954.5697631835938
1.1796875,954.482421875
1.1953125,954.6546630859375
1.2109375,954.6830444335938
1.2265625,954.664794921875
1.2421875,954.1412353515625
1.2578125,954.1736450195312
1.2734375,955.0520629882812
1.2890625,954.0181884765625
1.3046875,954.3370361328125
1.3203125,954.5938720703125
1.3359375,954.7528686523438
1.3515625,954.7813110351562
1.3671875,954.8194580078125
1.3828125,953.8952026367188
1.3984375,953.9640502929688
1.4140625,954.1481323242188
1.4296875,954.9849243164062
1.4453125,953.9352416992188
1.4609375,953.7294311523438
1.4765625,953.9774169921875
1.4921875,953.9880981445312
1.5078125,954.7628784179688
1.5234375,954.9654541015625
1.5390625,954.5735473632812
1.5546875,954.9599609375
1.5703125,954.5682373046875
1.5859375,954.2137451171875
1.6015625,953.940185546875
1.6171875,954.0527954101562
1.6328125,953.5813598632812
1.6484375,953.4088745117188
1.6640625,953.1280517578125
1.6796875,953.1058959960938
1.6953125,953.0164794921875
1.7109375,952.8839111328125
1.7265625,952.85302734375
1.7421875,952.8478393554688
1.7578125,952.805908203125
1.7734375,952.819580078125
1.7890625,952.7969970703125
1.8046875,952.7994384765625
1.8203125,952.7969970703125
1.8359375,952.7913208007812
1.8515625,952.7966918945312
1.8671875,952.796875
1.8828125,952.803466796875
1.8984375,952.8006591796875
1.9140625,952.7811279296875
1.9296875,952.7965698242188
1.9453125,952.7921752929688
1.9609375,952.7797241210938
1.9765625,952.7996826171875
1.9921875,952.7949829101562
2.0078125,952.7843017578125
2.0234375,952.781005859375
2.0390625,952.7822265625
2.0546875,952.7789916992188
2.0703125,952.7745361328125
2.0859375,952.7791137695312
2.1015625,952.7691040039062
2.1171875,952.7772216796875
2.1328125,952.787109375
2.1484375,952.7737426757812
2.1640625,952.7786254882812
2.1796875,952.765625
2.1953125,952.7894287109375
2.2109375,952.7510986328125
2.2265625,952.7805786132812
2.2421875,952.7466430664062
2.2578125,952.7542724609375
2.2734375,952.7805786132812
2.2890625,952.7822265625
2.3046875,952.748779296875
2.3203125,952.748779296875
2.3359375,952.7684936523438
2.3515625,952.7537841796875
2.3671875,952.7410888671875
2.3828125,952.7599487304688
2.3984375,952.7461547851562
2.4140625,952.7805786132812
2.4296875,952.7557373046875
2.4453125,952.745361328125
2.4609375,952.765625
2.4765625,952.744140625
2.4921875,952.7536010742188
2.5078125,952.7303466796875
2.5234375,952.7427978515625
2.5390625,952.7589721679688
2.5546875,952.74169921875
2.5703125,952.7457885742188
2.5859375,952.7476196289062
2.6015625,952.7342529296875
2.6171875,952.7567138671875
2.6328125,952.7465209960938
2.6484375,952.7386474609375
2.6640625,952.7410888671875
2.6796875,952.7453002929688
2.6953125,952.7503051757812
2.7109375,952.740234375
2.7265625,952.7557373046875
2.7421875,952.740966796875
2.7578125,952.7373046875
2.7734375,952.7420654296875
2.7890625,952.7785034179688
2.8046875,952.9689331054688
2.8203125,953.231201171875
2.8359375,953.5977783203125
2.8515625,953.5404663085938
2.8671875,953.8739624023438
2.8828125,953.7581787109375
2.8984375,953.884765625
2.9140625,954.1177368164062
2.9296875,954.6530151367188
2.9453125,954.612060546875
2.9609375,953.673828125
2.9765625,954.3596801757812
2.9921875,954.2266235351562
3.0078125,954.4954223632812
3.0234375,954.667724609375
3.0390625,954.4102783203125
3.0546875,954.2219848632812
3.0703125,954.8422241210938
3.0859375,954.16015625
3.1015625,954.2669067382812
3.1171875,954.7368774414062
3.1328125,955.129638671875
3.1484375,954.4841918945312
3.1640625,954.38427734375
3.1796875,954.2941284179688
3.1953125,954.6063232421875
3.2109375,955.050048828125
3.2265625,954.5812377929688
3.2421875,954.7189331054688
3.2578125,954.0806274414062
3.2734375,954.00537109375
3.2890625,954.0397338867188
3.3046875,954.5819091796875
3.3203125,953.8765258789062
3.3359375,954.80419921875
3.3515625,954.5191040039062
3.3671875,954.3463134765625
3.3828125,954.3823852539062
3.3984375,954.4057006835938
3.4140625,954.4153442382812
3.4296875,954.1677856445312
3.4453125,953.5748901367188
3.4609375,953.285888671875
3.4765625,953.29248046875
3.4921875,952.9998168945312
3.5078125,952.9600830078125
3.5234375,952.8463134765625
3.5390625,952.8324584960938
3.5546875,952.8065185546875
3.5703125,952.8071899414062
3.5859375,952.8018798828125
3.6015625,952.78857421875
3.6171875,952.8014526367188
3.6328125,952.7865600585938
3.6484375,952.7823486328125
3.6640625,952.7824096679688
3.6796875,952.7975463867188
3.6953125,952.7837524414062
3.7109375,952.7855224609375
3.7265625,952.7866821289062
3.7421875,952.7877807617188
3.7578125,952.7654418945312
3.7734375,952.7778930664062
3.7890625,952.7782592773438
3.8046875,952.7720947265625
3.8203125,952.7689819335938
3.8359375,952.779052734375
3.8515625,952.7752685546875
3.8671875,952.7811279296875
3.8828125,952.7781982421875
3.8984375,952.7879638671875
3.9140625,952.7637939453125
3.9296875,952.7738037109375
3.9453125,952.7871704101562
3.9609375,952.7720947265625
3.9765625,952.7770385742188
3.9921875,952.7639770507812
4.0078125,952.7673950195312
4.0234375,952.775146484375
4.0390625,952.7559204101562
4.0546875,952.7745361328125
4.0703125,952.7481079101562
4.0859375,952.753662109375
4.1015625,952.7571411132812
4.1171875,952.7705078125
4.1328125,952.7476196289062
4.1484375,952.7717895507812
4.1640625,952.7598266601562
4.1796875,952.7632446289062
4.1953125,952.7408447265625
4.2109375,952.7738647460938
4.2265625,952.762939453125
4.2421875,952.7734375
4.2578125,952.7716674804688
4.2734375,952.7518310546875
4.2890625,952.7614135742188
4.3046875,952.762451171875
4.3203125,952.7400512695312
4.3359375,952.7374267578125
4.3515625,952.7371826171875
4.3671875,952.7453002929688
4.3828125,952.7617797851562
4.3984375,952.7583618164062
4.4140625,952.7432861328125
4.4296875,952.7489624023438
4.4453125,952.7316284179688
4.4609375,952.7626342773438
4.4765625,952.7621459960938
4.4921875,952.74169921875
4.5078125,952.7446899414062
4.5234375,952.7368774414062
4.5390625,952.7459106445312
4.5546875,952.7350463867188
4.5703125,952.737548828125
4.5859375,952.7367553710938
4.6015625,952.7603149414062
4.6171875,952.7332763671875
4.6328125,952.7604370117188
4.6484375,952.7472534179688
4.6640625,952.9359130859375
4.6796875,953.0527954101562
4.6953125,952.97216796875
4.7109375,953.17578125
4.7265625,953.3641967773438
4.7421875,953.5572509765625
4.7578125,953.2821655273438
4.7734375,954.6587524414062
4.7890625,953.7210693359375
4.8046875,954.5654296875
4.8203125,955.0968017578125
4.8359375,954.9295043945312
4.8515625,954.9600830078125
4.8671875,954.6781616210938
4.8828125,955.0087280273438
4.8984375,955.2728881835938
4.9140625,953.5829467773438
4.9296875,955.008544921875
4.9453125,954.5343627929688
4.9609375,953.89013671875
4.9765625,954.0902099609375
4.9921875,953.9969482421875
5.0078125,954.2950439453125
5.0234375,954.9111328125
5.0390625,955.020263671875
5.0546875,955.614990234375
5.0703125,955.6641235351562
5.0859375,954.2246704101562
5.1015625,953.7734375
5.1171875,955.2532348632812
5.1328125,955.3167724609375
5.1484375,955.0418701171875
5.1640625,954.766845703125
5.1796875,955.3265380859375
5.1953125,955.0048828125
5.2109375,955.0399780273438
5.2265625,955.2354736328125
5.2421875,955.1135864257812
5.2578125,955.2472534179688
5.2734375,954.1130981445312
5.2890625,954.3744506835938
5.3046875,953.7308959960938
5.3203125,954.232421875
5.3359375,954.2069091796875
5.3515625,953.9660034179688
5.3671875,954.049560546875
5.3828125,953.625
5.3984375,953.457763671875
5.4140625,953.671142578125
5.4296875,953.2564086914062
5.4453125,953.1621704101562
5.4609375,953.0132446289062
5.4765625,952.9531860351562
5.4921875,952.861083984375
5.5078125,952.816162109375
5.5234375,952.8394165039062
5.5390625,952.8125610351562
5.5546875,952.8071899414062
5.5703125,952.8137817382812
5.5859375,952.8012084960938
5.6015625,952.7955932617188
5.6171875,952.8014526367188
5.6328125,952.794921875
5.6484375,952.787109375
5.6640625,952.8048706054688
5.6796875,952.8042602539062
5.6953125,952.7960815429688
5.7109375,952.7813110351562
5.7265625,952.7960205078125
5.7421875,952.788818359375
5.7578125,952.7824096679688
5.7734375,952.7728881835938
5.7890625,952.7686767578125
5.8046875,952.76904296875
5.8203125,952.7701416015625
5.8359375,952.7764892578125
5.8515625,952.7703857421875
5.8671875,952.7798461914062
5.8828125,952.7656860351562
5.8984375,952.7713623046875
5.9140625,952.768310546875
5.9296875,952.7596435546875
5.9453125,952.7528686523438
5.9609375,952.7621459960938
5.9765625,952.75341796875
5.9921875,952.779052734375
6.0078125,952.7470092773438
6.0234375,952.7590942382812
6.0390625,952.7648315429688
6.0546875,952.7572631835938
6.0703125,952.7637939453125
6.0859375,952.7389526367188
6.1015625,952.7394409179688
6.1171875,952.7504272460938
6.1328125,952.740966796875
6.1484375,952.7469482421875
6.1640625,952.7384033203125
6.1796875,952.7434692382812
6.1953125,952.7628784179688
6.2109375,952.7598266601562
6.2265625,952.7534790039062
6.2421875,952.7505493164062
6.2578125,952.7604370117188
6.2734375,952.7415161132812
6.2890625,952.755859375
6.3046875,952.7369995117188
6.3203125,952.7551879882812
6.3359375,952.7403564453125
6.3515625,952.7394409179688
6.3671875,952.7532348632812
6.3828125,952.7556762695312
6.3984375,952.7614135742188
6.4140625,952.739990234375
6.4296875,952.7395629882812
6.4453125,952.7539672851562
6.4609375,952.7609252929688
6.4765625,952.7421875
6.4921875,952.7300415039062
6.5078125,952.7590942382812
6.5234375,952.7601318359375
6.5390625,952.7349243164062
6.5546875,952.7376098632812
6.5703125,952.755126953125
6.5859375,952.7349853515625
6.6015625,953.005859375
6.6171875,953.2075805664062
6.6328125,953.4867553710938
6.6484375,953.4796142578125
6.6640625,954.5703125
6.6796875,954.268310546875
6.6953125,954.458740234375
6.7109375,955.1616821289062
6.7265625,955.685302734375
6.7421875,955.7534790039062
6.7578125,954.3228759765625
6.7734375,954.9210205078125
6.7890625,954.6636352539062
6.8046875,954.7448120117188
6.8203125,955.3414916992188
6.8359375,954.8433227539062
6.8515625,955.4755249023438
6.8671875,955.1822509765625
6.8828125,954.6130981445312
6.8984375,954.9637451171875
6.9140625,955.7953491210938
6.9296875,955.38623046875
6.9453125,955.1934204101562
6.9609375,955.3837890625
6.9765625,955.2890625
6.9921875,954.5233154296875
7.0078125,955.3892822265625
7.0234375,955.0028686523438
7.0390625,954.5297241210938
7.0546875,954.65576171875
7.0703125,954.0573120117188
7.0859375,956.0551147460938
7.1015625,954.8745727539062
7.1171875,955.3764038085938
7.1328125,955.8865966796875
7.1484375,955.0288696289062
7.1640625,954.5775756835938
7.1796875,954.6322631835938
7.1953125,954.6703491210938
7.2109375,953.954345703125
7.2265625,954.2654418945312
7.2421875,953.7496948242188
7.2578125,953.8353881835938
7.2734375,953.4308471679688
7.2890625,953.4599609375
7.3046875,953.2889404296875
7.3203125,953.0432739257812
7.3359375,952.915771484375
7.3515625,952.8684692382812
7.3671875,952.8598022460938
7.3828125,952.8345336914062
7.3984375,952.8418579101562
7.4140625,952.8271484375
7.4296875,952.8253784179688
7.4453125,952.8110961914062
7.4609375,952.809814453125
7.4765625,952.8058471679688
7.4921875,952.7994995117188
7.5078125,952.7958374023438
7.5234375,952.798828125
7.5390625,952.7994384765625
7.5546875,952.7930908203125
7.5703125,952.7862548828125
7.5859375,952.7882690429688
7.6015625,952.8077392578125
7.6171875,952.7897338867188
7.6328125,952.8020629882812
7.6484375,952.7894897460938
7.6640625,952.7913208007812
7.6796875,952.7979736328125
7.6953125,952.7852172851562
7.7109375,952.7715454101562
7.7265625,952.78076171875
7.7421875,952.7809448242188
7.7578125,952.7869262695312
7.7734375,952.7758178710938
7.7890625,952.7601318359375
7.8046875,952.7759399414062
7.8203125,952.768310546875
7.8359375,952.7699584960938
7.8515625,952.7760009765625
7.8671875,952.7700805664062
7.8828125,952.7633666992188
7.8984375,952.7625732421875
7.9140625,952.770751953125
7.9296875,952.747314453125
7.9453125,952.7734985351562
7.9609375,952.7763061523438
7.9765625,952.7560424804688
7.9921875,952.7671508789062
8.0078125,952.7576293945312
8.0234375,952.7567138671875
8.0390625,952.7698974609375
8.0546875,952.7495727539062
8.0703125,952.7505493164062
8.0859375,952.7491455078125
8.1015625,952.746826171875
8.1171875,952.760498046875
8.1328125,952.7462158203125
8.1484375,952.74169921875
8.1640625,952.7674560546875
8.1796875,952.7550659179688
8.1953125,952.765625
8.2109375,952.7476196289062
8.2265625,952.768310546875
8.2421875,952.7653198242188
8.2578125,952.7498779296875
8.2734375,952.7598266601562
8.2890625,952.7578125
8.3046875,952.7474975585938
8.3203125,952.7635498046875
8.3359375,952.7473754882812
8.3515625,952.7614135742188
8.3671875,952.7438354492188
8.3828125,952.7521362304688
8.3984375,952.7637939453125
8.4140625,952.7461547851562
8.4296875,952.7677001953125
8.4453125,952.739990234375
8.4609375,952.7367553710938
8.4765625,952.7359008789062
8.4921875,952.7364501953125
8.5078125,952.7726440429688
8.5234375,953.0545043945312
8.5390625,953.1723022460938
8.5546875,953.5377197265625
8.5703125,953.8988647460938
8.5859375,954.1409301757812
8.6015625,954.3062133789062
8.6171875,955.0760498046875
8.6328125,953.565673828125
8.6484375,953.7621459960938
8.6640625,954.0558471679688
8.6796875,953.0167846679688
8.6953125,954.0393676757812
8.7109375,954.5679321289062
8.7265625,954.3439331054688
8.7421875,954.283203125
8.7578125,954.0617065429688
8.7734375,954.6602172851562
8.7890625,953.4921875
8.8046875,953.9358520507812
8.8203125,953.543701171875
8.8359375,953.954345703125
8.8515625,953.2510986328125
8.8671875,955.1050415039062
8.8828125,954.2186279296875
8.8984375,954.9295043945312
8.9140625,954.0729370117188
8.9296875,954.0829467773438
8.9453125,954.4015502929688
8.9609375,954.4696655273438
8.9765625,954.5525512695312
8.9921875,954.2913208007812
9.0078125,954.1434326171875
9.0234375,953.9164428710938
9.0390625,954.2426147460938
9.0546875,954.0389404296875
9.0703125,953.4901123046875
9.0859375,953.354248046875
9.1015625,953.4841918945312
9.1171875,953.7141723632812
9.1328125,953.7445068359375
9.1484375,953.3046875
9.1640625,953.5357666015625
9.1796875,953.3773193359375
9.1953125,953.243408203125
9.2109375,953.0009155273438
9.2265625,953.0902709960938
9.2421875,952.9149169921875
9.2578125,952.8695068359375
9.2734375,952.8418579101562
9.2890625,952.8338012695312
9.3046875,952.8092651367188
9.3203125,952.7970581054688
9.3359375,952.7969360351562
9.3515625,952.7916870117188
9.3671875,952.791748046875
9.3828125,952.8038330078125
9.3984375,952.7991333007812
9.4140625,952.8009033203125
9.4296875,952.7979736328125
9.4453125,952.7908935546875
9.4609375,952.7720947265625
9.4765625,952.7817993164062
9.4921875,952.7824096679688
9.5078125,952.7666015625
9.5234375,952.773193359375
9.5390625,952.7778930664062
9.5546875,952.7847290039062
9.5703125,952.7537231445312
9.5859375,952.7677001953125
9.6015625,952.781005859375
9.6171875,952.778076171875
9.6328125,952.7691040039062
9.6484375,952.7720336914062
9.6640625,952.7747192382812
9.6796875,952.7634887695312
9.6953125,952.7664794921875
9.7109375,952.772705078125
9.7265625,952.7738647460938
9.7421875,952.755859375
9.7578125,952.7659301757812
9.7734375,952.7568359375
9.7890625,952.762451171875
9.8046875,952.7688598632812
9.8203125,952.765380859375
9.8359375,952.7516479492188
9.8515625,952.7686767578125
9.8671875,952.7508544921875
9.8828125,952.757568359375
9.8984375,952.762451171875
9.9140625,952.760986328125
9.9296875,952.759521484375
9.9453125,952.7681274414062
9.9609375,952.7599487304688
9.9765625,952.7590942382812
9.9921875,952.7599487304688
10.0078125,952.7294311523438
10.0234375,952.7565307617188
10.0390625,952.756591796875
10.0546875,952.733642578125
10.0703125,952.7406005859375
10.0859375,952.7412109375
10.1015625,952.7318725585938
10.1171875,952.752685546875
10.1328125,952.7399291992188
10.1484375,952.739501953125
10.1640625,952.7342529296875
10.1796875,952.7461547851562
10.1953125,952.7352294921875
10.2109375,952.7368774414062
10.2265625,952.7363891601562
10.2421875,952.753173828125
10.2578125,952.7401123046875
10.2734375,952.7392578125
10.2890625,952.7368774414062
10.3046875,952.7324829101562
10.3203125,952.75341796875
10.3359375,952.7395629882812
10.3515625,952.7581176757812
10.3671875,952.9288330078125
10.3828125,953.8636474609375
10.3984375,954.1650390625
10.4140625,954.7156982421875
10.4296875,954.5939331054688
10.4453125,954.5851440429688
10.4609375,954.9482421875
10.4765625,954.1270751953125
10.4921875,955.4580078125
10.5078125,955.3145751953125
10.5234375,955.4769897460938
10.5390625,955.309326171875
10.5546875,955.1641845703125
10.5703125,955.0330810546875
10.5859375,954.9860229492188
10.6015625,954.68310546875
10.6171875,956.2455444335938
10.6328125,957.1317749023438
10.6484375,955.4066162109375
10.6640625,955.0374755859375
10.6796875,954.6783447265625
10.6953125,954.9248046875
10.7109375,954.673583984375
10.7265625,954.977783203125
10.7421875,955.035888671875
10.7578125,955.3279418945312
10.7734375,954.837158203125
10.7890625,955.5216064453125
10.8046875,956.8214721679688
10.8203125,955.1076049804688
10.8359375,956.0064697265625
10.8515625,955.1041870117188
10.8671875,955.3915405273438
10.8828125,954.072265625
10.8984375,954.7310791015625
10.9140625,953.954345703125
10.9296875,954.5746459960938
10.9453125,954.6447143554688
10.9609375,955.818359375
10.9765625,955.7483520507812
10.9921875,955.520751953125
11.0078125,954.7172241210938
11.0234375,953.7340698242188
11.0390625,953.7932739257812
11.0546875,953.5682373046875
11.0703125,953.5025024414062
11.0859375,953.408203125
11.1015625,953.0426635742188
11.1171875,953.1629638671875
11.1328125,953.0244140625
11.1484375,952.9244384765625
11.1640625,952.8487548828125
11.1796875,952.8538818359375
11.1953125,952.8385620117188
11.2109375,952.8057861328125
11.2265625,952.822265625
11.2421875,952.8086547851562
11.2578125,952.8048095703125
11.2734375,952.8089599609375
11.2890625,952.8025512695312
11.3046875,952.8091430664062
11.3203125,952.8028564453125
11.3359375,952.7869262695312
11.3515625,952.7772216796875
11.3671875,952.7951049804688
11.3828125,952.7866821289062
11.3984375,952.7802734375
11.4140625,952.7788696289062
11.4296875,952.7824096679688
11.4453125,952.7889404296875
11.4609375,952.7936401367188
11.4765625,952.7692260742188
11.4921875,952.7677001953125
11.5078125,952.7783203125
11.5234375,952.7674560546875
11.5390625,952.7642822265625
11.5546875,952.7654418945312
11.5703125,952.7637939453125
11.5859375,952.7720336914062
11.6015625,952.7655029296875
11.6171875,952.7721557617188
11.6328125,952.7600708007812
11.6484375,952.766845703125
11.6640625,952.7551879882812
11.6796875,952.7625732421875
11.6953125,952.7733154296875
11.7109375,952.7631225585938
11.7265625,952.7611694335938
11.7421875,952.770751953125
11.7578125,952.766845703125
11.7734375,952.7604370117188
11.7890625,952.7630004882812
11.8046875,952.764404296875
11.8203125,952.7505493164062
11.8359375,952.7596435546875
11.8515625,952.75732421875
11.8671875,952.7586669921875
11.8828125,952.7667236328125
11.8984375,952.7643432617188
11.9140625,952.766845703125
11.9296875,952.743896484375
11.9453125,952.7606811523438
11.9609375,952.7579345703125
11.9765625,952.7377319335938
11.9921875,952.7402954101562
12.0078125,952.7568359375
12.0234375,952.7562255859375
12.0390625,952.74560546875
12.0546875,952.7350463867188
12.0703125,952.7431030273438
12.0859375,952.7540893554688
12.1015625,952.756591796875
12.1171875,952.7540283203125
12.1328125,952.7415161132812
12.1484375,952.7547607421875
12.1640625,952.748779296875
12.1796875,952.7520141601562
12.1953125,952.7349243164062
12.2109375,952.73193359375
12.2265625,952.73974609375
12.2421875,952.77099609375
12.2578125,953.1642456054688
12.2734375,953.180419921875
12.2890625,953.761474609375
12.3046875,954.587890625
12.3203125,955.8682861328125
12.3359375,955.2100830078125
12.3515625,954.9612426757812
12.3671875,954.3165893554688
12.3828125,954.7357788085938
12.3984375,955.2693481445312
12.4140625,955.6069946289062
12.4296875,955.2120971679688
12.4453125,955.7972412109375
12.4609375,955.190673828125
12.4765625,956.1482543945312
12.4921875,955.6632690429688
12.5078125,955.0760498046875
12.5234375,955.0043334960938
12.5390625,955.51708984375
12.5546875,955.2478637695312
12.5703125,955.181396484375
12.5859375,954.6554565429688
12.6015625,955.7521362304688
12.6171875,955.1519165039062
12.6328125,955.58154296875
12.6484375,955.55810546875
12.6640625,954.9901123046875
12.6796875,955.322998046875
12.6953125,955.1116333007812
12.7109375,954.5131225585938
12.7265625,955.7686767578125
12.7421875,955.2300415039062
12.7578125,954.8091430664062
12.7734375,954.8921508789062
12.7890625,954.7841796875
12.8046875,955.5707397460938
12.8203125,954.5786743164062
12.8359375,954.7730102539062
12.8515625,955.0100708007812
12.8671875,954.12841796875
12.8828125,953.9485473632812
12.8984375,954.3028564453125
12.9140625,954.0979614257812
12.9296875,954.756591796875
12.9453125,954.4118041992188
12.9609375,954.9127807617188
12.9765625,954.583740234375
12.9921875,954.837646484375
13.0078125,954.1615600585938
13.0234375,953.45263671875
13.0390625,953.5980224609375
13.0546875,953.4451904296875
13.0703125,953.2411499023438
13.0859375,952.9940185546875
13.1015625,952.935546875
13.1171875,952.8633422851562
13.1328125,952.8019409179688
13.1484375,952.8290405273438
13.1640625,952.810302734375
13.1796875,952.8234252929688
13.1953125,952.8204956054688
13.2109375,952.8114013671875
13.2265625,952.8140258789062
13.2421875,952.8072509765625
13.2578125,952.7888793945312
13.2734375,952.7967529296875
13.2890625,952.806396484375
13.3046875,952.8193359375
13.3203125,952.80029296875
13.3359375,952.7874755859375
13.3515625,952.7811279296875
13.3671875,952.7933959960938
13.3828125,952.7958374023438
13.3984375,952.7960815429688
13.4140625,952.7894897460938
13.4296875,952.7833862304688
13.4453125,952.7897338867188
13.4609375,952.7799682617188
13.4765625,952.804443359375
13.4921875,952.7725830078125
13.5078125,952.7894287109375
13.5234375,952.7791137695312
13.5390625,952.7860107421875
13.5546875,952.784912109375
13.5703125,952.7778930664062
13.5859375,952.7955322265625
13.6015625,952.7823486328125
13.6171875,952.8006591796875
13.6328125,952.7780151367188
13.6484375,952.7744140625
13.6640625,952.782470703125
13.6796875,952.7886352539062
13.6953125,952.776611328125
13.7109375,952.7774658203125
13.7265625,952.7759399414062
13.7421875,952.7716674804688
13.7578125,952.79443359375
13.7734375,952.7840576171875
13.7890625,952.777099609375
13.8046875,952.7783203125
13.8203125,952.7774658203125
13.8359375,952.7949829101562
13.8515625,952.7894287109375
13.8671875,952.7730102539062
13.8828125,952.7757568359375
13.8984375,952.78271484375
13.9140625,952.7801513671875
13.9296875,952.7865600585938
13.9453125,952.7742919921875
13.9609375,952.779052734375
13.9765625,952.7789916992188
13.9921875,952.7877807617188
14.0078125,952.7684936523438
14.0234375,952.7752685546875
14.0390625,952.7821655273438
14.0546875,952.77490234375
14.0703125,952.773193359375
14.0859375,952.7724609375
14.1015625,952.7628784179688
14.1171875,952.7719116210938
14.1328125,952.7631225585938
14.1484375,952.7783203125
14.1640625,952.7734985351562
14.1796875,952.7734985351562
14.1953125,953.0659790039062
14.2109375,953.4164428710938
14.2265625,953.7388916015625
14.2421875,953.952880859375
14.2578125,953.9705810546875
14.2734375,954.5834350585938
14.2890625,955.3731079101562
14.3046875,954.4616088867188
14.3203125,954.946533203125
14.3359375,954.9190673828125
14.3515625,954.5529174804688
14.3671875,954.349365234375
14.3828125,954.9390258789062
14.3984375,955.039794921875
14.4140625,954.2628784179688
14.4296875,954.471435546875
14.4453125,955.3536987304688
14.4609375,954.7599487304688
14.4765625,954.6310424804688
14.4921875,956.0552978515625
14.5078125,954.97265625
14.5234375,956.0160522460938
14.5390625,955.4208374023438
14.5546875,955.84716796875
14.5703125,955.4747314453125
14.5859375,955.599365234375
14.6015625,955.864013671875
14.6171875,955.7586669921875
14.6328125,955.4972534179688
14.6484375,954.5626220703125
14.6640625,955.5864868164062
14.6796875,954.9525756835938
14.6953125,954.749755859375
14.7109375,956.3046875
14.7265625,955.319580078125
14.7421875,955.8165283203125
14.7578125,955.405029296875
14.7734375,955.1326293945312
14.7890625,954.4273071289062
14.8046875,953.6151123046875
14.8203125,954.0493774414062
14.8359375,953.7223510742188
14.8515625,953.8544311523438
14.8671875,953.6346435546875
14.8828125,953.7163696289062
14.8984375,953.0282592773438
14.9140625,953.1193237304688
14.9296875,952.9022216796875
14.9453125,952.8922729492188
14.9609375,952.9215698242188
14.9765625,952.8580932617188
14.9921875,952.8038330078125
15.0078125,952.8301391601562
15.0234375,952.83935546875
15.0390625,952.8265991210938
15.0546875,952.8158569335938
15.0703125,952.8167114257812
15.0859375,952.8114013671875
15.1015625,952.8048095703125
15.1171875,952.810546875
15.1328125,952.8103637695312
15.1484375,952.8045654296875
15.1640625,952.80419921875
15.1796875,952.7952270507812
15.1953125,952.8009033203125
15.2109375,952.78125
15.2265625,952.7990112304688
15.2421875,952.7933349609375
15.2578125,952.8029174804688
15.2734375,952.7708129882812
15.2890625,952.7933959960938
15.3046875,952.7866821289062
15.3203125,952.7817993164062
15.3359375,952.7896728515625
15.3515625,952.7803955078125
15.3671875,952.7847290039062
15.3828125,952.7763671875
15.3984375,952.7677612304688
15.4140625,952.7718505859375
15.4296875,952.7791748046875
15.4453125,952.7608642578125
15.4609375,952.7720947265625
15.4765625,952.780517578125
15.4921875,952.759033203125
15.5078125,952.780517578125
15.5234375,952.7933959960938
15.5390625,952.7698974609375
15.5546875,952.7646484375
15.5703125,952.765380859375
15.5859375,952.7713012695312
15.6015625,952.7665405273438
15.6171875,952.7739868164062
15.6328125,952.7796630859375
15.6484375,952.762451171875
15.6640625,952.7678833007812
15.6796875,952.7677612304688
15.6953125,952.7466430664062
15.7109375,952.7637329101562
15.7265625,952.7595825195312
15.7421875,952.7709350585938
15.7578125,952.76953125
15.7734375,952.7595825195312
15.7890625,952.7658081054688
15.8046875,952.7706298828125
15.8203125,952.7628173828125
15.8359375,952.766357421875
15.8515625,952.7653198242188
15.8671875,952.7765502929688
15.8828125,952.7673950195312
15.8984375,952.765625
15.9140625,952.7697143554688
15.9296875,952.7781982421875
15.9453125,952.7647705078125
15.9609375,952.759521484375
15.9765625,952.7697143554688
15.9921875,952.7612915039062
16.0078125,952.7521362304688
16.0234375,952.749267578125
16.0390625,952.7498168945312
16.0546875,952.7621459960938
16.0703125,952.7462158203125
16.0859375,952.7554321289062
16.1015625,952.7860107421875
16.1171875,953.020751953125
16.1328125,953.3359375
16.1484375,953.6574096679688
16.1640625,953.9757080078125
16.1796875,955.2609252929688
16.1953125,955.28857421875
16.2109375,955.6024169921875
16.2265625,955.7452392578125
16.2421875,955.7081909179688
16.2578125,956.353515625
16.2734375,955.2897338867188
16.2890625,954.2380981445312
16.3046875,954.4200439453125
16.3203125,954.3314819335938
16.3359375,955.042236328125
16.3515625,954.6677856445312
16.3671875,954.2007446289062
16.3828125,955.0455322265625
16.3984375,954.1531982421875
16.4140625,954.3328857421875
16.4296875,954.175537109375
16.4453125,954.793701171875
16.4609375,953.8754272460938
16.4765625,954.040283203125
16.4921875,954.3881225585938
16.5078125,954.434326171875
16.5234375,954.2012939453125
16.5390625,954.346923828125
16.5546875,954.42919921875
16.5703125,954.2667846679688
16.5859375,954.6046142578125
16.6015625,954.2303466796875
16.6171875,954.1618041992188
16.6328125,954.074951171875
16.6484375,954.1173095703125
16.6640625,954.66796875
16.6796875,954.5055541992188
16.6953125,954.209716796875
16.7109375,953.8960571289062
16.7265625,954.3207397460938
16.7421875,953.9987182617188
16.7578125,954.048095703125
16.7734375,954.4053955078125
16.7890625,954.034423828125
16.8046875,953.4133911132812
16.8203125,953.6939086914062
16.8359375,953.26708984375
16.8515625,953.3190307617188
16.8671875,953.306640625
16.8828125,953.385498046875
16.8984375,953.1419067382812
16.9140625,952.918701171875
16.9296875,952.9376831054688
16.9453125,952.848876953125
16.9609375,952.8487548828125
16.9765625,952.8739624023438
16.9921875,952.8497314453125
17.0078125,952.8475341796875
17.0234375,952.8264770507812
17.0390625,952.8384399414062
17.0546875,952.8334350585938
17.0703125,952.8244018554688
17.0859375,952.81396484375
17.1015625,952.8187866210938
17.1171875,952.82177734375
17.1328125,952.8060913085938
17.1484375,952.81982421875
17.1640625,952.8147583007812
17.1796875,952.81201171875
17.1953125,952.8115234375
17.2109375,952.8056030273438
17.2265625,952.8146362304688
17.2421875,952.8225708007812
17.2578125,952.7967529296875
17.2734375,952.814453125
17.2890625,952.813720703125
17.3046875,952.7981567382812
17.3203125,952.7984008789062
17.3359375,952.791015625
17.3515625,952.8075561523438
17.3671875,952.784912109375
17.3828125,952.7991943359375
17.3984375,952.7872314453125
17.4140625,952.7957763671875
17.4296875,952.7990112304688
17.4453125,952.7814331054688
17.4609375,952.7853393554688
17.4765625,952.7866821289062
17.4921875,952.7939453125
17.5078125,952.7882690429688
17.5234375,952.792724609375
17.5390625,952.7930908203125
17.5546875,952.7848510742188
17.5703125,952.7702026367188
17.5859375,952.7828979492188
17.6015625,952.77490234375
17.6171875,952.780029296875
17.6328125,952.7830810546875
17.6484375,952.7796630859375
17.6640625,952.7808227539062
17.6796875,952.755859375
17.6953125,953.4035034179688
17.7109375,952.9689331054688
17.7265625,953.0084228515625
17.7421875,953.0369873046875
17.7578125,952.9747314453125
17.7734375,953.0485229492188
17.7890625,952.9375
17.8046875,952.872802734375
17.8203125,952.8748779296875
17.8359375,952.8390502929688
17.8515625,952.8446655273438
17.8671875,952.8463134765625
17.8828125,952.84521484375
17.8984375,952.8273315429688
17.9140625,952.8338623046875
17.9296875,952.8247680664062
17.9453125,952.8262329101562
17.9609375,952.8246459960938
17.9765625,952.8175659179688
17.9921875,952.8142700195312
18.0078125,952.8153076171875
18.0234375,952.799560546875
18.0390625,952.7902221679688
18.0546875,952.792724609375
18.0703125,952.7861328125
18.0859375,952.7978515625
18.1015625,952.7862548828125
18.1171875,952.7994995117188
18.1328125,952.7740478515625
18.1484375,952.7943725585938
18.1640625,952.7832641601562
18.1796875,952.790283203125
18.1953125,952.7775268554688
18.2109375,952.768310546875
18.2265625,952.7969360351562
18.2421875,952.7932739257812
18.2578125,952.760986328125
18.2734375,952.7737426757812
18.2890625,952.7918701171875
18.3046875,952.7799682617188
18.3203125,952.7899169921875
18.3359375,952.7785034179688
18.3515625,952.77880859375
18.3671875,952.7731323242188
18.3828125,952.76123046875
18.3984375,952.7838134765625
18.4140625,952.7710571289062
18.4296875,952.776611328125
18.4453125,952.787109375
18.4609375,952.7874145507812
18.4765625,952.7697143554688
18.4921875,952.7702026367188
18.5078125,952.7877197265625
18.5234375,952.7642822265625
18.5390625,952.7721557617188
18.5546875,952.773193359375
18.5703125,952.7726440429688
18.5859375,952.780517578125
18.6015625,952.7939453125
18.6171875,952.7703857421875
18.6328125,952.779296875
18.6484375,952.7589111328125
18.6640625,952.770263671875
18.6796875,952.7821655273438
18.6953125,952.7657470703125
18.7109375,952.7528686523438
18.7265625,952.7584228515625
18.7421875,952.7571411132812
18.7578125,952.7726440429688
18.7734375,952.7595825195312
18.7890625,952.7642211914062
18.8046875,952.7670288085938
18.8203125,952.7532348632812
18.8359375,952.7815551757812
18.8515625,952.753662109375
18.8671875,952.7789916992188
18.8828125,952.7939453125
18.8984375,952.8721923828125
18.9140625,953.0571899414062
18.9296875,952.9921875
18.9453125,954.1256103515625
18.9609375,953.4268798828125
18.9765625,953.88037109375
18.9921875,954.4073486328125
19.0078125,953.8837890625
19.0234375,952.845703125
19.0390625,952.4338989257812
19.0546875,952.9592895507812
19.0703125,952.86328125
19.0859375,955.7032470703125
19.1015625,955.3901977539062
19.1171875,955.1525268554688
19.1328125,952.6824951171875
19.1484375,952.891845703125
19.1640625,952.7695922851562
19.1796875,952.8143310546875
19.1953125,952.8292846679688
19.2109375,952.4974975585938
19.2265625,953.818359375
19.2421875,953.3323364257812
19.2578125,952.7630004882812
19.2734375,952.711669921875
19.2890625,952.9356689453125
19.3046875,952.7830810546875
19.3203125,953.2962036132812
19.3359375,953.22412109375
19.3515625,953.2501831054688
19.3671875,953.1551513671875
19.3828125,954.8544921875
19.3984375,956.904296875
19.4140625,956.1192626953125
19.4296875,955.5655517578125
19.4453125,955.4701538085938
19.4609375,955.536865234375
19.4765625,955.3702392578125
19.4921875,955.1043701171875
19.5078125,954.3225708007812
19.5234375,954.0767211914062
19.5390625,953.2443237304688
19.5546875,953.734375
19.5703125,953.2508544921875
19.5859375,952.8328857421875
19.6015625,952.7521362304688
19.6171875,952.6381225585938
19.6328125,952.7662353515625
19.6484375,952.787841796875
19.6640625,952.6728515625
19.6796875,952.90234375
19.6953125,952.8221435546875
19.7109375,952.8856811523438
19.7265625,952.84326171875
19.7421875,952.8557739257812
19.7578125,952.8341064453125
19.7734375,952.8167724609375
19.7890625,952.8404541015625
19.8046875,952.8325805664062
19.8203125,952.83740234375
19.8359375,952.8284912109375
19.8515625,952.8235473632812
19.8671875,952.8309936523438
19.8828125,952.8125610351562
19.8984375,952.8140258789062
19.9140625,952.8209838867188
19.9296875,952.8005981445312
19.9453125,952.8169555664062
19.9609375,952.7990112304688
19.9765625,952.8013916015625
19.9921875,952.8068237304688
20.0078125,952.8091430664062
20.0234375,952.8030395507812
20.0390625,952.7893676757812
20.0546875,952.796875
20.0703125,952.8013305664062
20.0859375,952.8012084960938
20.1015625,952.7833251953125
20.1171875,952.8003540039062
20.1328125,952.786376953125
20.1484375,952.7802124023438
20.1640625,952.7858276367188
20.1796875,952.8065185546875
20.1953125,952.8038330078125
20.2109375,952.7775268554688
20.2265625,952.7844848632812
20.2421875,952.796875
20.2578125,952.8109130859375
20.2734375,952.7783203125
20.2890625,952.7872314453125
20.3046875,952.7825317382812
20.3203125,952.8030395507812
20.3359375,952.778076171875
20.3515625,952.7825317382812
20.3671875,952.779052734375
20.3828125,952.7869873046875
20.3984375,952.7980346679688
20.4140625,952.7737426757812
20.4296875,952.7971801757812
20.4453125,952.7786254882812
20.4609375,952.7739868164062
20.4765625,952.7801513671875
20.4921875,952.7738647460938
20.5078125,952.7724609375
20.5234375,952.7681884765625
20.5390625,952.7643432617188
20.5546875,952.7711791992188
20.5703125,952.7706909179688
20.5859375,952.7623901367188
20.6015625,952.7880859375
20.6171875,952.792724609375
20.6328125,952.7646484375
20.6484375,952.7635498046875
20.6640625,952.7697143554688
20.6796875,952.7635498046875
20.6953125,952.7647705078125
20.7109375,952.7656860351562
20.7265625,952.7679443359375
20.7421875,952.76513671875
20.7578125,952.7637939453125
20.7734375,952.735595703125
20.7890625,952.760986328125
20.8046875,952.7882690429688
20.8203125,952.8106079101562
20.8359375,952.93896484375
20.8515625,952.823486328125
20.8671875,953.2862548828125
20.8828125,953.5162963867188
20.8984375,953.7037963867188
20.9140625,953.7598876953125
20.9296875,954.1495971679688
20.9453125,953.492919921875
20.9609375,953.2385864257812
20.9765625,955.269287109375
20.9921875,956.157958984375
21.0078125,956.2973022460938
21.0234375,955.6138916015625
21.0390625,957.1033325195312
21.0546875,956.068115234375
21.0703125,955.64990234375
21.0859375,955.8739624023438
21.1015625,955.5542602539062
21.1171875,956.5620727539062
21.1328125,956.2079467773438
21.1484375,956.1936645507812
21.1640625,955.7660522460938
21.1796875,955.6298217773438
21.1953125,955.112548828125
21.2109375,956.062255859375
21.2265625,956.0025024414062
21.2421875,956.2967529296875
21.2578125,956.6647338867188
21.2734375,956.0039672851562
21.2890625,955.4664916992188
21.3046875,956.5645141601562
21.3203125,955.1958618164062
21.3359375,955.632080078125
21.3515625,954.7803955078125
21.3671875,955.2840576171875
21.3828125,953.6633911132812
21.3984375,952.84375
21.4140625,952.8401489257812
21.4296875,953.2426147460938
21.4453125,952.546630859375
21.4609375,952.5838623046875
21.4765625,952.237060546875
21.4921875,952.4302368164062
21.5078125,952.4102172851562
21.5234375,952.4280395507812
21.5390625,952.8012084960938
21.5546875,952.6058959960938
21.5703125,952.755859375
21.5859375,952.8180541992188
21.6015625,952.8558959960938
21.6171875,952.8577270507812
21.6328125,952.8502197265625
21.6484375,952.8468017578125
21.6640625,952.8418579101562
21.6796875,952.8419189453125
21.6953125,952.8298950195312
21.7109375,952.848388671875
21.7265625,952.8284912109375
21.7421875,952.8364868164062
21.7578125,952.83203125
21.7734375,952.8446655273438
21.7890625,952.8444213867188
21.8046875,952.8131713867188
21.8203125,952.842529296875
21.8359375,952.8223876953125
21.8515625,952.8223266601562
21.8671875,952.8295288085938
21.8828125,952.829345703125
21.8984375,952.8282470703125
21.9140625,952.8272705078125
21.9296875,952.8309326171875
21.9453125,952.8106079101562
21.9609375,952.81787109375
21.9765625,952.8234252929688
21.9921875,952.8150024414062
22.0078125,952.7947387695312
22.0234375,952.799560546875
22.0390625,952.8167114257812
22.0546875,952.7933959960938
22.0703125,952.8151245117188
22.0859375,952.8117065429688
22.1015625,952.78857421875
22.1171875,952.7994384765625
22.1328125,952.7921752929688
22.1484375,952.7955322265625
22.1640625,952.8173217773438
22.1796875,952.812255859375
22.1953125,952.7965698242188
22.2109375,952.8168334960938
22.2265625,952.7952270507812
22.2421875,952.8004760742188
22.2578125,952.7911987304688
22.2734375,952.7942504882812
22.2890625,952.7858276367188
22.3046875,952.8038940429688
22.3203125,952.7918701171875
22.3359375,952.7887573242188
22.3515625,952.7811279296875
22.3671875,952.78125
22.3828125,952.7796630859375
22.3984375,952.778076171875
22.4140625,952.7754516601562
22.4296875,952.7755126953125
22.4453125,952.7796630859375
22.4609375,952.7791748046875
22.4765625,952.776123046875
22.4921875,952.7841796875
22.5078125,952.776611328125
22.5234375,952.779296875
22.5390625,952.7784423828125
22.5546875,952.776611328125
22.5703125,952.7639770507812
22.5859375,952.7981567382812
22.6015625,952.891357421875
22.6171875,952.9453125
22.6328125,953.1055297851562
22.6484375,953.6929321289062
22.6640625,953.9803466796875
22.6796875,954.0724487304688
22.6953125,953.8939819335938
22.7109375,954.4099731445312
22.7265625,954.6685791015625
22.7421875,954.337646484375
22.7578125,954.360107421875
22.7734375,952.8275756835938
22.7890625,952.9560546875
22.8046875,953.75390625
22.8203125,953.9833984375
22.8359375,954.8385620117188
22.8515625,954.3828735351562
22.8671875,954.5767211914062
22.8828125,955.5798950195312
22.8984375,954.9408569335938
22.9140625,954.891845703125
22.9296875,954.9434814453125
22.9453125,954.5037841796875
22.9609375,955.811279296875
22.9765625,954.3253173828125
22.9921875,953.8253784179688
23.0078125,954.1517944335938
23.0234375,953.3292236328125
23.0390625,953.2818603515625
23.0546875,953.4926147460938
23.0703125,953.256591796875
23.0859375,953.9483642578125
23.1015625,955.1514892578125
23.1171875,955.591552734375
23.1328125,953.5784301757812
23.1484375,954.3472290039062
23.1640625,954.9603881835938
23.1796875,955.7332763671875
23.1953125,954.536376953125
23.2109375,954.0739135742188
23.2265625,953.104736328125
23.2421875,952.7953491210938
23.2578125,954.1266479492188
23.2734375,954.4231567382812
23.2890625,953.8109130859375
23.3046875,952.8268432617188
23.3203125,953.1513671875
23.3359375,953.0045166015625
23.3515625,953.1975708007812
23.3671875,953.0581665039062
23.3828125,952.8784790039062
23.3984375,952.8800659179688
23.4140625,952.8399658203125
23.4296875,952.8576049804688
23.4453125,952.8405151367188
23.4609375,952.8480224609375
23.4765625,952.8424072265625
23.4921875,952.8283081054688
23.5078125,952.8335571289062
23.5234375,952.821044921875
23.5390625,952.8338012695312
23.5546875,952.8179321289062
23.5703125,952.8291015625
23.5859375,952.8265380859375
23.6015625,952.8052978515625
23.6171875,952.8120727539062
23.6328125,952.8153076171875
23.6484375,952.8148803710938
23.6640625,952.8038940429688
23.6796875,952.7939453125
23.6953125,952.7960205078125
23.7109375,952.7896118164062
23.7265625,952.7916870117188
23.7421875,952.78515625
23.7578125,952.8012084960938
23.7734375,952.8016357421875
23.7890625,952.7855834960938
23.8046875,952.7735595703125
23.8203125,952.7542114257812
23.8359375,952.7637329101562
23.8515625,952.7631225585938
23.8671875,952.7907104492188
23.8828125,952.7523193359375
23.8984375,952.7545166015625
23.9140625,952.7857055664062
23.9296875,952.769287109375
23.9453125,952.76953125
23.9609375,952.7836303710938
23.9765625,952.7515258789062
23.9921875,952.7498779296875
24.0078125,952.7674560546875
24.0234375,952.7640991210938
24.0390625,952.7481079101562
24.0546875,952.7813110351562
24.0703125,952.7481079101562
24.0859375,952.7531127929688
24.1015625,952.7581176757812
24.1171875,952.7581787109375
24.1328125,952.749267578125
24.1484375,952.753173828125
24.1640625,952.780029296875
24.1796875,952.7518310546875
24.1953125,952.7603149414062
24.2109375,952.7561645507812
24.2265625,952.7788696289062
24.2421875,952.7756958007812
24.2578125,952.7603149414062
24.2734375,952.7700805664062
24.2890625,952.773193359375
24.3046875,952.7684326171875
24.3203125,952.7495727539062
24.3359375,952.7442626953125
24.3515625,952.7443237304688
24.3671875,952.7763061523438
24.3828125,952.7703857421875
24.3984375,952.7608642578125
24.4140625,952.7413940429688
24.4296875,952.7601318359375
24.4453125,952.7738647460938
24.4609375,952.771484375
24.4765625,952.7421875
24.4921875,952.7734985351562
24.5078125,952.802734375
24.5234375,952.8287353515625
24.5390625,952.7464599609375
24.5546875,952.873779296875
24.5703125,953.6265258789062
24.5859375,953.973876953125
24.6015625,954.4654541015625
24.6171875,957.492919921875
24.6328125,955.05224609375
24.6484375,954.2578125
24.6640625,953.9300537109375
24.6796875,953.4618530273438
24.6953125,953.375
24.7109375,955.7117919921875
24.7265625,954.9336547851562
24.7421875,954.333251953125
24.7578125,954.8524169921875
24.7734375,955.4125366210938
24.7890625,953.6644287109375
24.8046875,953.9986572265625
24.8203125,954.406005859375
24.8359375,953.9549560546875
24.8515625,954.1661376953125
24.8671875,953.281005859375
24.8828125,953.5791015625
24.8984375,952.7893676757812
24.9140625,952.6983642578125
24.9296875,952.3890991210938
24.9453125,953.4556274414062
24.9609375,954.3485717773438
24.9765625,953.5926513671875
24.9921875,953.7732543945312
25.0078125,953.1282348632812
25.0234375,953.3258666992188
25.0390625,952.9485473632812
25.0546875,953.319580078125
25.0703125,952.9575805664062
25.0859375,952.6937866210938
25.1015625,952.549560546875
25.1171875,952.9554443359375
25.1328125,953.1989135742188
25.1484375,953.042236328125
25.1640625,952.6842651367188
25.1796875,952.8111572265625
25.1953125,952.8970947265625
25.2109375,952.990234375
25.2265625,953.1768798828125
25.2421875,953.065185546875
25.2578125,952.9279174804688
25.2734375,952.895263671875
25.2890625,952.8767700195312
25.3046875,952.8497314453125
25.3203125,952.8455810546875
25.3359375,952.8401489257812
25.3515625,952.8284301757812
25.3671875,952.8516235351562
25.3828125,952.8359375
25.3984375,952.8268432617188
25.4140625,952.8251953125
25.4296875,952.8169555664062
25.4453125,952.8214111328125
25.4609375,952.8341064453125
25.4765625,952.8224487304688
25.4921875,952.8263549804688
25.5078125,952.8221435546875
25.5234375,952.8298950195312
25.5390625,952.8068237304688
25.5546875,952.8096923828125
25.5703125,952.8201293945312
25.5859375,952.823486328125
25.6015625,952.8247680664062
25.6171875,952.8053588867188
25.6328125,952.7933959960938
25.6484375,952.8033447265625
25.6640625,952.7986450195312
25.6796875,952.796630859375
25.6953125,952.798583984375
25.7109375,952.7981567382812
25.7265625,952.7896118164062
25.7421875,952.7966918945312
25.7578125,952.7941284179688
25.7734375,952.787841796875
25.7890625,952.7784423828125
25.8046875,952.7777709960938
25.8203125,952.79052734375
25.8359375,952.790771484375
25.8515625,952.7891235351562
25.8671875,952.770751953125
25.8828125,952.7871704101562
25.8984375,952.779052734375
25.9140625,952.7793579101562
25.9296875,952.7595825195312
25.9453125,952.7762451171875
25.9609375,952.7810668945312
25.9765625,952.7628784179688
25.9921875,952.7667236328125
26.0078125,952.7562866210938
26.0234375,952.7774047851562
26.0390625,952.7603759765625
26.0546875,952.7676391601562
26.0703125,952.75
26.0859375,952.7626342773438
26.1015625,952.7688598632812
26.1171875,952.7501831054688
26.1328125,952.76318359375
26.1484375,952.7601928710938
26.1640625,952.7489013671875
26.1796875,952.7572631835938
26.1953125,952.7493286132812
26.2109375,952.7481079101562
26.2265625,952.7877197265625
26.2421875,952.872802734375
26.2578125,953.0650024414062
26.2734375,953.4528198242188
26.2890625,954.154296875
26.3046875,955.2489013671875
26.3203125,955.712646484375
26.3359375,955.4420776367188
26.3515625,956.3048706054688
26.3671875,957.1018676757812
26.3828125,953.4489135742188
26.3984375,953.020263671875
26.4140625,952.751708984375
26.4296875,952.5844116210938
26.4453125,952.55224609375
26.4609375,952.3760986328125
26.4765625,952.8563842773438
26.4921875,952.8352661132812
26.5078125,952.3488159179688
26.5234375,952.2990112304688
26.5390625,952.4038696289062
26.5546875,952.5317993164062
26.5703125,952.7467651367188
26.5859375,952.5982666015625
26.6015625,952.5408325195312
26.6171875,952.4752197265625
26.6328125,952.4102783203125
26.6484375,952.3427124023438
26.6640625,952.366943359375
26.6796875,952.5469360351562
26.6953125,952.3775024414062
26.7109375,952.9053955078125
26.7265625,954.3356323242188
26.7421875,955.7093505859375
26.7578125,956.4699096679688
26.7734375,955.6203002929688
26.7890625,953.3399047851562
26.8046875,955.1785888671875
26.8203125,956.3577270507812
26.8359375,954.5563354492188
26.8515625,955.3539428710938
26.8671875,954.8212890625
26.8828125,954.8343505859375
26.8984375,955.1686401367188
26.9140625,954.6041870117188
26.9296875,954.8717041015625
26.9453125,953.2658081054688
26.9609375,952.84912109375
26.9765625,952.673095703125
26.9921875,952.6593627929688
27.0078125,952.6912841796875
27.0234375,952.8392944335938
27.0390625,952.8048095703125
27.0546875,952.8290405273438
27.0703125,952.8349609375
27.0859375,952.8330078125
27.1015625,952.8352661132812
27.1171875,952.821044921875
27.1328125,952.8316040039062
27.1484375,952.8298950195312
27.1640625,952.8106689453125
27.1796875,952.8019409179688
27.1953125,952.8256225585938
27.2109375,952.8322143554688
27.2265625,952.8348999023438
27.2421875,952.8327026367188
27.2578125,952.8087768554688
27.2734375,952.8217163085938
27.2890625,952.8204956054688
27.3046875,952.8098754882812
27.3203125,952.8060913085938
27.3359375,952.8069458007812
27.3515625,952.7987060546875
27.3671875,952.7997436523438
27.3828125,952.7987060546875
27.3984375,952.7975463867188
27.4140625,952.8112182617188
27.4296875,952.77685546875
27.4453125,952.7750854492188
27.4609375,952.7940673828125
27.4765625,952.790283203125
27.4921875,952.7969360351562
27.5078125,952.7935791015625
27.5234375,952.7918701171875
27.5390625,952.7922973632812
27.5546875,952.7783203125
27.5703125,952.782958984375
27.5859375,952.781982421875
27.6015625,952.7877197265625
27.6171875,952.7731323242188
27.6328125,952.78662109375
27.6484375,952.7832641601562
27.6640625,952.7656860351562
27.6796875,952.7882080078125
27.6953125,952.7648315429688
27.7109375,952.7844848632812
27.7265625,952.7836303710938
27.7421875,952.7511596679688
27.7578125,952.7719116210938
27.7734375,952.7620849609375
27.7890625,952.7719116210938
27.8046875,952.7523193359375
27.8203125,952.7762451171875
27.8359375,952.75146484375
27.8515625,952.7509765625
27.8671875,952.7848510742188
27.8828125,952.783203125
27.8984375,952.7835693359375
27.9140625,952.7658081054688
27.9296875,952.7778930664062
27.9453125,952.7787475585938
27.9609375,952.7626342773438
27.9765625,952.7745971679688
27.9921875,952.7545166015625
28.0078125,952.7863159179688
28.0234375,952.643798828125
28.0390625,952.5228881835938
28.0546875,952.5025024414062
28.0703125,952.712890625
28.0859375,953.0159301757812
28.1015625,952.6782836914062
28.1171875,951.9642944335938
28.1328125,952.8433227539062
28.1484375,956.140625
28.1640625,956.512939453125
28.1796875,955.9683227539062
28.1953125,955.15576171875
28.2109375,955.1691284179688
28.2265625,955.453857421875
28.2421875,956.2960815429688
28.2578125,956.2689819335938
28.2734375,957.0866088867188
28.2890625,957.1728515625
28.3046875,955.3884887695312
28.3203125,956.1678466796875
28.3359375,956.1080932617188
28.3515625,952.7201538085938
28.3671875,955.5724487304688
28.3828125,956.9048461914062
28.3984375,955.1761474609375
28.4140625,956.1657104492188
28.4296875,954.9971923828125
28.4453125,954.6390380859375
28.4609375,956.22998046875
28.4765625,955.0234375
28.4921875,953.1945190429688
28.5078125,953.6470336914062
28.5234375,956.8040161132812
28.5390625,957.0336303710938
28.5546875,956.9478759765625
28.5703125,956.4677734375
28.5859375,956.9691772460938
28.6015625,956.1808471679688
28.6171875,955.4887084960938
28.6328125,953.8650512695312
28.6484375,952.73828125
28.6640625,953.4697265625
28.6796875,952.4375
28.6953125,952.151611328125
28.7109375,952.6155395507812
28.7265625,952.5530395507812
28.7421875,952.6610107421875
28.7578125,952.7026977539062
28.7734375,952.7425537109375
28.7890625,952.7042846679688
28.8046875,952.6561279296875
28.8203125,952.7913818359375
28.8359375,952.7752685546875
28.8515625,952.8195190429688
28.8671875,952.869140625
28.8828125,952.8591918945312
28.8984375,952.8525390625
28.9140625,952.8645629882812
28.9296875,952.8455810546875
28.9453125,952.8550415039062
28.9609375,952.8273315429688
28.9765625,952.8428955078125
28.9921875,952.8501586914062
29.0078125,952.8416748046875
29.0234375,952.8263549804688
29.0390625,952.8294067382812
29.0546875,952.8237915039062
29.0703125,952.8200073242188
29.0859375,952.811767578125
29.1015625,952.8253173828125
29.1171875,952.8256225585938
29.1328125,952.8206176757812
29.1484375,952.8504638671875
29.1640625,952.8303833007812
29.1796875,952.8364868164062
29.1953125,952.8228759765625
29.2109375,952.823486328125
29.2265625,952.8214111328125
29.2421875,952.8465576171875
29.2578125,952.7940673828125
29.2734375,952.825439453125
29.2890625,952.8161010742188
29.3046875,952.8446044921875
29.3203125,952.8201293945312
29.3359375,952.8192749023438
29.3515625,952.8126220703125
29.3671875,952.8030395507812
29.3828125,952.8029174804688
29.3984375,952.824951171875
29.4140625,952.814453125
29.4296875,952.8096923828125
29.4453125,952.8123168945312
29.4609375,952.8133544921875
29.4765625,952.80078125
29.4921875,952.78271484375
29.5078125,952.8095092773438
29.5234375,952.80859375
29.5390625,952.7891845703125
29.5546875,952.8086547851562
29.5703125,952.7924194335938
29.5859375,952.7752075195312
29.6015625,952.79638671875
29.6171875,952.7783203125
29.6328125,952.8041381835938
29.6484375,952.7742919921875
29.6640625,952.7887573242188
29.6796875,952.7818603515625
29.6953125,952.7813110351562
29.7109375,952.78076171875
29.7265625,952.7711791992188
29.7421875,952.785888671875
29.7578125,952.7816772460938
29.7734375,952.7698364257812
29.7890625,952.7709350585938
29.8046875,952.7628784179688
29.8203125,952.759033203125
29.8359375,952.7628784179688
29.8515625,952.759765625
29.8671875,952.759521484375
29.8828125,952.8457641601562
29.8984375,953.4698486328125
29.9140625,953.9969482421875
29.9296875,954.479248046875
29.9453125,953.7330932617188
29.9609375,953.6380004882812
29.9765625,953.8433227539062
29.9921875,953.70263671875
30.0078125,954.0040893554688
30.0234375,953.8068237304688
30.0390625,953.8931884765625
30.0546875,953.4398803710938
30.0703125,953.4295654296875
30.0859375,952.013427734375
30.1015625,951.8818359375
30.1171875,953.030517578125
30.1328125,953.428466796875
30.1484375,955.5067749023438
30.1640625,956.1272583007812
30.1796875,955.7780151367188
30.1953125,955.7853393554688
30.2109375,954.671142578125
30.2265625,954.147216796875
30.2421875,953.881591796875
30.2578125,955.54052734375
30.2734375,956.1583862304688
30.2890625,955.3753051757812
30.3046875,955.9705200195312
30.3203125,955.0037841796875
30.3359375,955.293701171875
30.3515625,955.0223388671875
30.3671875,955.1212158203125
30.3828125,955.0225830078125
30.3984375,954.3200073242188
30.4140625,955.2738647460938
30.4296875,954.4771118164062
30.4453125,955.140625
30.4609375,954.727294921875
30.4765625,953.9155883789062
30.4921875,954.0073852539062
30.5078125,953.5908203125
30.5234375,953.9267578125
30.5390625,953.6502075195312
30.5546875,953.512451171875
30.5703125,953.5792846679688
30.5859375,953.1173706054688
30.6015625,953.4008178710938
30.6171875,953.069580078125
30.6328125,953.1654663085938
30.6484375,953.1405029296875
30.6640625,952.9260864257812
30.6796875,952.9319458007812
30.6953125,952.8870239257812
30.7109375,952.8634033203125
30.7265625,952.8475341796875
30.7421875,952.8348388671875
30.7578125,952.8471069335938
30.7734375,952.8309936523438
30.7890625,952.8405151367188
30.8046875,952.8423461914062
30.8203125,952.8114624023438
30.8359375,952.8134155273438
30.8515625,952.8228759765625
30.8671875,952.8114013671875
30.8828125,952.8042602539062
30.8984375,952.812255859375
30.9140625,952.783203125
30.9296875,952.8074951171875
30.9453125,952.8092651367188
30.9609375,952.810546875
30.9765625,952.775146484375
30.9921875,952.7866821289062
31.0078125,952.8004760742188
31.0234375,952.8082885742188
31.0390625,952.774658203125
31.0546875,952.7786254882812
31.0703125,952.7705078125
31.0859375,952.8027954101562
31.1015625,952.76904296875
31.1171875,952.76904296875
31.1328125,952.7846069335938
31.1484375,952.7818603515625
31.1640625,952.7760009765625
31.1796875,952.784423828125
31.1953125,952.7869873046875
31.2109375,952.7872314453125
31.2265625,952.7679443359375
31.2421875,952.7832641601562
31.2578125,952.76171875
