Time (seconds), Duration (seconds),pred_unlabelled,pred_anomaly
0.01000,0.48000,0.99585,0.00415
0.03000,0.48000,0.98928,0.01072
0.05000,0.48000,0.99552,0.00448
0.07000,0.48000,0.98247,0.01753
0.09000,0.48000,0.99219,0.00781
0.11000,0.48000,0.98061,0.01939
0.13000,0.48000,0.99306,0.00694
0.15000,0.48000,0.99560,0.00440
0.17000,0.48000,0.99435,0.00565
0.19000,0.48000,0.99538,0.00462
0.21000,0.48000,0.99363,0.00637
0.23000,0.48000,0.99420,0.00580
0.25000,0.48000,0.99458,0.00542
0.27000,0.48000,0.99555,0.00445
0.29000,0.48000,0.99186,0.00814
0.31000,0.48000,0.99762,0.00238
0.33000,0.48000,0.99569,0.00431
0.35000,0.48000,0.99523,0.00477
0.37000,0.48000,0.99552,0.00448
0.39000,0.48000,0.99216,0.00784
0.41000,0.48000,0.99433,0.00567
0.43000,0.48000,0.99354,0.00646
0.45000,0.48000,0.99348,0.00652
0.47000,0.48000,0.99804,0.00196
0.49000,0.48000,0.99665,0.00335
0.51000,0.48000,0.99505,0.00495
0.53000,0.48000,0.99580,0.00420
0.55000,0.48000,0.98795,0.01205
0.57000,0.48000,0.99506,0.00494
0.59000,0.48000,0.99090,0.00910
0.61000,0.48000,0.99717,0.00283
0.63000,0.48000,0.99635,0.00365
0.65000,0.48000,0.99555,0.00445
0.67000,0.48000,0.99690,0.00310
0.69000,0.48000,0.99066,0.00934
0.71000,0.48000,0.99574,0.00426
0.73000,0.48000,0.99086,0.00914
0.75000,0.48000,0.98764,0.01236
0.77000,0.48000,0.99032,0.00968
0.79000,0.48000,0.99687,0.00313
0.81000,0.48000,0.99320,0.00680
0.83000,0.48000,0.99629,0.00371
0.85000,0.48000,0.99554,0.00446
0.87000,0.48000,0.99636,0.00364
0.89000,0.48000,0.99766,0.00234
0.91000,0.48000,0.99218,0.00782
0.93000,0.48000,0.99458,0.00542
0.95000,0.48000,0.99404,0.00596
0.97000,0.48000,0.99435,0.00565
0.99000,0.48000,0.99624,0.00376
1.01000,0.48000,0.99636,0.00364
1.03000,0.48000,0.99749,0.00251
1.05000,0.48000,0.99449,0.00551
1.07000,0.48000,0.99207,0.00793
1.09000,0.48000,0.99342,0.00658
1.11000,0.48000,0.99070,0.00930
1.13000,0.48000,0.99416,0.00584
1.15000,0.48000,0.98613,0.01387
1.17000,0.48000,0.99448,0.00552
1.19000,0.48000,0.99593,0.00407
1.21000,0.48000,0.99288,0.00712
1.23000,0.48000,0.98608,0.01392
1.25000,0.48000,0.99167,0.00833
1.27000,0.48000,0.98213,0.01787
1.29000,0.48000,0.99533,0.00467
1.31000,0.48000,0.98504,0.01496
1.33000,0.48000,0.99492,0.00508
1.35000,0.48000,0.99570,0.00430
1.37000,0.48000,0.99520,0.00480
1.39000,0.48000,0.99267,0.00733
1.41000,0.48000,0.98185,0.01815
1.43000,0.48000,0.99037,0.00963
1.45000,0.48000,0.98257,0.01743
1.47000,0.48000,0.98670,0.01330
1.49000,0.48000,0.98781,0.01219
1.51000,0.48000,0.99581,0.00419
1.53000,0.48000,0.99196,0.00804
1.55000,0.48000,0.99559,0.00441
1.57000,0.48000,0.99299,0.00701
1.59000,0.48000,0.99566,0.00434
1.61000,0.48000,0.99324,0.00676
1.63000,0.48000,0.99316,0.00684
1.65000,0.48000,0.99443,0.00557
1.67000,0.48000,0.99752,0.00248
1.69000,0.48000,0.99298,0.00702
1.71000,0.48000,0.99833,0.00167
1.73000,0.48000,0.99215,0.00785
1.75000,0.48000,0.99653,0.00347
1.77000,0.48000,0.98939,0.01061
1.79000,0.48000,0.99576,0.00424
1.81000,0.48000,0.98675,0.01325
1.83000,0.48000,0.99225,0.00775
1.85000,0.48000,0.98091,0.01909
1.87000,0.48000,0.99178,0.00822
1.89000,0.48000,0.99427,0.00573
1.91000,0.48000,0.99342,0.00658
1.93000,0.48000,0.99452,0.00548
1.95000,0.48000,0.99248,0.00752
1.97000,0.48000,0.99353,0.00647
1.99000,0.48000,0.99368,0.00632
2.01000,0.48000,0.99572,0.00428
2.03000,0.48000,0.98919,0.01081
2.05000,0.48000,0.99712,0.00288
2.07000,0.48000,0.99433,0.00567
2.09000,0.48000,0.99489,0.00511
2.11000,0.48000,0.99485,0.00515
2.13000,0.48000,0.99121,0.00879
2.15000,0.48000,0.99195,0.00805
2.17000,0.48000,0.99429,0.00571
2.19000,0.48000,0.97897,0.02103
2.21000,0.48000,0.99692,0.00308
2.23000,0.48000,0.98875,0.01125
2.25000,0.48000,0.99125,0.00875
2.27000,0.48000,0.99010,0.00990
2.29000,0.48000,0.97871,0.02129
2.31000,0.48000,0.99310,0.00690
2.33000,0.48000,0.98535,0.01465
2.35000,0.48000,0.99423,0.00577
2.37000,0.48000,0.99473,0.00527
2.39000,0.48000,0.99443,0.00557
2.41000,0.48000,0.99466,0.00534
2.43000,0.48000,0.97911,0.02089
2.45000,0.48000,0.99045,0.00955
2.47000,0.48000,0.96805,0.03195
2.49000,0.48000,0.98513,0.01487
2.51000,0.48000,0.98425,0.01575
2.53000,0.48000,0.99348,0.00652
2.55000,0.48000,0.99407,0.00593
2.57000,0.48000,0.98665,0.01335
2.59000,0.48000,0.98149,0.01851
2.61000,0.48000,0.99307,0.00693
2.63000,0.48000,0.98652,0.01348
2.65000,0.48000,0.97381,0.02619
2.67000,0.48000,0.97119,0.02881
2.69000,0.48000,0.98369,0.01631
2.71000,0.48000,0.97317,0.02683
2.73000,0.48000,0.93113,0.06887
2.75000,0.48000,0.98501,0.01499
2.77000,0.48000,0.92895,0.07105
2.79000,0.48000,0.96258,0.03742
2.81000,0.48000,0.80961,0.19039
2.83000,0.48000,0.97121,0.02878
2.85000,0.48000,0.73717,0.26283
2.87000,0.48000,0.82750,0.17250
2.89000,0.48000,0.75738,0.24262
2.91000,0.48000,0.89463,0.10537
2.93000,0.48000,0.77976,0.22024
2.95000,0.48000,0.80446,0.19554
2.97000,0.48000,0.64728,0.35272
2.99000,0.48000,0.76251,0.23749
3.01000,0.48000,0.17812,0.82188
3.03000,0.48000,0.13029,0.86971
3.05000,0.48000,0.01243,0.98757
3.07000,0.48000,0.00932,0.99068
3.09000,0.48000,0.00254,0.99746
3.11000,0.48000,0.00624,0.99376
3.13000,0.48000,0.00720,0.99280
3.15000,0.48000,0.01096,0.98904
3.17000,0.48000,0.00247,0.99753
3.19000,0.48000,0.00301,0.99699
3.21000,0.48000,0.00269,0.99731
3.23000,0.48000,0.00365,0.99635
3.25000,0.48000,0.00707,0.99293
3.27000,0.48000,0.01753,0.98247
3.29000,0.48000,0.04971,0.95029
3.31000,0.48000,0.02417,0.97583
3.33000,0.48000,0.03908,0.96092
3.35000,0.48000,0.11903,0.88097
3.37000,0.48000,0.03670,0.96330
3.39000,0.48000,0.06096,0.93904
3.41000,0.48000,0.00600,0.99400
3.43000,0.48000,0.00666,0.99334
3.45000,0.48000,0.00485,0.99515
3.47000,0.48000,0.00907,0.99093
3.49000,0.48000,0.00435,0.99565
3.51000,0.48000,0.00234,0.99766
3.53000,0.48000,0.00117,0.99883
3.55000,0.48000,0.00164,0.99836
3.57000,0.48000,0.00082,0.99918
3.59000,0.48000,0.00202,0.99798
3.61000,0.48000,0.00118,0.99882
3.63000,0.48000,0.00237,0.99763
3.65000,0.48000,0.00489,0.99511
3.67000,0.48000,0.04957,0.95043
3.69000,0.48000,0.01144,0.98856
3.71000,0.48000,0.02669,0.97331
3.73000,0.48000,0.02104,0.97896
3.75000,0.48000,0.04857,0.95143
3.77000,0.48000,0.02373,0.97627
3.79000,0.48000,0.04392,0.95608
3.81000,0.48000,0.03181,0.96819
3.83000,0.48000,0.03248,0.96752
3.85000,0.48000,0.01485,0.98515
3.87000,0.48000,0.00486,0.99514
3.89000,0.48000,0.00522,0.99478
3.91000,0.48000,0.00145,0.99855
3.93000,0.48000,0.00206,0.99794
3.95000,0.48000,0.00234,0.99766
3.97000,0.48000,0.00144,0.99856
3.99000,0.48000,0.00241,0.99759
4.01000,0.48000,0.00308,0.99692
4.03000,0.48000,0.00159,0.99841
4.05000,0.48000,0.00596,0.99404
4.07000,0.48000,0.00236,0.99764
4.09000,0.48000,0.00902,0.99098
4.11000,0.48000,0.00421,0.99579
4.13000,0.48000,0.02771,0.97229
4.15000,0.48000,0.00687,0.99313
4.17000,0.48000,0.02470,0.97530
4.19000,0.48000,0.00336,0.99664
4.21000,0.48000,0.00837,0.99163
4.23000,0.48000,0.00177,0.99823
4.25000,0.48000,0.00155,0.99845
4.27000,0.48000,0.00067,0.99933
4.29000,0.48000,0.00089,0.99911
4.31000,0.48000,0.00066,0.99934
4.33000,0.48000,0.00041,0.99959
4.35000,0.48000,0.00306,0.99694
4.37000,0.48000,0.00422,0.99578
4.39000,0.48000,0.00821,0.99179
4.41000,0.48000,0.00367,0.99633
4.43000,0.48000,0.00607,0.99393
4.45000,0.48000,0.01055,0.98945
4.47000,0.48000,0.00502,0.99498
4.49000,0.48000,0.00034,0.99966
4.51000,0.48000,0.00216,0.99784
4.53000,0.48000,0.00124,0.99876
4.55000,0.48000,0.00345,0.99655
4.57000,0.48000,0.00063,0.99937
4.59000,0.48000,0.00440,0.99560
4.61000,0.48000,0.00266,0.99734
4.63000,0.48000,0.01713,0.98287
4.65000,0.48000,0.00763,0.99237
4.67000,0.48000,0.06068,0.93932
4.69000,0.48000,0.10386,0.89614
4.71000,0.48000,0.17451,0.82549
4.73000,0.48000,0.09184,0.90816
4.75000,0.48000,0.21220,0.78780
4.77000,0.48000,0.06244,0.93756
4.79000,0.48000,0.09738,0.90262
4.81000,0.48000,0.01818,0.98182
4.83000,0.48000,0.02961,0.97039
4.85000,0.48000,0.01394,0.98606
4.87000,0.48000,0.06121,0.93879
4.89000,0.48000,0.00960,0.99040
4.91000,0.48000,0.01587,0.98413
4.93000,0.48000,0.00415,0.99585
4.95000,0.48000,0.00338,0.99662
4.97000,0.48000,0.00512,0.99488
4.99000,0.48000,0.00240,0.99760
5.01000,0.48000,0.00321,0.99679
5.03000,0.48000,0.00257,0.99743
5.05000,0.48000,0.00358,0.99642
5.07000,0.48000,0.00775,0.99225
5.09000,0.48000,0.00616,0.99384
5.11000,0.48000,0.00575,0.99425
5.13000,0.48000,0.00232,0.99768
5.15000,0.48000,0.01445,0.98555
5.17000,0.48000,0.00534,0.99466
5.19000,0.48000,0.04432,0.95568
5.21000,0.48000,0.01667,0.98333
5.23000,0.48000,0.01086,0.98914
5.25000,0.48000,0.03635,0.96365
5.27000,0.48000,0.03033,0.96967
5.29000,0.48000,0.01789,0.98211
5.31000,0.48000,0.01257,0.98743
5.33000,0.48000,0.01988,0.98012
5.35000,0.48000,0.01399,0.98601
5.37000,0.48000,0.01147,0.98853
5.39000,0.48000,0.00816,0.99184
5.41000,0.48000,0.03111,0.96889
5.43000,0.48000,0.00673,0.99327
5.45000,0.48000,0.00526,0.99474
5.47000,0.48000,0.00181,0.99819
5.49000,0.48000,0.00491,0.99509
5.51000,0.48000,0.00225,0.99775
5.53000,0.48000,0.00338,0.99662
5.55000,0.48000,0.00095,0.99905
5.57000,0.48000,0.00612,0.99388
5.59000,0.48000,0.00074,0.99926
5.61000,0.48000,0.00383,0.99617
5.63000,0.48000,0.00165,0.99835
5.65000,0.48000,0.00840,0.99160
5.67000,0.48000,0.00147,0.99853
5.69000,0.48000,0.00953,0.99047
5.71000,0.48000,0.00380,0.99620
5.73000,0.48000,0.00665,0.99335
5.75000,0.48000,0.00362,0.99638
5.77000,0.48000,0.00548,0.99452
5.79000,0.48000,0.00274,0.99726
5.81000,0.48000,0.01098,0.98902
5.83000,0.48000,0.00410,0.99590
5.85000,0.48000,0.00228,0.99772
5.87000,0.48000,0.00184,0.99816
5.89000,0.48000,0.00356,0.99644
5.91000,0.48000,0.00291,0.99709
5.93000,0.48000,0.00338,0.99662
5.95000,0.48000,0.00239,0.99761
5.97000,0.48000,0.00323,0.99677
5.99000,0.48000,0.01056,0.98944
6.01000,0.48000,0.00169,0.99831
6.03000,0.48000,0.02678,0.97322
6.05000,0.48000,0.00158,0.99842
6.07000,0.48000,0.00711,0.99289
6.09000,0.48000,0.00055,0.99945
6.11000,0.48000,0.01032,0.98968
6.13000,0.48000,0.00031,0.99969
6.15000,0.48000,0.03890,0.96110
6.17000,0.48000,0.00236,0.99764
6.19000,0.48000,0.18213,0.81787
6.21000,0.48000,0.00322,0.99678
6.23000,0.48000,0.03582,0.96418
6.25000,0.48000,0.00300,0.99700
6.27000,0.48000,0.04765,0.95235
6.29000,0.48000,0.00170,0.99830
6.31000,0.48000,0.01541,0.98459
6.33000,0.48000,0.00059,0.99941
6.35000,0.48000,0.00739,0.99261
6.37000,0.48000,0.00115,0.99885
6.39000,0.48000,0.00715,0.99285
6.41000,0.48000,0.00270,0.99730
6.43000,0.48000,0.00372,0.99628
6.45000,0.48000,0.00183,0.99817
6.47000,0.48000,0.02378,0.97622
6.49000,0.48000,0.01587,0.98413
6.51000,0.48000,0.02987,0.97013
6.53000,0.48000,0.02043,0.97957
6.55000,0.48000,0.08860,0.91140
6.57000,0.48000,0.18015,0.81985
6.59000,0.48000,0.06616,0.93384
6.61000,0.48000,0.04979,0.95021
6.63000,0.48000,0.01826,0.98174
6.65000,0.48000,0.01242,0.98758
6.67000,0.48000,0.00633,0.99367
6.69000,0.48000,0.00183,0.99817
6.71000,0.48000,0.01064,0.98936
6.73000,0.48000,0.00479,0.99521
6.75000,0.48000,0.00737,0.99263
6.77000,0.48000,0.00371,0.99629
6.79000,0.48000,0.00681,0.99319
6.81000,0.48000,0.00138,0.99862
6.83000,0.48000,0.00513,0.99487
6.85000,0.48000,0.00382,0.99618
6.87000,0.48000,0.04546,0.95454
6.89000,0.48000,0.00609,0.99391
6.91000,0.48000,0.01073,0.98927
6.93000,0.48000,0.00786,0.99214
6.95000,0.48000,0.00863,0.99137
6.97000,0.48000,0.00516,0.99484
6.99000,0.48000,0.00286,0.99714
7.01000,0.48000,0.00129,0.99871
7.03000,0.48000,0.00496,0.99504
7.05000,0.48000,0.00295,0.99705
7.07000,0.48000,0.00967,0.99033
7.09000,0.48000,0.00127,0.99873
7.11000,0.48000,0.02228,0.97772
7.13000,0.48000,0.02320,0.97680
7.15000,0.48000,0.03220,0.96780
7.17000,0.48000,0.00332,0.99668
7.19000,0.48000,0.00562,0.99438
7.21000,0.48000,0.00266,0.99734
7.23000,0.48000,0.00356,0.99644
7.25000,0.48000,0.00230,0.99770
7.27000,0.48000,0.00357,0.99643
7.29000,0.48000,0.00510,0.99490
7.31000,0.48000,0.00987,0.99013
7.33000,0.48000,0.00540,0.99460
7.35000,0.48000,0.00344,0.99656
7.37000,0.48000,0.00246,0.99754
7.39000,0.48000,0.00675,0.99325
7.41000,0.48000,0.00105,0.99895
7.43000,0.48000,0.00428,0.99572
7.45000,0.48000,0.00328,0.99672
7.47000,0.48000,0.00800,0.99200
7.49000,0.48000,0.00379,0.99621
7.51000,0.48000,0.00382,0.99618
7.53000,0.48000,0.00213,0.99787
7.55000,0.48000,0.00364,0.99636
7.57000,0.48000,0.00281,0.99719
7.59000,0.48000,0.00380,0.99620
7.61000,0.48000,0.00747,0.99253
7.63000,0.48000,0.01106,0.98894
7.65000,0.48000,0.00838,0.99162
7.67000,0.48000,0.00355,0.99645
7.69000,0.48000,0.00342,0.99658
7.71000,0.48000,0.00181,0.99819
7.73000,0.48000,0.00208,0.99792
7.75000,0.48000,0.00087,0.99913
7.77000,0.48000,0.00139,0.99861
7.79000,0.48000,0.00049,0.99951
7.81000,0.48000,0.00301,0.99699
7.83000,0.48000,0.00047,0.99953
7.85000,0.48000,0.00197,0.99803
7.87000,0.48000,0.00058,0.99942
7.89000,0.48000,0.00591,0.99409
7.91000,0.48000,0.00081,0.99919
7.93000,0.48000,0.00848,0.99152
7.95000,0.48000,0.00427,0.99573
7.97000,0.48000,0.05599,0.94401
7.99000,0.48000,0.00560,0.99440
8.01000,0.48000,0.06628,0.93372
8.03000,0.48000,0.02292,0.97708
8.05000,0.48000,0.16597,0.83403
8.07000,0.48000,0.06273,0.93727
8.09000,0.48000,0.24240,0.75760
8.11000,0.48000,0.21368,0.78632
8.13000,0.48000,0.27224,0.72776
8.15000,0.48000,0.26794,0.73206
8.17000,0.48000,0.39753,0.60247
8.19000,0.48000,0.94033,0.05967
8.21000,0.48000,0.97231,0.02769
8.23000,0.48000,0.99442,0.00558
8.25000,0.48000,0.99013,0.00987
8.27000,0.48000,0.97211,0.02789
8.29000,0.48000,0.99401,0.00599
8.31000,0.48000,0.97453,0.02547
8.33000,0.48000,0.98505,0.01495
8.35000,0.48000,0.98327,0.01673
8.37000,0.48000,0.96740,0.03260
8.39000,0.48000,0.98835,0.01165
8.41000,0.48000,0.98118,0.01882
8.43000,0.48000,0.98554,0.01446
8.45000,0.48000,0.98420,0.01580
8.47000,0.48000,0.99222,0.00778
8.49000,0.48000,0.99227,0.00773
8.51000,0.48000,0.98580,0.01420
8.53000,0.48000,0.99248,0.00752
8.55000,0.48000,0.97745,0.02255
8.57000,0.48000,0.99056,0.00944
8.59000,0.48000,0.94360,0.05640
8.61000,0.48000,0.99347,0.00653
8.63000,0.48000,0.98600,0.01400
8.65000,0.48000,0.99647,0.00353
8.67000,0.48000,0.99460,0.00540
8.69000,0.48000,0.99485,0.00515
8.71000,0.48000,0.99319,0.00681
8.73000,0.48000,0.99410,0.00590
8.75000,0.48000,0.99380,0.00620
8.77000,0.48000,0.99664,0.00336
8.79000,0.48000,0.99112,0.00888
8.81000,0.48000,0.99850,0.00150
8.83000,0.48000,0.99619,0.00381
8.85000,0.48000,0.99888,0.00112
8.87000,0.48000,0.99149,0.00851
8.89000,0.48000,0.99836,0.00164
8.91000,0.48000,0.98939,0.01061
8.93000,0.48000,0.99741,0.00259
8.95000,0.48000,0.99568,0.00432
8.97000,0.48000,0.99621,0.00379
8.99000,0.48000,0.99469,0.00531
9.01000,0.48000,0.99627,0.00373
9.03000,0.48000,0.99544,0.00456
9.05000,0.48000,0.99431,0.00569
9.07000,0.48000,0.99485,0.00515
9.09000,0.48000,0.99148,0.00852
9.11000,0.48000,0.99718,0.00282
9.13000,0.48000,0.99210,0.00790
9.15000,0.48000,0.99430,0.00570
9.17000,0.48000,0.99329,0.00671
9.19000,0.48000,0.99163,0.00837
9.21000,0.48000,0.96537,0.03463
9.23000,0.48000,0.98849,0.01151
9.25000,0.48000,0.98623,0.01377
9.27000,0.48000,0.97317,0.02683
9.29000,0.48000,0.96827,0.03173
9.31000,0.48000,0.98026,0.01974
9.33000,0.48000,0.97284,0.02716
9.35000,0.48000,0.96490,0.03510
9.37000,0.48000,0.94896,0.05104
9.39000,0.48000,0.94733,0.05267
9.41000,0.48000,0.97461,0.02539
9.43000,0.48000,0.97285,0.02715
9.45000,0.48000,0.96489,0.03511
9.47000,0.48000,0.96863,0.03137
9.49000,0.48000,0.98393,0.01607
9.51000,0.48000,0.98542,0.01458
9.53000,0.48000,0.98095,0.01905
9.55000,0.48000,0.98735,0.01265
9.57000,0.48000,0.98905,0.01095
9.59000,0.48000,0.98845,0.01155
9.61000,0.48000,0.97924,0.02076
9.63000,0.48000,0.98155,0.01845
9.65000,0.48000,0.99279,0.00721
9.67000,0.48000,0.98857,0.01143
9.69000,0.48000,0.98927,0.01073
9.71000,0.48000,0.99712,0.00288
9.73000,0.48000,0.99433,0.00567
9.75000,0.48000,0.99555,0.00445
9.77000,0.48000,0.99195,0.00805
9.79000,0.48000,0.99505,0.00495
9.81000,0.48000,0.99653,0.00347
9.83000,0.48000,0.99868,0.00132
9.85000,0.48000,0.99462,0.00538
9.87000,0.48000,0.99909,0.00091
9.89000,0.48000,0.99369,0.00631
9.91000,0.48000,0.99580,0.00420
9.93000,0.48000,0.98968,0.01032
9.95000,0.48000,0.99335,0.00665
9.97000,0.48000,0.99622,0.00378
9.99000,0.48000,0.99241,0.00759
10.01000,0.48000,0.99039,0.00961
10.03000,0.48000,0.98658,0.01342
10.05000,0.48000,0.99484,0.00516
10.07000,0.48000,0.99208,0.00792
10.09000,0.48000,0.98513,0.01487
10.11000,0.48000,0.99120,0.00880
10.13000,0.48000,0.98960,0.01040
10.15000,0.48000,0.98735,0.01265
10.17000,0.48000,0.99032,0.00968
10.19000,0.48000,0.96272,0.03728
10.21000,0.48000,0.99083,0.00917
10.23000,0.48000,0.97386,0.02614
10.25000,0.48000,0.99123,0.00877
10.27000,0.48000,0.96391,0.03609
10.29000,0.48000,0.98531,0.01469
10.31000,0.48000,0.97971,0.02029
10.33000,0.48000,0.97671,0.02329
10.35000,0.48000,0.96274,0.03726
10.37000,0.48000,0.97027,0.02973
10.39000,0.48000,0.96103,0.03897
10.41000,0.48000,0.99433,0.00567
10.43000,0.48000,0.98999,0.01001
10.45000,0.48000,0.99825,0.00175
10.47000,0.48000,0.98642,0.01358
10.49000,0.48000,0.99566,0.00434
10.51000,0.48000,0.99334,0.00666
10.53000,0.48000,0.99609,0.00391
10.55000,0.48000,0.98333,0.01667
10.57000,0.48000,0.99323,0.00677
10.59000,0.48000,0.98268,0.01732
10.61000,0.48000,0.98722,0.01278
10.63000,0.48000,0.97955,0.02045
10.65000,0.48000,0.99649,0.00351
10.67000,0.48000,0.99439,0.00561
10.69000,0.48000,0.99522,0.00478
10.71000,0.48000,0.99412,0.00588
10.73000,0.48000,0.98828,0.01172
10.75000,0.48000,0.99186,0.00814
10.77000,0.48000,0.99626,0.00374
10.79000,0.48000,0.98940,0.01060
10.81000,0.48000,0.99717,0.00283
10.83000,0.48000,0.99814,0.00186
10.85000,0.48000,0.99799,0.00201
10.87000,0.48000,0.99750,0.00250
10.89000,0.48000,0.99036,0.00964
10.91000,0.48000,0.98816,0.01184
10.93000,0.48000,0.99313,0.00687
10.95000,0.48000,0.94802,0.05198
10.97000,0.48000,0.99224,0.00776
10.99000,0.48000,0.95646,0.04354
11.01000,0.48000,0.95465,0.04535
11.03000,0.48000,0.96218,0.03782
11.05000,0.48000,0.83995,0.16005
11.07000,0.48000,0.92723,0.07277
11.09000,0.48000,0.91241,0.08759
11.11000,0.48000,0.93738,0.06262
11.13000,0.48000,0.74678,0.25322
11.15000,0.48000,0.72642,0.27358
11.17000,0.48000,0.65314,0.34686
11.19000,0.48000,0.48191,0.51809
11.21000,0.48000,0.47655,0.52345
11.23000,0.48000,0.53479,0.46521
11.25000,0.48000,0.41816,0.58184
11.27000,0.48000,0.29320,0.70680
11.29000,0.48000,0.14637,0.85363
11.31000,0.48000,0.06407,0.93593
11.33000,0.48000,0.01370,0.98630
11.35000,0.48000,0.01248,0.98752
11.37000,0.48000,0.00469,0.99531
11.39000,0.48000,0.00820,0.99180
11.41000,0.48000,0.00808,0.99192
11.43000,0.48000,0.00219,0.99781
11.45000,0.48000,0.00990,0.99010
11.47000,0.48000,0.00354,0.99646
11.49000,0.48000,0.00975,0.99025
11.51000,0.48000,0.00136,0.99863
11.53000,0.48000,0.00434,0.99566
11.55000,0.48000,0.00332,0.99668
11.57000,0.48000,0.00382,0.99618
11.59000,0.48000,0.00249,0.99751
11.61000,0.48000,0.00316,0.99684
11.63000,0.48000,0.00529,0.99471
11.65000,0.48000,0.00275,0.99725
11.67000,0.48000,0.00280,0.99720
11.69000,0.48000,0.00160,0.99840
11.71000,0.48000,0.00403,0.99597
11.73000,0.48000,0.00316,0.99684
11.75000,0.48000,0.00160,0.99840
11.77000,0.48000,0.00398,0.99602
11.79000,0.48000,0.00643,0.99357
11.81000,0.48000,0.00302,0.99698
11.83000,0.48000,0.01117,0.98883
11.85000,0.48000,0.00680,0.99320
11.87000,0.48000,0.00540,0.99460
11.89000,0.48000,0.00542,0.99458
11.91000,0.48000,0.00308,0.99692
11.93000,0.48000,0.01234,0.98766
11.95000,0.48000,0.00529,0.99471
11.97000,0.48000,0.00196,0.99804
11.99000,0.48000,0.00146,0.99854
12.01000,0.48000,0.00278,0.99722
12.03000,0.48000,0.00775,0.99225
12.05000,0.48000,0.00123,0.99877
12.07000,0.48000,0.00217,0.99783
12.09000,0.48000,0.00197,0.99803
12.11000,0.48000,0.00091,0.99909
12.13000,0.48000,0.00175,0.99825
12.15000,0.48000,0.00113,0.99887
12.17000,0.48000,0.00227,0.99773
12.19000,0.48000,0.00145,0.99855
12.21000,0.48000,0.00251,0.99749
12.23000,0.48000,0.00124,0.99876
12.25000,0.48000,0.00128,0.99872
12.27000,0.48000,0.00125,0.99875
12.29000,0.48000,0.00081,0.99919
12.31000,0.48000,0.00191,0.99809
12.33000,0.48000,0.00193,0.99807
12.35000,0.48000,0.00101,0.99899
12.37000,0.48000,0.00355,0.99645
12.39000,0.48000,0.00194,0.99806
12.41000,0.48000,0.00547,0.99453
12.43000,0.48000,0.00204,0.99796
12.45000,0.48000,0.00690,0.99310
12.47000,0.48000,0.00283,0.99717
12.49000,0.48000,0.00900,0.99100
12.51000,0.48000,0.00185,0.99815
12.53000,0.48000,0.00536,0.99464
12.55000,0.48000,0.00483,0.99517
12.57000,0.48000,0.00405,0.99595
12.59000,0.48000,0.00289,0.99711
12.61000,0.48000,0.00283,0.99717
12.63000,0.48000,0.00431,0.99569
12.65000,0.48000,0.00194,0.99806
12.67000,0.48000,0.00646,0.99354
12.69000,0.48000,0.00596,0.99404
12.71000,0.48000,0.00173,0.99827
12.73000,0.48000,0.00226,0.99774
12.75000,0.48000,0.00210,0.99790
12.77000,0.48000,0.00326,0.99674
12.79000,0.48000,0.00183,0.99817
12.81000,0.48000,0.00252,0.99748
12.83000,0.48000,0.00397,0.99603
12.85000,0.48000,0.00282,0.99718
12.87000,0.48000,0.01137,0.98863
12.89000,0.48000,0.00244,0.99756
12.91000,0.48000,0.00232,0.99768
12.93000,0.48000,0.00598,0.99402
12.95000,0.48000,0.00278,0.99722
12.97000,0.48000,0.00321,0.99679
12.99000,0.48000,0.00191,0.99809
13.01000,0.48000,0.01035,0.98965
13.03000,0.48000,0.00434,0.99566
13.05000,0.48000,0.00426,0.99574
13.07000,0.48000,0.01179,0.98821
13.09000,0.48000,0.01224,0.98776
13.11000,0.48000,0.01210,0.98790
13.13000,0.48000,0.01155,0.98845
13.15000,0.48000,0.01439,0.98561
13.17000,0.48000,0.02194,0.97806
13.19000,0.48000,0.01748,0.98252
13.21000,0.48000,0.06926,0.93074
13.23000,0.48000,0.09452,0.90548
13.25000,0.48000,0.46671,0.53329
13.27000,0.48000,0.01088,0.98912
13.29000,0.48000,0.03137,0.96863
13.31000,0.48000,0.00770,0.99230
13.33000,0.48000,0.00660,0.99340
13.35000,0.48000,0.00586,0.99414
13.37000,0.48000,0.01173,0.98827
13.39000,0.48000,0.00764,0.99236
13.41000,0.48000,0.01638,0.98362
13.43000,0.48000,0.00921,0.99079
13.45000,0.48000,0.02331,0.97669
13.47000,0.48000,0.02473,0.97527
13.49000,0.48000,0.01188,0.98812
13.51000,0.48000,0.03867,0.96133
13.53000,0.48000,0.00895,0.99105
13.55000,0.48000,0.00510,0.99490
13.57000,0.48000,0.04545,0.95455
13.59000,0.48000,0.02417,0.97583
13.61000,0.48000,0.02151,0.97849
13.63000,0.48000,0.01343,0.98657
13.65000,0.48000,0.01914,0.98086
13.67000,0.48000,0.01396,0.98604
13.69000,0.48000,0.00974,0.99026
13.71000,0.48000,0.02392,0.97608
13.73000,0.48000,0.00747,0.99253
13.75000,0.48000,0.01363,0.98637
13.77000,0.48000,0.03322,0.96678
13.79000,0.48000,0.03220,0.96780
13.81000,0.48000,0.01236,0.98764
13.83000,0.48000,0.03416,0.96584
13.85000,0.48000,0.01289,0.98711
13.87000,0.48000,0.02197,0.97803
13.89000,0.48000,0.03835,0.96165
13.91000,0.48000,0.01138,0.98862
13.93000,0.48000,0.00654,0.99346
13.95000,0.48000,0.01245,0.98755
13.97000,0.48000,0.00669,0.99331
13.99000,0.48000,0.00832,0.99168
14.01000,0.48000,0.01119,0.98881
14.03000,0.48000,0.01735,0.98265
14.05000,0.48000,0.01037,0.98963
14.07000,0.48000,0.02316,0.97684
14.09000,0.48000,0.01336,0.98664
14.11000,0.48000,0.08409,0.91591
14.13000,0.48000,0.05874,0.94126
14.15000,0.48000,0.07753,0.92247
14.17000,0.48000,0.03793,0.96207
14.19000,0.48000,0.19321,0.80679
14.21000,0.48000,0.06726,0.93274
14.23000,0.48000,0.32968,0.67032
14.25000,0.48000,0.10424,0.89576
14.27000,0.48000,0.41273,0.58727
14.29000,0.48000,0.29130,0.70870
14.31000,0.48000,0.48255,0.51745
14.33000,0.48000,0.30183,0.69817
14.35000,0.48000,0.86567,0.13433
14.37000,0.48000,0.45199,0.54801
14.39000,0.48000,0.80337,0.19663
14.41000,0.48000,0.52688,0.47312
14.43000,0.48000,0.96517,0.03483
14.45000,0.48000,0.94213,0.05787
14.47000,0.48000,0.97620,0.02380
14.49000,0.48000,0.96087,0.03913
14.51000,0.48000,0.96830,0.03170
14.53000,0.48000,0.96046,0.03954
14.55000,0.48000,0.72457,0.27543
14.57000,0.48000,0.87003,0.12997
14.59000,0.48000,0.59759,0.40241
14.61000,0.48000,0.86827,0.13173
14.63000,0.48000,0.43301,0.56699
14.65000,0.48000,0.63872,0.36128
14.67000,0.48000,0.44138,0.55862
14.69000,0.48000,0.58793,0.41207
14.71000,0.48000,0.43497,0.56503
14.73000,0.48000,0.33287,0.66713
14.75000,0.48000,0.33634,0.66366
14.77000,0.48000,0.19317,0.80683
14.79000,0.48000,0.09430,0.90570
14.81000,0.48000,0.09836,0.90164
14.83000,0.48000,0.04170,0.95830
14.85000,0.48000,0.04520,0.95480
14.87000,0.48000,0.01814,0.98186
14.89000,0.48000,0.01264,0.98736
14.91000,0.48000,0.00353,0.99647
14.93000,0.48000,0.00420,0.99580
14.95000,0.48000,0.00351,0.99649
14.97000,0.48000,0.00346,0.99654
14.99000,0.48000,0.00257,0.99743
15.01000,0.48000,0.00248,0.99752
15.03000,0.48000,0.00415,0.99585
15.05000,0.48000,0.00120,0.99880
15.07000,0.48000,0.00209,0.99791
15.09000,0.48000,0.00306,0.99694
15.11000,0.48000,0.00316,0.99684
15.13000,0.48000,0.00296,0.99704
15.15000,0.48000,0.00203,0.99797
15.17000,0.48000,0.00848,0.99152
15.19000,0.48000,0.00290,0.99710
15.21000,0.48000,0.00477,0.99523
15.23000,0.48000,0.00376,0.99624
15.25000,0.48000,0.00757,0.99243
15.27000,0.48000,0.00527,0.99473
15.29000,0.48000,0.01288,0.98712
15.31000,0.48000,0.00572,0.99428
15.33000,0.48000,0.00491,0.99509
15.35000,0.48000,0.00204,0.99796
15.37000,0.48000,0.00481,0.99519
15.39000,0.48000,0.00148,0.99852
15.41000,0.48000,0.00222,0.99778
15.43000,0.48000,0.00189,0.99811
15.45000,0.48000,0.00153,0.99847
15.47000,0.48000,0.00144,0.99856
15.49000,0.48000,0.00490,0.99510
15.51000,0.48000,0.00181,0.99819
15.53000,0.48000,0.01521,0.98479
15.55000,0.48000,0.00139,0.99861
15.57000,0.48000,0.00815,0.99185
15.59000,0.48000,0.00795,0.99205
15.61000,0.48000,0.00425,0.99575
15.63000,0.48000,0.00490,0.99510
15.65000,0.48000,0.00320,0.99680
15.67000,0.48000,0.00667,0.99333
15.69000,0.48000,0.00630,0.99370
15.71000,0.48000,0.00277,0.99723
15.73000,0.48000,0.00221,0.99779
15.75000,0.48000,0.00542,0.99458
15.77000,0.48000,0.00346,0.99654
15.79000,0.48000,0.00155,0.99845
15.81000,0.48000,0.00674,0.99326
15.83000,0.48000,0.00310,0.99690
15.85000,0.48000,0.00758,0.99242
15.87000,0.48000,0.00426,0.99574
15.89000,0.48000,0.00636,0.99364
15.91000,0.48000,0.00404,0.99596
15.93000,0.48000,0.00197,0.99803
15.95000,0.48000,0.00741,0.99259
15.97000,0.48000,0.00582,0.99418
15.99000,0.48000,0.00392,0.99608
16.01000,0.48000,0.00357,0.99643
16.03000,0.48000,0.00581,0.99419
16.05000,0.48000,0.02406,0.97594
16.07000,0.48000,0.00781,0.99219
16.09000,0.48000,0.01584,0.98416
16.11000,0.48000,0.00801,0.99199
16.13000,0.48000,0.01259,0.98741
16.15000,0.48000,0.01026,0.98974
16.17000,0.48000,0.00268,0.99732
16.19000,0.48000,0.00576,0.99424
16.21000,0.48000,0.00824,0.99176
16.23000,0.48000,0.00342,0.99658
16.25000,0.48000,0.00322,0.99678
16.27000,0.48000,0.00149,0.99851
16.29000,0.48000,0.00277,0.99723
16.31000,0.48000,0.00110,0.99890
16.33000,0.48000,0.00238,0.99762
16.35000,0.48000,0.00070,0.99930
16.37000,0.48000,0.00228,0.99772
16.39000,0.48000,0.00089,0.99911
16.41000,0.48000,0.00193,0.99807
16.43000,0.48000,0.00082,0.99918
16.45000,0.48000,0.00277,0.99723
16.47000,0.48000,0.00122,0.99878
16.49000,0.48000,0.00207,0.99793
16.51000,0.48000,0.00082,0.99918
16.53000,0.48000,0.00246,0.99754
16.55000,0.48000,0.00100,0.99900
16.57000,0.48000,0.00286,0.99714
16.59000,0.48000,0.00138,0.99862
16.61000,0.48000,0.00163,0.99837
16.63000,0.48000,0.00097,0.99903
16.65000,0.48000,0.00156,0.99844
16.67000,0.48000,0.00246,0.99754
16.69000,0.48000,0.00238,0.99762
16.71000,0.48000,0.00110,0.99890
16.73000,0.48000,0.00268,0.99732
16.75000,0.48000,0.00420,0.99580
16.77000,0.48000,0.00208,0.99792
16.79000,0.48000,0.00400,0.99600
16.81000,0.48000,0.00189,0.99811
16.83000,0.48000,0.00498,0.99502
16.85000,0.48000,0.00107,0.99893
16.87000,0.48000,0.00343,0.99657
16.89000,0.48000,0.00291,0.99709
16.91000,0.48000,0.00677,0.99323
16.93000,0.48000,0.00176,0.99824
16.95000,0.48000,0.00256,0.99744
16.97000,0.48000,0.00471,0.99529
16.99000,0.48000,0.01046,0.98954
17.01000,0.48000,0.00118,0.99882
17.03000,0.48000,0.00333,0.99667
17.05000,0.48000,0.00348,0.99652
17.07000,0.48000,0.00367,0.99633
17.09000,0.48000,0.00470,0.99530
17.11000,0.48000,0.00348,0.99652
17.13000,0.48000,0.00336,0.99664
17.15000,0.48000,0.00303,0.99697
17.17000,0.48000,0.00250,0.99750
17.19000,0.48000,0.00350,0.99650
17.21000,0.48000,0.00178,0.99822
17.23000,0.48000,0.00411,0.99589
17.25000,0.48000,0.00210,0.99790
17.27000,0.48000,0.00563,0.99437
17.29000,0.48000,0.00151,0.99849
17.31000,0.48000,0.00188,0.99812
17.33000,0.48000,0.00151,0.99849
17.35000,0.48000,0.00448,0.99552
17.37000,0.48000,0.00321,0.99679
17.39000,0.48000,0.00526,0.99474
17.41000,0.48000,0.00249,0.99751
17.43000,0.48000,0.00372,0.99628
17.45000,0.48000,0.00162,0.99838
17.47000,0.48000,0.00327,0.99673
17.49000,0.48000,0.00380,0.99620
17.51000,0.48000,0.00607,0.99393
17.53000,0.48000,0.00206,0.99794
17.55000,0.48000,0.01052,0.98948
17.57000,0.48000,0.00277,0.99723
17.59000,0.48000,0.00727,0.99273
17.61000,0.48000,0.00137,0.99863
17.63000,0.48000,0.00825,0.99175
17.65000,0.48000,0.00205,0.99795
17.67000,0.48000,0.00839,0.99161
17.69000,0.48000,0.00189,0.99811
17.71000,0.48000,0.00771,0.99229
17.73000,0.48000,0.00214,0.99786
17.75000,0.48000,0.00462,0.99538
17.77000,0.48000,0.00261,0.99739
17.79000,0.48000,0.00216,0.99784
17.81000,0.48000,0.00443,0.99557
17.83000,0.48000,0.00193,0.99807
17.85000,0.48000,0.00705,0.99295
17.87000,0.48000,0.00222,0.99778
17.89000,0.48000,0.00090,0.99910
17.91000,0.48000,0.00345,0.99655
17.93000,0.48000,0.00087,0.99913
17.95000,0.48000,0.00080,0.99920
17.97000,0.48000,0.00042,0.99958
17.99000,0.48000,0.00156,0.99844
18.01000,0.48000,0.00096,0.99904
18.03000,0.48000,0.00041,0.99959
18.05000,0.48000,0.00058,0.99942
18.07000,0.48000,0.00154,0.99846
18.09000,0.48000,0.00103,0.99897
18.11000,0.48000,0.00084,0.99916
18.13000,0.48000,0.00179,0.99821
18.15000,0.48000,0.00173,0.99827
18.17000,0.48000,0.00228,0.99772
18.19000,0.48000,0.00178,0.99822
18.21000,0.48000,0.00362,0.99638
18.23000,0.48000,0.00279,0.99721
18.25000,0.48000,0.00277,0.99723
18.27000,0.48000,0.00367,0.99633
18.29000,0.48000,0.00135,0.99865
18.31000,0.48000,0.00310,0.99690
18.33000,0.48000,0.00150,0.99850
18.35000,0.48000,0.00723,0.99277
18.37000,0.48000,0.00451,0.99549
18.39000,0.48000,0.00337,0.99663
18.41000,0.48000,0.00363,0.99637
18.43000,0.48000,0.00571,0.99429
18.45000,0.48000,0.00715,0.99285
18.47000,0.48000,0.00519,0.99481
18.49000,0.48000,0.00802,0.99198
18.51000,0.48000,0.00772,0.99228
18.53000,0.48000,0.00978,0.99022
18.55000,0.48000,0.04194,0.95806
18.57000,0.48000,0.03000,0.97000
18.59000,0.48000,0.02317,0.97683
18.61000,0.48000,0.01064,0.98936
18.63000,0.48000,0.01029,0.98971
18.65000,0.48000,0.00668,0.99332
18.67000,0.48000,0.00342,0.99658
18.69000,0.48000,0.00885,0.99115
18.71000,0.48000,0.00380,0.99620
18.73000,0.48000,0.00868,0.99132
18.75000,0.48000,0.00258,0.99742
18.77000,0.48000,0.01051,0.98949
18.79000,0.48000,0.00551,0.99449
18.81000,0.48000,0.00842,0.99158
18.83000,0.48000,0.00540,0.99460
18.85000,0.48000,0.02569,0.97431
18.87000,0.48000,0.11930,0.88070
18.89000,0.48000,0.02802,0.97198
18.91000,0.48000,0.01962,0.98038
18.93000,0.48000,0.00629,0.99371
18.95000,0.48000,0.00789,0.99211
18.97000,0.48000,0.02891,0.97109
18.99000,0.48000,0.01531,0.98469
19.01000,0.48000,0.03720,0.96280
19.03000,0.48000,0.03450,0.96550
19.05000,0.48000,0.10312,0.89688
19.07000,0.48000,0.05518,0.94482
19.09000,0.48000,0.12093,0.87907
19.11000,0.48000,0.15799,0.84201
19.13000,0.48000,0.16854,0.83146
19.15000,0.48000,0.15919,0.84081
19.17000,0.48000,0.05154,0.94846
19.19000,0.48000,0.18723,0.81277
19.21000,0.48000,0.23684,0.76316
19.23000,0.48000,0.19994,0.80006
19.25000,0.48000,0.47348,0.52652
19.27000,0.48000,0.40617,0.59383
19.29000,0.48000,0.68191,0.31809
19.31000,0.48000,0.57878,0.42122
19.33000,0.48000,0.88579,0.11421
19.35000,0.48000,0.93553,0.06447
19.37000,0.48000,0.88962,0.11038
19.39000,0.48000,0.77835,0.22165
19.41000,0.48000,0.90446,0.09554
19.43000,0.48000,0.84507,0.15493
19.45000,0.48000,0.90741,0.09259
19.47000,0.48000,0.95239,0.04761
19.49000,0.48000,0.95983,0.04017
19.51000,0.48000,0.93900,0.06100
19.53000,0.48000,0.92048,0.07952
19.55000,0.48000,0.95907,0.04093
19.57000,0.48000,0.92225,0.07775
19.59000,0.48000,0.90496,0.09504
19.61000,0.48000,0.91335,0.08665
19.63000,0.48000,0.91424,0.08576
19.65000,0.48000,0.92634,0.07366
19.67000,0.48000,0.96589,0.03411
19.69000,0.48000,0.92874,0.07126
19.71000,0.48000,0.96731,0.03269
19.73000,0.48000,0.94512,0.05488
19.75000,0.48000,0.97004,0.02996
19.77000,0.48000,0.92839,0.07161
19.79000,0.48000,0.99040,0.00960
19.81000,0.48000,0.94849,0.05151
19.83000,0.48000,0.99390,0.00610
19.85000,0.48000,0.92228,0.07772
19.87000,0.48000,0.99325,0.00675
19.89000,0.48000,0.95657,0.04343
19.91000,0.48000,0.99342,0.00658
19.93000,0.48000,0.98121,0.01879
19.95000,0.48000,0.99474,0.00526
19.97000,0.48000,0.97538,0.02462
19.99000,0.48000,0.98959,0.01041
20.01000,0.48000,0.98914,0.01086
20.03000,0.48000,0.98850,0.01150
20.05000,0.48000,0.98941,0.01059
20.07000,0.48000,0.99346,0.00654
20.09000,0.48000,0.99421,0.00579
20.11000,0.48000,0.99145,0.00855
20.13000,0.48000,0.99718,0.00282
20.15000,0.48000,0.99136,0.00864
20.17000,0.48000,0.99692,0.00308
20.19000,0.48000,0.99433,0.00567
20.21000,0.48000,0.99902,0.00098
20.23000,0.48000,0.99644,0.00356
20.25000,0.48000,0.99909,0.00091
20.27000,0.48000,0.99547,0.00453
20.29000,0.48000,0.99924,0.00076
20.31000,0.48000,0.99472,0.00528
20.33000,0.48000,0.99936,0.00064
20.35000,0.48000,0.99732,0.00268
20.37000,0.48000,0.99918,0.00082
20.39000,0.48000,0.99827,0.00173
20.41000,0.48000,0.99954,0.00046
20.43000,0.48000,0.99828,0.00172
20.45000,0.48000,0.99952,0.00048
20.47000,0.48000,0.99902,0.00098
20.49000,0.48000,0.99955,0.00045
20.51000,0.48000,0.99816,0.00184
20.53000,0.48000,0.99903,0.00097
20.55000,0.48000,0.99744,0.00256
20.57000,0.48000,0.99765,0.00235
20.59000,0.48000,0.99570,0.00430
20.61000,0.48000,0.99745,0.00255
20.63000,0.48000,0.99433,0.00567
20.65000,0.48000,0.99692,0.00308
20.67000,0.48000,0.99112,0.00888
20.69000,0.48000,0.99466,0.00534
20.71000,0.48000,0.99202,0.00798
20.73000,0.48000,0.99371,0.00629
20.75000,0.48000,0.99042,0.00958
20.77000,0.48000,0.99580,0.00420
20.79000,0.48000,0.97514,0.02486
20.81000,0.48000,0.99450,0.00550
20.83000,0.48000,0.98221,0.01779
20.85000,0.48000,0.99341,0.00659
20.87000,0.48000,0.97867,0.02133
20.89000,0.48000,0.97936,0.02064
20.91000,0.48000,0.97857,0.02143
20.93000,0.48000,0.98462,0.01538
20.95000,0.48000,0.96540,0.03460
20.97000,0.48000,0.98336,0.01664
20.99000,0.48000,0.98485,0.01515
21.01000,0.48000,0.99474,0.00526
21.03000,0.48000,0.98541,0.01459
21.05000,0.48000,0.99398,0.00602
21.07000,0.48000,0.99342,0.00658
21.09000,0.48000,0.99521,0.00479
21.11000,0.48000,0.98216,0.01784
21.13000,0.48000,0.99602,0.00398
21.15000,0.48000,0.97797,0.02203
21.17000,0.48000,0.95840,0.04160
21.19000,0.48000,0.91436,0.08564
21.21000,0.48000,0.89922,0.10078
21.23000,0.48000,0.90637,0.09363
21.25000,0.48000,0.74517,0.25483
21.27000,0.48000,0.53517,0.46483
21.29000,0.48000,0.73720,0.26280
21.31000,0.48000,0.45871,0.54129
21.33000,0.48000,0.29431,0.70569
21.35000,0.48000,0.31814,0.68186
21.37000,0.48000,0.32959,0.67041
21.39000,0.48000,0.50455,0.49545
21.41000,0.48000,0.05547,0.94454
21.43000,0.48000,0.39099,0.60901
21.45000,0.48000,0.09803,0.90197
21.47000,0.48000,0.46007,0.53993
21.49000,0.48000,0.01170,0.98830
21.51000,0.48000,0.03611,0.96389
21.53000,0.48000,0.02848,0.97152
21.55000,0.48000,0.02867,0.97133
21.57000,0.48000,0.00445,0.99555
21.59000,0.48000,0.07427,0.92573
21.61000,0.48000,0.03709,0.96291
21.63000,0.48000,0.30797,0.69203
21.65000,0.48000,0.02349,0.97651
21.67000,0.48000,0.11647,0.88353
21.69000,0.48000,0.04741,0.95259
21.71000,0.48000,0.15255,0.84745
21.73000,0.48000,0.01963,0.98037
21.75000,0.48000,0.64481,0.35519
21.77000,0.48000,0.11413,0.88587
21.79000,0.48000,0.83772,0.16228
21.81000,0.48000,0.90441,0.09559
21.83000,0.48000,0.98777,0.01223
21.85000,0.48000,0.75138,0.24862
21.87000,0.48000,0.72025,0.27975
21.89000,0.48000,0.72152,0.27848
21.91000,0.48000,0.83002,0.16998
21.93000,0.48000,0.29133,0.70867
21.95000,0.48000,0.48750,0.51250
21.97000,0.48000,0.17995,0.82005
21.99000,0.48000,0.68458,0.31542
22.01000,0.48000,0.01728,0.98272
22.03000,0.48000,0.01346,0.98654
22.05000,0.48000,0.00800,0.99200
22.07000,0.48000,0.00232,0.99768
22.09000,0.48000,0.00310,0.99690
22.11000,0.48000,0.00046,0.99954
22.13000,0.48000,0.00058,0.99942
22.15000,0.48000,0.00228,0.99772
22.17000,0.48000,0.00012,0.99988
22.19000,0.48000,0.00105,0.99895
22.21000,0.48000,0.00005,0.99995
22.23000,0.48000,0.00069,0.99931
22.25000,0.48000,0.00002,0.99998
22.27000,0.48000,0.00102,0.99898
22.29000,0.48000,0.00005,0.99995
22.31000,0.48000,0.00042,0.99958
22.33000,0.48000,0.00015,0.99985
22.35000,0.48000,0.00108,0.99892
22.37000,0.48000,0.00044,0.99956
22.39000,0.48000,0.00061,0.99939
22.41000,0.48000,0.00019,0.99981
22.43000,0.48000,0.00060,0.99940
22.45000,0.48000,0.00045,0.99955
22.47000,0.48000,0.00040,0.99960
22.49000,0.48000,0.00014,0.99986
22.51000,0.48000,0.00150,0.99850
22.53000,0.48000,0.00078,0.99922
22.55000,0.48000,0.00017,0.99983
22.57000,0.48000,0.00063,0.99937
22.59000,0.48000,0.00096,0.99904
22.61000,0.48000,0.00294,0.99706
22.63000,0.48000,0.00017,0.99983
22.65000,0.48000,0.00058,0.99942
22.67000,0.48000,0.00031,0.99969
22.69000,0.48000,0.00051,0.99949
22.71000,0.48000,0.00006,0.99994
22.73000,0.48000,0.00015,0.99985
22.75000,0.48000,0.00005,0.99995
22.77000,0.48000,0.00028,0.99972
22.79000,0.48000,0.00008,0.99992
22.81000,0.48000,0.00052,0.99948
22.83000,0.48000,0.00030,0.99970
22.85000,0.48000,0.00047,0.99953
22.87000,0.48000,0.00061,0.99939
22.89000,0.48000,0.00244,0.99756
22.91000,0.48000,0.00047,0.99953
22.93000,0.48000,0.00082,0.99918
22.95000,0.48000,0.00044,0.99956
22.97000,0.48000,0.00053,0.99947
22.99000,0.48000,0.00126,0.99874
23.01000,0.48000,0.00040,0.99961
23.03000,0.48000,0.00087,0.99913
23.05000,0.48000,0.00088,0.99912
23.07000,0.48000,0.00453,0.99547
23.09000,0.48000,0.00079,0.99921
23.11000,0.48000,0.00087,0.99913
23.13000,0.48000,0.00107,0.99893
23.15000,0.48000,0.00239,0.99761
23.17000,0.48000,0.00103,0.99897
23.19000,0.48000,0.00034,0.99966
23.21000,0.48000,0.00052,0.99948
23.23000,0.48000,0.00124,0.99876
23.25000,0.48000,0.00052,0.99948
23.27000,0.48000,0.00031,0.99969
23.29000,0.48000,0.00021,0.99979
23.31000,0.48000,0.00072,0.99928
23.33000,0.48000,0.00019,0.99981
23.35000,0.48000,0.00019,0.99981
23.37000,0.48000,0.00059,0.99941
23.39000,0.48000,0.00070,0.99930
23.41000,0.48000,0.00065,0.99935
23.43000,0.48000,0.00049,0.99951
23.45000,0.48000,0.00097,0.99903
23.47000,0.48000,0.00123,0.99877
23.49000,0.48000,0.00129,0.99871
23.51000,0.48000,0.00093,0.99907
23.53000,0.48000,0.00183,0.99817
23.55000,0.48000,0.00138,0.99862
23.57000,0.48000,0.00114,0.99886
23.59000,0.48000,0.00159,0.99841
23.61000,0.48000,0.00176,0.99824
23.63000,0.48000,0.00059,0.99941
23.65000,0.48000,0.00282,0.99718
23.67000,0.48000,0.00041,0.99959
23.69000,0.48000,0.00376,0.99624
23.71000,0.48000,0.00063,0.99937
23.73000,0.48000,0.00608,0.99392
23.75000,0.48000,0.00055,0.99945
23.77000,0.48000,0.00297,0.99703
23.79000,0.48000,0.00038,0.99962
23.81000,0.48000,0.00766,0.99234
23.83000,0.48000,0.00046,0.99954
23.85000,0.48000,0.00367,0.99633
23.87000,0.48000,0.00134,0.99866
23.89000,0.48000,0.00770,0.99230
23.91000,0.48000,0.00036,0.99964
23.93000,0.48000,0.00297,0.99703
23.95000,0.48000,0.00020,0.99980
23.97000,0.48000,0.00118,0.99882
23.99000,0.48000,0.00031,0.99969
24.01000,0.48000,0.00032,0.99968
24.03000,0.48000,0.00136,0.99864
24.05000,0.48000,0.00018,0.99982
24.07000,0.48000,0.00050,0.99950
24.09000,0.48000,0.00039,0.99961
24.11000,0.48000,0.00029,0.99971
24.13000,0.48000,0.00020,0.99980
24.15000,0.48000,0.00013,0.99987
24.17000,0.48000,0.00025,0.99975
24.19000,0.48000,0.00008,0.99992
24.21000,0.48000,0.00011,0.99989
24.23000,0.48000,0.00009,0.99991
24.25000,0.48000,0.00004,0.99996
24.27000,0.48000,0.00012,0.99988
24.29000,0.48000,0.00039,0.99961
24.31000,0.48000,0.00024,0.99976
24.33000,0.48000,0.00011,0.99989
24.35000,0.48000,0.00031,0.99969
24.37000,0.48000,0.00036,0.99964
24.39000,0.48000,0.00006,0.99994
24.41000,0.48000,0.00050,0.99950
24.43000,0.48000,0.00025,0.99975
24.45000,0.48000,0.00047,0.99953
24.47000,0.48000,0.00020,0.99980
24.49000,0.48000,0.00098,0.99902
24.51000,0.48000,0.00205,0.99795
24.53000,0.48000,0.00208,0.99792
24.55000,0.48000,0.00129,0.99871
24.57000,0.48000,0.00060,0.99940
24.59000,0.48000,0.00103,0.99897
24.61000,0.48000,0.00475,0.99525
24.63000,0.48000,0.00090,0.99910
24.65000,0.48000,0.00139,0.99861
24.67000,0.48000,0.00154,0.99846
24.69000,0.48000,0.00115,0.99885
24.71000,0.48000,0.00243,0.99757
24.73000,0.48000,0.00284,0.99716
24.75000,0.48000,0.00171,0.99829
24.77000,0.48000,0.00236,0.99764
24.79000,0.48000,0.00616,0.99384
24.81000,0.48000,0.01396,0.98604
24.83000,0.48000,0.00492,0.99508
24.85000,0.48000,0.00472,0.99528
24.87000,0.48000,0.01666,0.98334
24.89000,0.48000,0.00536,0.99464
24.91000,0.48000,0.00723,0.99277
24.93000,0.48000,0.00391,0.99609
24.95000,0.48000,0.01999,0.98001
24.97000,0.48000,0.00357,0.99643
24.99000,0.48000,0.00542,0.99458
25.01000,0.48000,0.00228,0.99772
25.03000,0.48000,0.00761,0.99239
25.05000,0.48000,0.00326,0.99674
25.07000,0.48000,0.01542,0.98458
25.09000,0.48000,0.00681,0.99319
25.11000,0.48000,0.01887,0.98113
25.13000,0.48000,0.00849,0.99151
25.15000,0.48000,0.03687,0.96313
25.17000,0.48000,0.01202,0.98798
25.19000,0.48000,0.05878,0.94122
25.21000,0.48000,0.03315,0.96685
25.23000,0.48000,0.35983,0.64017
25.25000,0.48000,0.03481,0.96519
25.27000,0.48000,0.26700,0.73300
25.29000,0.48000,0.20472,0.79528
25.31000,0.48000,0.44211,0.55789
25.33000,0.48000,0.14084,0.85916
25.35000,0.48000,0.54077,0.45923
25.37000,0.48000,0.39108,0.60892
25.39000,0.48000,0.76876,0.23124
25.41000,0.48000,0.49853,0.50147
25.43000,0.48000,0.52910,0.47090
25.45000,0.48000,0.88481,0.11519
25.47000,0.48000,0.95270,0.04730
25.49000,0.48000,0.97198,0.02802
25.51000,0.48000,0.96010,0.03990
25.53000,0.48000,0.98525,0.01475
25.55000,0.48000,0.98913,0.01087
25.57000,0.48000,0.99047,0.00953
25.59000,0.48000,0.99078,0.00922
25.61000,0.48000,0.99508,0.00492
25.63000,0.48000,0.99353,0.00647
25.65000,0.48000,0.99286,0.00714
25.67000,0.48000,0.98945,0.01055
25.69000,0.48000,0.98253,0.01747
25.71000,0.48000,0.95437,0.04563
25.73000,0.48000,0.95767,0.04233
25.75000,0.48000,0.91395,0.08605
25.77000,0.48000,0.84102,0.15898
25.79000,0.48000,0.93866,0.06134
25.81000,0.48000,0.88134,0.11866
25.83000,0.48000,0.75296,0.24704
25.85000,0.48000,0.85946,0.14054
25.87000,0.48000,0.91608,0.08392
25.89000,0.48000,0.88141,0.11859
25.91000,0.48000,0.76571,0.23429
25.93000,0.48000,0.96421,0.03579
25.95000,0.48000,0.94015,0.05985
25.97000,0.48000,0.95013,0.04987
25.99000,0.48000,0.83315,0.16685
26.01000,0.48000,0.98258,0.01742
26.03000,0.48000,0.92388,0.07612
26.05000,0.48000,0.95469,0.04531
26.07000,0.48000,0.83911,0.16089
26.09000,0.48000,0.95561,0.04439
26.11000,0.48000,0.86035,0.13965
26.13000,0.48000,0.96923,0.03077
26.15000,0.48000,0.85672,0.14328
26.17000,0.48000,0.97591,0.02409
26.19000,0.48000,0.98456,0.01544
26.21000,0.48000,0.99238,0.00762
26.23000,0.48000,0.99032,0.00968
26.25000,0.48000,0.99347,0.00653
26.27000,0.48000,0.99209,0.00791
26.29000,0.48000,0.99640,0.00360
26.31000,0.48000,0.99298,0.00702
26.33000,0.48000,0.99585,0.00415
26.35000,0.48000,0.99253,0.00747
26.37000,0.48000,0.99745,0.00255
26.39000,0.48000,0.99415,0.00585
26.41000,0.48000,0.99782,0.00218
26.43000,0.48000,0.99157,0.00843
26.45000,0.48000,0.99443,0.00557
26.47000,0.48000,0.99493,0.00507
26.49000,0.48000,0.99611,0.00389
26.51000,0.48000,0.99650,0.00350
26.53000,0.48000,0.99715,0.00285
26.55000,0.48000,0.99723,0.00277
26.57000,0.48000,0.99286,0.00714
26.59000,0.48000,0.99605,0.00395
26.61000,0.48000,0.99559,0.00441
26.63000,0.48000,0.99324,0.00676
26.65000,0.48000,0.99190,0.00810
26.67000,0.48000,0.99565,0.00435
26.69000,0.48000,0.99536,0.00464
26.71000,0.48000,0.99413,0.00587
26.73000,0.48000,0.99621,0.00379
26.75000,0.48000,0.99412,0.00588
26.77000,0.48000,0.99217,0.00783
26.79000,0.48000,0.99508,0.00492
26.81000,0.48000,0.98661,0.01339
26.83000,0.48000,0.99420,0.00580
26.85000,0.48000,0.98432,0.01568
26.87000,0.48000,0.96161,0.03839
26.89000,0.48000,0.98659,0.01341
26.91000,0.48000,0.94657,0.05343
26.93000,0.48000,0.97055,0.02945
26.95000,0.48000,0.93312,0.06688
26.97000,0.48000,0.82459,0.17541
26.99000,0.48000,0.81946,0.18054
27.01000,0.48000,0.97558,0.02442
27.03000,0.48000,0.76974,0.23026
27.05000,0.48000,0.91408,0.08592
27.07000,0.48000,0.77580,0.22420
27.09000,0.48000,0.95417,0.04583
27.11000,0.48000,0.90362,0.09638
27.13000,0.48000,0.65104,0.34896
27.15000,0.48000,0.19163,0.80837
27.17000,0.48000,0.53590,0.46410
27.19000,0.48000,0.17510,0.82490
27.21000,0.48000,0.31712,0.68288
27.23000,0.48000,0.15489,0.84511
27.25000,0.48000,0.38703,0.61297
27.27000,0.48000,0.13313,0.86687
27.29000,0.48000,0.04236,0.95764
27.31000,0.48000,0.00119,0.99881
27.33000,0.48000,0.00028,0.99972
27.35000,0.48000,0.00012,0.99988
27.37000,0.48000,0.00066,0.99934
27.39000,0.48000,0.00005,0.99995
27.41000,0.48000,0.00004,0.99996
27.43000,0.48000,0.00002,0.99998
27.45000,0.48000,0.00012,0.99988
27.47000,0.48000,0.00002,0.99998
27.49000,0.48000,0.00035,0.99965
27.51000,0.48000,0.00002,0.99998
27.53000,0.48000,0.00006,0.99994
27.55000,0.48000,0.00001,0.99999
27.57000,0.48000,0.00030,0.99970
27.59000,0.48000,0.00001,0.99999
27.61000,0.48000,0.00013,0.99987
27.63000,0.48000,0.00000,1.00000
27.65000,0.48000,0.00013,0.99987
27.67000,0.48000,0.00001,0.99999
27.69000,0.48000,0.00005,0.99995
27.71000,0.48000,0.00002,0.99998
27.73000,0.48000,0.00006,0.99994
27.75000,0.48000,0.00009,0.99991
27.77000,0.48000,0.00006,0.99994
27.79000,0.48000,0.00004,0.99996
27.81000,0.48000,0.00021,0.99979
27.83000,0.48000,0.00011,0.99989
27.85000,0.48000,0.00010,0.99990
27.87000,0.48000,0.00004,0.99996
27.89000,0.48000,0.00081,0.99919
27.91000,0.48000,0.00021,0.99979
27.93000,0.48000,0.00004,0.99996
27.95000,0.48000,0.00005,0.99995
27.97000,0.48000,0.00014,0.99986
27.99000,0.48000,0.00008,0.99992
28.01000,0.48000,0.00003,0.99997
28.03000,0.48000,0.00002,0.99998
28.05000,0.48000,0.00003,0.99997
28.07000,0.48000,0.00002,0.99998
28.09000,0.48000,0.00003,0.99997
28.11000,0.48000,0.00008,0.99992
28.13000,0.48000,0.00001,0.99999
28.15000,0.48000,0.00030,0.99970
28.17000,0.48000,0.00010,0.99990
28.19000,0.48000,0.00081,0.99919
28.21000,0.48000,0.00005,0.99995
28.23000,0.48000,0.00027,0.99973
28.25000,0.48000,0.00012,0.99988
28.27000,0.48000,0.00050,0.99950
28.29000,0.48000,0.00010,0.99990
28.31000,0.48000,0.00102,0.99898
28.33000,0.48000,0.00028,0.99972
28.35000,0.48000,0.00173,0.99827
28.37000,0.48000,0.00180,0.99820
28.39000,0.48000,0.00111,0.99889
28.41000,0.48000,0.02503,0.97497
28.43000,0.48000,0.00176,0.99824
28.45000,0.48000,0.00211,0.99789
28.47000,0.48000,0.00234,0.99766
28.49000,0.48000,0.00030,0.99970
28.51000,0.48000,0.00062,0.99938
28.53000,0.48000,0.00012,0.99988
28.55000,0.48000,0.00252,0.99748
28.57000,0.48000,0.00006,0.99994
28.59000,0.48000,0.00037,0.99963
28.61000,0.48000,0.00002,0.99998
28.63000,0.48000,0.00056,0.99944
28.65000,0.48000,0.00002,0.99998
28.67000,0.48000,0.00038,0.99962
28.69000,0.48000,0.00004,0.99996
28.71000,0.48000,0.00062,0.99938
28.73000,0.48000,0.00007,0.99993
28.75000,0.48000,0.00044,0.99956
28.77000,0.48000,0.00017,0.99983
28.79000,0.48000,0.00035,0.99965
28.81000,0.48000,0.00002,0.99998
28.83000,0.48000,0.00038,0.99962
28.85000,0.48000,0.00003,0.99997
28.87000,0.48000,0.00006,0.99994
28.89000,0.48000,0.00005,0.99995
28.91000,0.48000,0.00014,0.99986
28.93000,0.48000,0.00008,0.99992
28.95000,0.48000,0.00019,0.99981
28.97000,0.48000,0.00047,0.99953
28.99000,0.48000,0.00013,0.99987
29.01000,0.48000,0.00026,0.99974
29.03000,0.48000,0.00020,0.99980
29.05000,0.48000,0.00094,0.99906
29.07000,0.48000,0.00048,0.99952
29.09000,0.48000,0.00059,0.99941
29.11000,0.48000,0.00036,0.99964
29.13000,0.48000,0.00076,0.99924
29.15000,0.48000,0.00009,0.99991
29.17000,0.48000,0.00086,0.99914
29.19000,0.48000,0.00006,0.99994
29.21000,0.48000,0.00069,0.99931
29.23000,0.48000,0.00001,0.99999
29.25000,0.48000,0.00052,0.99948
29.27000,0.48000,0.00001,0.99999
29.29000,0.48000,0.00123,0.99877
29.31000,0.48000,0.00000,1.00000
29.33000,0.48000,0.00073,0.99927
29.35000,0.48000,0.00002,0.99998
29.37000,0.48000,0.00140,0.99860
29.39000,0.48000,0.00003,0.99997
29.41000,0.48000,0.00052,0.99948
29.43000,0.48000,0.00001,0.99999
29.45000,0.48000,0.00036,0.99964
29.47000,0.48000,0.00000,1.00000
29.49000,0.48000,0.00012,0.99988
29.51000,0.48000,0.00000,1.00000
29.53000,0.48000,0.00037,0.99963
29.55000,0.48000,0.00001,0.99999
29.57000,0.48000,0.00023,0.99977
29.59000,0.48000,0.00002,0.99998
29.61000,0.48000,0.00035,0.99965
29.63000,0.48000,0.00007,0.99993
29.65000,0.48000,0.00008,0.99992
29.67000,0.48000,0.00016,0.99984
29.69000,0.48000,0.00040,0.99960
29.71000,0.48000,0.00018,0.99982
29.73000,0.48000,0.00021,0.99979
29.75000,0.48000,0.00005,0.99995
29.77000,0.48000,0.00037,0.99963
29.79000,0.48000,0.00004,0.99996
29.81000,0.48000,0.00011,0.99989
29.83000,0.48000,0.00026,0.99974
29.85000,0.48000,0.00050,0.99950
29.87000,0.48000,0.00006,0.99994
29.89000,0.48000,0.00016,0.99984
29.91000,0.48000,0.00076,0.99924
29.93000,0.48000,0.00034,0.99966
29.95000,0.48000,0.00034,0.99966
29.97000,0.48000,0.00022,0.99978
29.99000,0.48000,0.00175,0.99825
30.01000,0.48000,0.00100,0.99900
30.03000,0.48000,0.00104,0.99896
30.05000,0.48000,0.00076,0.99924
30.07000,0.48000,0.00093,0.99907
30.09000,0.48000,0.00057,0.99943
30.11000,0.48000,0.00119,0.99881
30.13000,0.48000,0.00100,0.99900
30.15000,0.48000,0.00349,0.99651
30.17000,0.48000,0.00111,0.99889
30.19000,0.48000,0.00950,0.99050
30.21000,0.48000,0.00099,0.99901
30.23000,0.48000,0.00171,0.99829
30.25000,0.48000,0.00059,0.99941
30.27000,0.48000,0.00991,0.99009
30.29000,0.48000,0.00072,0.99928
30.31000,0.48000,0.00793,0.99207
30.33000,0.48000,0.00217,0.99783
30.35000,0.48000,0.00196,0.99804
30.37000,0.48000,0.00160,0.99840
30.39000,0.48000,0.00132,0.99868
30.41000,0.48000,0.00051,0.99949
30.43000,0.48000,0.00106,0.99894
30.45000,0.48000,0.00099,0.99901
30.47000,0.48000,0.00086,0.99914
30.49000,0.48000,0.00044,0.99956
30.51000,0.48000,0.00211,0.99789
30.53000,0.48000,0.00031,0.99969
30.55000,0.48000,0.00096,0.99904
30.57000,0.48000,0.00027,0.99973
30.59000,0.48000,0.00197,0.99803
30.61000,0.48000,0.00026,0.99974
30.63000,0.48000,0.00125,0.99875
30.65000,0.48000,0.00021,0.99979
30.67000,0.48000,0.00044,0.99956
30.69000,0.48000,0.00070,0.99930
30.71000,0.48000,0.00012,0.99988
30.73000,0.48000,0.00081,0.99919
30.75000,0.48000,0.00007,0.99993
30.77000,0.48000,0.00044,0.99956
30.79000,0.48000,0.00009,0.99991
30.81000,0.48000,0.00131,0.99869
30.83000,0.48000,0.00008,0.99992
30.85000,0.48000,0.00078,0.99922
30.87000,0.48000,0.00062,0.99938
30.89000,0.48000,0.00540,0.99460
30.91000,0.48000,0.00101,0.99899
30.93000,0.48000,0.02313,0.97687
30.95000,0.48000,0.00038,0.99962
30.97000,0.48000,0.02264,0.97736
30.99000,0.48000,0.00285,0.99715
31.01000,0.48000,0.07237,0.92763
31.03000,0.48000,0.01876,0.98124
31.05000,0.48000,0.12068,0.87932
31.07000,0.48000,0.01429,0.98571
31.09000,0.48000,0.11560,0.88440
31.11000,0.48000,0.22971,0.77029
31.13000,0.48000,0.14321,0.85679
31.15000,0.48000,0.56035,0.43965
31.17000,0.48000,0.37463,0.62537
31.19000,0.48000,0.99355,0.00645
31.21000,0.48000,0.99575,0.00425
31.23000,0.48000,0.99619,0.00381
31.25000,0.48000,0.99455,0.00545
31.27000,0.48000,0.99822,0.00178
31.29000,0.48000,0.99685,0.00315
31.31000,0.48000,0.99486,0.00514
31.33000,0.48000,0.99089,0.00911
31.35000,0.48000,0.98821,0.01179
31.37000,0.48000,0.98997,0.01003
31.39000,0.48000,0.99413,0.00587
31.41000,0.48000,0.97755,0.02245
31.43000,0.48000,0.99306,0.00694
31.45000,0.48000,0.98922,0.01078
31.47000,0.48000,0.99493,0.00507
31.49000,0.48000,0.98738,0.01262
31.51000,0.48000,0.99355,0.00645
31.53000,0.48000,0.99051,0.00949
31.55000,0.48000,0.99533,0.00467
31.57000,0.48000,0.99294,0.00706
31.59000,0.48000,0.99496,0.00504
31.61000,0.48000,0.99265,0.00735
31.63000,0.48000,0.99612,0.00388
31.65000,0.48000,0.98286,0.01714
31.67000,0.48000,0.99218,0.00782
31.69000,0.48000,0.99120,0.00880
31.71000,0.48000,0.98949,0.01051
31.73000,0.48000,0.98539,0.01461
31.75000,0.48000,0.97906,0.02094
31.77000,0.48000,0.99111,0.00889
31.79000,0.48000,0.98023,0.01977
31.81000,0.48000,0.93377,0.06623
31.83000,0.48000,0.95952,0.04048
31.85000,0.48000,0.91883,0.08117
31.87000,0.48000,0.95206,0.04794
31.89000,0.48000,0.72112,0.27888
31.91000,0.48000,0.94792,0.05208
31.93000,0.48000,0.83236,0.16764
31.95000,0.48000,0.94451,0.05549
31.97000,0.48000,0.88392,0.11608
31.99000,0.48000,0.91056,0.08944
32.01000,0.48000,0.77707,0.22293
32.03000,0.48000,0.89389,0.10611
32.05000,0.48000,0.67076,0.32924
32.07000,0.48000,0.82796,0.17204
32.09000,0.48000,0.79476,0.20524
32.11000,0.48000,0.88788,0.11212
32.13000,0.48000,0.84011,0.15989
32.15000,0.48000,0.92850,0.07150
32.17000,0.48000,0.89076,0.10924
32.19000,0.48000,0.89447,0.10553
32.21000,0.48000,0.88179,0.11821
32.23000,0.48000,0.92957,0.07043
32.25000,0.48000,0.79723,0.20277
32.27000,0.48000,0.98772,0.01228
32.29000,0.48000,0.89766,0.10234
32.31000,0.48000,0.99438,0.00562
32.33000,0.48000,0.96466,0.03534
32.35000,0.48000,0.98963,0.01037
32.37000,0.48000,0.98477,0.01523
32.39000,0.48000,0.98245,0.01755
32.41000,0.48000,0.96378,0.03622
32.43000,0.48000,0.98947,0.01053
32.45000,0.48000,0.93780,0.06220
32.47000,0.48000,0.98104,0.01896
32.49000,0.48000,0.92055,0.07945
32.51000,0.48000,0.98726,0.01274
32.53000,0.48000,0.97974,0.02026
32.55000,0.48000,0.99196,0.00804
32.57000,0.48000,0.96379,0.03621
32.59000,0.48000,0.99232,0.00768
32.61000,0.48000,0.97140,0.02860
32.63000,0.48000,0.99253,0.00747
32.65000,0.48000,0.95691,0.04309
32.67000,0.48000,0.99296,0.00704
32.69000,0.48000,0.99183,0.00817
32.71000,0.48000,0.97784,0.02216
32.73000,0.48000,0.97803,0.02197
32.75000,0.48000,0.99645,0.00355
32.77000,0.48000,0.98688,0.01312
32.79000,0.48000,0.98588,0.01412
32.81000,0.48000,0.98806,0.01194
32.83000,0.48000,0.99737,0.00263
32.85000,0.48000,0.99041,0.00959
32.87000,0.48000,0.99716,0.00284
32.89000,0.48000,0.99407,0.00593
32.91000,0.48000,0.99783,0.00217
32.93000,0.48000,0.99532,0.00468
32.95000,0.48000,0.99538,0.00462
32.97000,0.48000,0.99462,0.00538
32.99000,0.48000,0.99782,0.00218
33.01000,0.48000,0.99352,0.00648
33.03000,0.48000,0.99572,0.00428
33.05000,0.48000,0.98541,0.01459
33.07000,0.48000,0.98777,0.01223
33.09000,0.48000,0.96800,0.03200
33.11000,0.48000,0.98351,0.01649
33.13000,0.48000,0.98946,0.01054
33.15000,0.48000,0.99412,0.00588
33.17000,0.48000,0.99107,0.00893
33.19000,0.48000,0.99329,0.00671
33.21000,0.48000,0.99512,0.00488
33.23000,0.48000,0.99556,0.00444
33.25000,0.48000,0.99230,0.00770
33.27000,0.48000,0.99761,0.00239
33.29000,0.48000,0.99049,0.00951
33.31000,0.48000,0.99745,0.00255
33.33000,0.48000,0.99276,0.00724
33.35000,0.48000,0.99445,0.00555
33.37000,0.48000,0.99298,0.00702
33.39000,0.48000,0.98888,0.01112
33.41000,0.48000,0.99385,0.00615
33.43000,0.48000,0.98025,0.01975
33.45000,0.48000,0.98825,0.01175
33.47000,0.48000,0.98784,0.01216
33.49000,0.48000,0.99507,0.00493
33.51000,0.48000,0.98166,0.01834
33.53000,0.48000,0.99542,0.00458
33.55000,0.48000,0.98749,0.01251
33.57000,0.48000,0.99665,0.00335
33.59000,0.48000,0.98957,0.01043
33.61000,0.48000,0.99862,0.00138
33.63000,0.48000,0.99284,0.00716
33.65000,0.48000,0.99725,0.00275
33.67000,0.48000,0.98980,0.01020
33.69000,0.48000,0.99451,0.00549
33.71000,0.48000,0.96597,0.03403
33.73000,0.48000,0.99394,0.00606
33.75000,0.48000,0.95246,0.04754
33.77000,0.48000,0.99695,0.00305
33.79000,0.48000,0.96979,0.03021
33.81000,0.48000,0.99518,0.00482
33.83000,0.48000,0.99079,0.00921
33.85000,0.48000,0.99723,0.00277
33.87000,0.48000,0.98767,0.01233
33.89000,0.48000,0.99139,0.00861
33.91000,0.48000,0.97994,0.02006
33.93000,0.48000,0.99492,0.00508
33.95000,0.48000,0.98084,0.01916
33.97000,0.48000,0.99083,0.00917
33.99000,0.48000,0.96022,0.03978
34.01000,0.48000,0.98999,0.01001
34.03000,0.48000,0.97060,0.02940
34.05000,0.48000,0.99264,0.00736
34.07000,0.48000,0.97660,0.02340
34.09000,0.48000,0.99576,0.00424
34.11000,0.48000,0.96683,0.03317
34.13000,0.48000,0.99720,0.00280
34.15000,0.48000,0.96136,0.03864
34.17000,0.48000,0.99574,0.00426
34.19000,0.48000,0.97382,0.02618
34.21000,0.48000,0.98596,0.01404
34.23000,0.48000,0.97168,0.02832
34.25000,0.48000,0.98953,0.01047
34.27000,0.48000,0.97543,0.02458
34.29000,0.48000,0.96257,0.03743
34.31000,0.48000,0.96826,0.03174
34.33000,0.48000,0.95361,0.04639
34.35000,0.48000,0.95130,0.04870
34.37000,0.48000,0.94031,0.05969
34.39000,0.48000,0.76036,0.23964
34.41000,0.48000,0.77206,0.22794
34.43000,0.48000,0.73128,0.26872
34.45000,0.48000,0.62554,0.37446
34.47000,0.48000,0.82077,0.17923
34.49000,0.48000,0.72101,0.27899
34.51000,0.48000,0.87517,0.12483
34.53000,0.48000,0.37167,0.62833
34.55000,0.48000,0.63069,0.36931
34.57000,0.48000,0.06755,0.93245
34.59000,0.48000,0.37027,0.62973
34.61000,0.48000,0.01701,0.98299
34.63000,0.48000,0.05283,0.94717
34.65000,0.48000,0.01016,0.98984
34.67000,0.48000,0.04495,0.95505
34.69000,0.48000,0.00293,0.99707
34.71000,0.48000,0.00930,0.99070
34.73000,0.48000,0.00016,0.99984
34.75000,0.48000,0.00164,0.99836
34.77000,0.48000,0.00002,0.99998
34.79000,0.48000,0.00022,0.99978
34.81000,0.48000,0.00000,1.00000
34.83000,0.48000,0.00000,1.00000
34.85000,0.48000,0.00000,1.00000
34.87000,0.48000,0.00000,1.00000
34.89000,0.48000,0.00000,1.00000
34.91000,0.48000,0.00001,0.99999
34.93000,0.48000,0.00001,0.99999
34.95000,0.48000,0.00001,0.99999
34.97000,0.48000,0.00002,0.99998
34.99000,0.48000,0.00009,0.99991
35.01000,0.48000,0.00001,0.99999
35.03000,0.48000,0.00007,0.99993
35.05000,0.48000,0.00002,0.99998
35.07000,0.48000,0.00048,0.99952
35.09000,0.48000,0.00008,0.99992
35.11000,0.48000,0.00011,0.99989
35.13000,0.48000,0.00194,0.99806
35.15000,0.48000,0.00333,0.99667
35.17000,0.48000,0.00106,0.99894
35.19000,0.48000,0.01218,0.98782
35.21000,0.48000,0.01782,0.98218
35.23000,0.48000,0.02357,0.97643
35.25000,0.48000,0.03330,0.96670
35.27000,0.48000,0.09847,0.90153
35.29000,0.48000,0.14319,0.85681
35.31000,0.48000,0.06817,0.93183
35.33000,0.48000,0.19725,0.80275
35.35000,0.48000,0.19882,0.80118
35.37000,0.48000,0.25953,0.74047
35.39000,0.48000,0.31133,0.68867
35.41000,0.48000,0.51211,0.48789
35.43000,0.48000,0.38656,0.61344
35.45000,0.48000,0.48055,0.51945
35.47000,0.48000,0.67287,0.32713
35.49000,0.48000,0.79417,0.20583
35.51000,0.48000,0.79977,0.20023
35.53000,0.48000,0.97575,0.02425
35.55000,0.48000,0.98272,0.01728
35.57000,0.48000,0.99311,0.00689
35.59000,0.48000,0.99809,0.00191
35.61000,0.48000,0.99263,0.00737
35.63000,0.48000,0.99692,0.00308
35.65000,0.48000,0.99063,0.00937
35.67000,0.48000,0.99621,0.00379
35.69000,0.48000,0.98828,0.01172
35.71000,0.48000,0.96514,0.03486
35.73000,0.48000,0.96487,0.03513
35.75000,0.48000,0.96640,0.03360
35.77000,0.48000,0.94051,0.05949
35.79000,0.48000,0.98598,0.01402
35.81000,0.48000,0.94671,0.05329
35.83000,0.48000,0.96186,0.03814
35.85000,0.48000,0.93371,0.06629
35.87000,0.48000,0.94735,0.05265
35.89000,0.48000,0.75700,0.24300
35.91000,0.48000,0.96803,0.03197
35.93000,0.48000,0.88524,0.11476
35.95000,0.48000,0.88812,0.11188
35.97000,0.48000,0.86603,0.13397
35.99000,0.48000,0.95928,0.04072
36.01000,0.48000,0.93190,0.06810
36.03000,0.48000,0.90412,0.09588
36.05000,0.48000,0.81069,0.18931
36.07000,0.48000,0.77115,0.22885
36.09000,0.48000,0.48853,0.51147
36.11000,0.48000,0.08585,0.91415
36.13000,0.48000,0.10432,0.89568
36.15000,0.48000,0.03713,0.96287
36.17000,0.48000,0.12605,0.87396
36.19000,0.48000,0.05083,0.94917
36.21000,0.48000,0.38205,0.61795
36.23000,0.48000,0.01737,0.98263
36.25000,0.48000,0.19833,0.80167
36.27000,0.48000,0.02244,0.97756
36.29000,0.48000,0.13769,0.86231
36.31000,0.48000,0.50442,0.49558
36.33000,0.48000,0.78041,0.21959
36.35000,0.48000,0.58298,0.41702
36.37000,0.48000,0.78845,0.21155
36.39000,0.48000,0.51820,0.48180
36.41000,0.48000,0.53841,0.46159
36.43000,0.48000,0.42674,0.57326
36.45000,0.48000,0.47953,0.52047
36.47000,0.48000,0.12231,0.87769
36.49000,0.48000,0.15655,0.84345
36.51000,0.48000,0.08823,0.91177
36.53000,0.48000,0.08036,0.91964
36.55000,0.48000,0.06676,0.93324
36.57000,0.48000,0.01964,0.98036
36.59000,0.48000,0.05206,0.94794
36.61000,0.48000,0.00900,0.99100
36.63000,0.48000,0.06658,0.93342
36.65000,0.48000,0.02729,0.97271
36.67000,0.48000,0.00764,0.99236
36.69000,0.48000,0.00937,0.99063
36.71000,0.48000,0.00435,0.99565
36.73000,0.48000,0.00792,0.99208
36.75000,0.48000,0.00428,0.99572
36.77000,0.48000,0.00735,0.99265
36.79000,0.48000,0.00960,0.99040
36.81000,0.48000,0.00649,0.99351
36.83000,0.48000,0.01504,0.98496
36.85000,0.48000,0.05423,0.94577
36.87000,0.48000,0.06715,0.93285
36.89000,0.48000,0.10074,0.89926
36.91000,0.48000,0.11041,0.88959
36.93000,0.48000,0.05163,0.94837
36.95000,0.48000,0.03611,0.96389
36.97000,0.48000,0.03443,0.96557
36.99000,0.48000,0.02436,0.97564
37.01000,0.48000,0.03303,0.96697
37.03000,0.48000,0.02169,0.97831
37.05000,0.48000,0.01547,0.98453
37.07000,0.48000,0.00592,0.99408
37.09000,0.48000,0.00334,0.99666
37.11000,0.48000,0.00695,0.99305
37.13000,0.48000,0.00188,0.99812
37.15000,0.48000,0.00192,0.99808
37.17000,0.48000,0.00248,0.99752
37.19000,0.48000,0.00199,0.99801
37.21000,0.48000,0.00182,0.99818
37.23000,0.48000,0.00403,0.99597
37.25000,0.48000,0.00212,0.99788
37.27000,0.48000,0.00226,0.99774
37.29000,0.48000,0.00117,0.99883
37.31000,0.48000,0.00125,0.99875
37.33000,0.48000,0.00065,0.99935
37.35000,0.48000,0.00132,0.99868
37.37000,0.48000,0.00020,0.99980
37.39000,0.48000,0.00047,0.99953
37.41000,0.48000,0.00029,0.99971
37.43000,0.48000,0.00096,0.99904
37.45000,0.48000,0.00094,0.99906
37.47000,0.48000,0.00040,0.99960
37.49000,0.48000,0.00037,0.99963
37.51000,0.48000,0.00093,0.99907
37.53000,0.48000,0.00183,0.99817
37.55000,0.48000,0.00019,0.99981
37.57000,0.48000,0.00110,0.99890
37.59000,0.48000,0.00048,0.99952
37.61000,0.48000,0.00235,0.99765
37.63000,0.48000,0.00011,0.99989
37.65000,0.48000,0.00100,0.99900
37.67000,0.48000,0.00008,0.99992
37.69000,0.48000,0.00110,0.99890
37.71000,0.48000,0.00024,0.99976
37.73000,0.48000,0.00096,0.99904
37.75000,0.48000,0.00033,0.99967
37.77000,0.48000,0.00186,0.99814
37.79000,0.48000,0.00010,0.99990
37.81000,0.48000,0.00081,0.99919
37.83000,0.48000,0.00110,0.99890
37.85000,0.48000,0.00074,0.99926
37.87000,0.48000,0.00149,0.99851
37.89000,0.48000,0.00106,0.99894
37.91000,0.48000,0.00115,0.99885
37.93000,0.48000,0.00005,0.99995
37.95000,0.48000,0.00038,0.99962
37.97000,0.48000,0.00011,0.99989
37.99000,0.48000,0.00032,0.99968
38.01000,0.48000,0.00006,0.99994
38.03000,0.48000,0.00015,0.99985
38.05000,0.48000,0.00021,0.99979
38.07000,0.48000,0.00011,0.99989
38.09000,0.48000,0.00015,0.99985
38.11000,0.48000,0.00007,0.99993
38.13000,0.48000,0.00018,0.99982
38.15000,0.48000,0.00014,0.99986
38.17000,0.48000,0.00006,0.99994
38.19000,0.48000,0.00008,0.99992
38.21000,0.48000,0.00004,0.99996
38.23000,0.48000,0.00005,0.99995
38.25000,0.48000,0.00002,0.99998
38.27000,0.48000,0.00003,0.99997
38.29000,0.48000,0.00001,0.99999
38.31000,0.48000,0.00001,0.99999
38.33000,0.48000,0.00002,0.99998
38.35000,0.48000,0.00002,0.99998
38.37000,0.48000,0.00001,0.99999
38.39000,0.48000,0.00010,0.99990
38.41000,0.48000,0.00001,0.99999
38.43000,0.48000,0.00012,0.99988
38.45000,0.48000,0.00002,0.99998
38.47000,0.48000,0.00019,0.99981
38.49000,0.48000,0.00004,0.99996
38.51000,0.48000,0.00019,0.99981
38.53000,0.48000,0.00005,0.99995
38.55000,0.48000,0.00006,0.99994
38.57000,0.48000,0.00028,0.99972
38.59000,0.48000,0.00036,0.99964
38.61000,0.48000,0.00069,0.99931
38.63000,0.48000,0.00035,0.99965
38.65000,0.48000,0.00034,0.99966
38.67000,0.48000,0.00092,0.99908
38.69000,0.48000,0.00017,0.99983
38.71000,0.48000,0.00061,0.99939
38.73000,0.48000,0.00209,0.99791
38.75000,0.48000,0.00056,0.99944
38.77000,0.48000,0.00090,0.99910
38.79000,0.48000,0.00073,0.99927
38.81000,0.48000,0.00047,0.99953
38.83000,0.48000,0.00114,0.99886
38.85000,0.48000,0.00024,0.99976
38.87000,0.48000,0.00065,0.99935
38.89000,0.48000,0.00018,0.99982
38.91000,0.48000,0.00201,0.99799
38.93000,0.48000,0.00034,0.99966
38.95000,0.48000,0.00014,0.99986
38.97000,0.48000,0.00037,0.99963
38.99000,0.48000,0.00009,0.99991
39.01000,0.48000,0.00048,0.99952
39.03000,0.48000,0.00036,0.99964
39.05000,0.48000,0.00035,0.99965
39.07000,0.48000,0.00017,0.99983
39.09000,0.48000,0.00067,0.99933
39.11000,0.48000,0.00091,0.99909
39.13000,0.48000,0.00070,0.99930
39.15000,0.48000,0.00040,0.99960
39.17000,0.48000,0.00014,0.99986
39.19000,0.48000,0.00042,0.99958
39.21000,0.48000,0.00076,0.99924
39.23000,0.48000,0.00045,0.99955
39.25000,0.48000,0.00148,0.99852
39.27000,0.48000,0.00070,0.99930
39.29000,0.48000,0.00077,0.99923
39.31000,0.48000,0.00063,0.99937
39.33000,0.48000,0.00039,0.99961
39.35000,0.48000,0.00148,0.99852
39.37000,0.48000,0.00051,0.99949
39.39000,0.48000,0.00106,0.99894
39.41000,0.48000,0.00027,0.99973
39.43000,0.48000,0.00330,0.99670
39.45000,0.48000,0.00013,0.99987
39.47000,0.48000,0.00015,0.99985
39.49000,0.48000,0.00004,0.99996
39.51000,0.48000,0.00010,0.99990
39.53000,0.48000,0.00003,0.99997
39.55000,0.48000,0.00005,0.99995
39.57000,0.48000,0.00002,0.99998
39.59000,0.48000,0.00006,0.99994
39.61000,0.48000,0.00007,0.99993
39.63000,0.48000,0.00007,0.99993
39.65000,0.48000,0.00003,0.99997
39.67000,0.48000,0.00006,0.99994
39.69000,0.48000,0.00003,0.99997
39.71000,0.48000,0.00003,0.99997
39.73000,0.48000,0.00002,0.99998
39.75000,0.48000,0.00003,0.99997
39.77000,0.48000,0.00001,0.99999
39.79000,0.48000,0.00004,0.99996
39.81000,0.48000,0.00000,1.00000
39.83000,0.48000,0.00009,0.99991
39.85000,0.48000,0.00004,0.99996
39.87000,0.48000,0.00006,0.99994
39.89000,0.48000,0.00011,0.99989
39.91000,0.48000,0.00003,0.99997
39.93000,0.48000,0.00004,0.99996
39.95000,0.48000,0.00007,0.99993
39.97000,0.48000,0.00008,0.99992
39.99000,0.48000,0.00002,0.99998
40.01000,0.48000,0.00003,0.99997
40.03000,0.48000,0.00003,0.99997
40.05000,0.48000,0.00002,0.99998
40.07000,0.48000,0.00021,0.99979
40.09000,0.48000,0.00005,0.99995
40.11000,0.48000,0.00010,0.99990
40.13000,0.48000,0.00019,0.99981
40.15000,0.48000,0.00018,0.99982
40.17000,0.48000,0.00011,0.99989
40.19000,0.48000,0.00002,0.99998
40.21000,0.48000,0.00002,0.99998
40.23000,0.48000,0.00001,0.99999
40.25000,0.48000,0.00003,0.99997
40.27000,0.48000,0.00000,1.00000
40.29000,0.48000,0.00000,1.00000
40.31000,0.48000,0.00001,0.99999
40.33000,0.48000,0.00001,0.99999
40.35000,0.48000,0.00003,0.99997
40.37000,0.48000,0.00003,0.99997
40.39000,0.48000,0.00004,0.99996
40.41000,0.48000,0.00002,0.99998
40.43000,0.48000,0.00002,0.99998
40.45000,0.48000,0.00001,0.99999
40.47000,0.48000,0.00002,0.99998
40.49000,0.48000,0.00001,0.99999
40.51000,0.48000,0.00012,0.99988
40.53000,0.48000,0.00000,1.00000
40.55000,0.48000,0.00002,0.99997
40.57000,0.48000,0.00001,0.99999
40.59000,0.48000,0.00026,0.99974
40.61000,0.48000,0.00001,0.99999
40.63000,0.48000,0.00017,0.99983
40.65000,0.48000,0.00004,0.99996
40.67000,0.48000,0.00017,0.99983
40.69000,0.48000,0.00002,0.99998
40.71000,0.48000,0.00005,0.99995
40.73000,0.48000,0.00006,0.99994
40.75000,0.48000,0.00027,0.99973
40.77000,0.48000,0.00005,0.99995
40.79000,0.48000,0.00002,0.99998
40.81000,0.48000,0.00017,0.99983
40.83000,0.48000,0.00057,0.99943
40.85000,0.48000,0.00003,0.99997
40.87000,0.48000,0.00021,0.99979
40.89000,0.48000,0.00018,0.99982
40.91000,0.48000,0.00078,0.99922
40.93000,0.48000,0.00002,0.99998
40.95000,0.48000,0.00024,0.99976
40.97000,0.48000,0.00006,0.99994
40.99000,0.48000,0.00084,0.99916
41.01000,0.48000,0.00021,0.99979
41.03000,0.48000,0.00088,0.99912
41.05000,0.48000,0.00105,0.99895
41.07000,0.48000,0.00080,0.99920
41.09000,0.48000,0.00302,0.99698
41.11000,0.48000,0.00194,0.99806
41.13000,0.48000,0.00697,0.99303
41.15000,0.48000,0.00947,0.99053
41.17000,0.48000,0.02959,0.97041
41.19000,0.48000,0.10517,0.89483
41.21000,0.48000,0.03011,0.96989
41.23000,0.48000,0.03398,0.96602
41.25000,0.48000,0.40078,0.59922
41.27000,0.48000,0.15087,0.84913
41.29000,0.48000,0.33532,0.66468
41.31000,0.48000,0.25552,0.74448
41.33000,0.48000,0.41383,0.58617
41.35000,0.48000,0.61537,0.38463
41.37000,0.48000,0.30452,0.69548
41.39000,0.48000,0.31036,0.68964
41.41000,0.48000,0.26909,0.73091
41.43000,0.48000,0.12392,0.87608
41.45000,0.48000,0.36190,0.63810
41.47000,0.48000,0.46609,0.53391
41.49000,0.48000,0.97179,0.02821
41.51000,0.48000,0.98063,0.01937
41.53000,0.48000,0.97766,0.02234
41.55000,0.48000,0.95912,0.04088
41.57000,0.48000,0.87935,0.12065
41.59000,0.48000,0.87032,0.12968
41.61000,0.48000,0.88300,0.11700
41.63000,0.48000,0.74613,0.25387
41.65000,0.48000,0.79939,0.20061
41.67000,0.48000,0.69288,0.30712
41.69000,0.48000,0.72616,0.27384
41.71000,0.48000,0.53321,0.46679
41.73000,0.48000,0.67029,0.32971
41.75000,0.48000,0.61462,0.38538
41.77000,0.48000,0.73896,0.26104
41.79000,0.48000,0.63679,0.36321
41.81000,0.48000,0.66974,0.33026
41.83000,0.48000,0.58435,0.41565
41.85000,0.48000,0.71083,0.28917
41.87000,0.48000,0.82609,0.17391
41.89000,0.48000,0.77526,0.22474
41.91000,0.48000,0.82226,0.17774
41.93000,0.48000,0.91717,0.08283
41.95000,0.48000,0.92493,0.07507
41.97000,0.48000,0.90510,0.09490
41.99000,0.48000,0.80118,0.19882
42.01000,0.48000,0.95163,0.04837
42.03000,0.48000,0.84348,0.15652
42.05000,0.48000,0.97131,0.02869
42.07000,0.48000,0.97303,0.02697
42.09000,0.48000,0.97275,0.02725
42.11000,0.48000,0.98732,0.01268
42.13000,0.48000,0.95765,0.04235
42.15000,0.48000,0.99232,0.00768
42.17000,0.48000,0.97036,0.02964
42.19000,0.48000,0.98117,0.01883
42.21000,0.48000,0.96411,0.03589
42.23000,0.48000,0.97328,0.02672
42.25000,0.48000,0.94134,0.05866
42.27000,0.48000,0.97373,0.02627
42.29000,0.48000,0.95332,0.04668
42.31000,0.48000,0.98168,0.01832
42.33000,0.48000,0.98082,0.01918
42.35000,0.48000,0.99187,0.00813
42.37000,0.48000,0.93322,0.06678
42.39000,0.48000,0.98704,0.01296
42.41000,0.48000,0.95646,0.04354
42.43000,0.48000,0.99418,0.00582
42.45000,0.48000,0.97384,0.02616
42.47000,0.48000,0.99760,0.00240
42.49000,0.48000,0.99641,0.00359
42.51000,0.48000,0.99787,0.00213
42.53000,0.48000,0.99396,0.00604
42.55000,0.48000,0.99897,0.00103
42.57000,0.48000,0.99449,0.00551
42.59000,0.48000,0.99791,0.00209
42.61000,0.48000,0.99751,0.00249
42.63000,0.48000,0.99936,0.00064
42.65000,0.48000,0.99908,0.00092
42.67000,0.48000,0.99953,0.00047
42.69000,0.48000,0.99955,0.00045
42.71000,0.48000,0.99974,0.00026
42.73000,0.48000,0.99956,0.00044
42.75000,0.48000,0.99962,0.00038
42.77000,0.48000,0.99954,0.00046
42.79000,0.48000,0.99958,0.00042
42.81000,0.48000,0.99926,0.00074
42.83000,0.48000,0.99929,0.00071
42.85000,0.48000,0.99818,0.00182
42.87000,0.48000,0.99916,0.00084
42.89000,0.48000,0.99874,0.00126
42.91000,0.48000,0.99840,0.00160
42.93000,0.48000,0.99839,0.00161
42.95000,0.48000,0.99826,0.00174
42.97000,0.48000,0.99797,0.00203
42.99000,0.48000,0.99856,0.00144
43.01000,0.48000,0.99542,0.00458
43.03000,0.48000,0.99806,0.00194
43.05000,0.48000,0.99657,0.00343
43.07000,0.48000,0.99729,0.00271
43.09000,0.48000,0.99682,0.00318
43.11000,0.48000,0.99758,0.00242
43.13000,0.48000,0.99801,0.00199
43.15000,0.48000,0.99618,0.00382
43.17000,0.48000,0.99626,0.00374
43.19000,0.48000,0.99701,0.00299
43.21000,0.48000,0.99594,0.00406
43.23000,0.48000,0.99495,0.00505
43.25000,0.48000,0.99367,0.00633
43.27000,0.48000,0.99791,0.00209
43.29000,0.48000,0.99603,0.00397
