# Time (seconds),Pressure (normalized),Temp (normalized)
0.0078125,0.6415278116861979,0.505802001953125
0.0234375,0.6412498837425595,0.5057135009765625
0.0390625,0.6412411644345238,0.5051254272460938
0.0546875,0.6411863054547992,0.505919189453125
0.0703125,0.6411372593470975,0.505257873535156
0.0859375,0.641188485281808,0.5056695556640624
0.1015625,0.6412117367699033,0.5051403808593748
0.1171875,0.6410653250558036,0.505096435546875
0.1328125,0.6412146432059151,0.5054638671875
0.1484375,0.6410239083426332,0.5056845092773439
0.1640625,0.6411590576171882,0.5052874755859377
0.1796875,0.6412346249534977,0.5053167724609376
0.1953125,0.6410751342773438,0.5051696777343748
0.2109375,0.6411198207310261,0.505419921875
0.2265625,0.6411619640532,0.50478759765625
0.2421875,0.6411986578078497,0.5054638671875
0.2578125,0.6410489763532367,0.5054638671875
0.2734375,0.6410489763532367,0.5049789428710938
0.2890625,0.6410951160249263,0.5051254272460938
0.3046875,0.6410442533947166,0.5057577514648437
0.3203125,0.6412135532924107,0.5052874755859377
0.3359375,0.6411027454194569,0.5055963134765625
0.3515625,0.6411507016136533,0.5054638671875
0.3671875,0.6411554245721727,0.505802001953125
0.3828125,0.6410540626162574,0.5051403808593748
0.3984375,0.6410722278413319,0.505257873535156
0.4140625,0.6410744076683408,0.5057427978515625
0.4296875,0.6411419823056176,0.50478759765625
0.4453125,0.6410391671316964,0.5050079345703123
0.4609375,0.6410424368722099,0.505184326171875
0.4765625,0.6412335350399926,0.5051403808593748
0.4921875,0.6410972958519345,0.505096435546875
0.5078125,0.6411321730840773,0.505257873535156
0.5234375,0.6410213652111235,0.505096435546875
0.5390625,0.6411503383091525,0.5053756713867188
0.5546875,0.6412073771158854,0.5051992797851561
0.5703125,0.641098385765439,0.505096435546875
0.5859375,0.6411074683779762,0.5054782104492187
0.6015625,0.6411917550223214,0.5052874755859377
0.6171875,0.6410460699172247,0.505184326171875
0.6328125,0.6410453433082217,0.50481689453125
0.6484375,0.6411815824962798,0.5052874755859377
0.6640625,0.6411027454194569,0.505257873535156
0.6796875,0.6410460699172247,0.5049789428710938
0.6953125,0.6410344441731771,0.5049639892578125
0.7109375,0.6410417102632069,0.5054782104492187
0.7265625,0.6411456153506324,0.505257873535156
0.7421875,0.6411350795200893,0.5050521850585937
0.7578125,0.6410289946056548,0.5054342651367187
0.7734375,0.6410489763532367,0.5056256103515625
0.7890625,0.6410268147786452,0.505096435546875
0.8046875,0.6411855788457961,0.5051403808593748
0.8203125,0.6410442533947166,0.505257873535156
0.8359375,0.6411532447451643,0.505802001953125
0.8515625,0.6412317185174858,0.505419921875
0.8671875,0.6410700480143229,0.505257873535156
0.8828125,0.641099112374442,0.505257873535156
0.8984375,0.6412418910435261,0.5053460693359376
0.9140625,0.6412251790364584,0.5054638671875
0.9296875,0.6412051972888765,0.5051254272460938
0.9453125,0.6411616007486979,0.5051254272460938
0.9609375,0.6411721365792404,0.5051553344726563
0.9765625,0.6412404378255215,0.5055963134765625
0.9921875,0.6412466140020461,0.505184326171875
1.0078125,0.6412302652994785,0.5056256103515625
1.0234375,0.6412469773065477,0.5053900146484375
1.0390625,0.6412684122721354,0.5055963134765625
1.0546875,0.6412364414760044,0.505845947265625
1.0703125,0.6411786760602679,0.5051992797851561
1.0859375,0.641465323311942,0.5060955810546875
1.1015625,0.6418162754603794,0.5055813598632812
1.1171875,0.64208984375,0.5060516357421875
1.1328125,0.6423067365373883,0.505875244140625
1.1484375,0.6450184413364956,0.5056988525390623
1.1640625,0.6523975190662202,0.50612548828125
1.1796875,0.6552392868768594,0.5058309936523439
1.1953125,0.6521435692196801,0.5059048461914064
1.2109375,0.6506518409365699,0.5060812377929688
1.2265625,0.6538489205496651,0.5060955810546875
1.2421875,0.6586979457310261,0.50622802734375
1.2578125,0.6499848138718378,0.5068161010742187
1.2734375,0.6474474952334449,0.5068161010742187
1.2890625,0.6469959077380952,0.5070513916015625
1.3046875,0.6527161371140253,0.5079919433593748
1.3203125,0.6531419299897694,0.5079333496093749
1.3359375,0.654036385672433,0.50909423828125
1.3515625,0.6586641584123883,0.5091241455078125
1.3671875,0.654921395438058,0.509373779296875
1.3828125,0.6596915835425967,0.5098297119140623
1.3984375,0.6594314575195312,0.5105352783203123
1.4140625,0.6656214396158854,0.5107998657226562
1.4296875,0.6641278948102679,0.5114315795898438
1.4453125,0.6610670543852306,0.5115786743164064
1.4609375,0.6628192719959071,0.5124456787109376
1.4765625,0.6622888474237358,0.5129605102539062
1.4921875,0.6652886526925224,0.51459228515625
1.5078125,0.6670296078636533,0.5152536010742188
1.5234375,0.6608327229817715,0.5172525024414064
1.5390625,0.6622714088076643,0.51751708984375
1.5546875,0.6577199300130215,0.5182815551757812
1.5703125,0.6606863112676711,0.5194573974609377
1.5859375,0.6580574398949033,0.52038330078125
1.6015625,0.6598256429036452,0.521015625
1.6171875,0.6595044817243311,0.521368408203125
1.6328125,0.6573795136951265,0.5221328735351561
1.6484375,0.6539724440801711,0.522852783203125
1.6640625,0.6582140241350454,0.523455810546875
1.6796875,0.6566031319754464,0.5238967895507812
1.6953125,0.6563582647414428,0.524822998046875
1.7109375,0.6559520903087798,0.525631103515625
1.7265625,0.6556196666899181,0.5261459350585938
1.7421875,0.6529980614071801,0.5273507690429687
1.7578125,0.6526816231863832,0.5279537963867188
1.7734375,0.6511517479306176,0.5285565185546875
1.7890625,0.6520988827659977,0.5293060302734375
1.8046875,0.6479790097191214,0.53023193359375
1.8203125,0.6506845383417039,0.530966796875
1.8359375,0.6499662853422619,0.5320550537109376
1.8515625,0.6474929082961309,0.5324221801757812
1.8671875,0.6466307867140997,0.5328927612304688
1.8828125,0.6462638491675967,0.5332305908203123
1.8984375,0.6466776529947916,0.5339361572265625
1.9140625,0.6462155296688988,0.534803466796875
1.9296875,0.6447339739118311,0.535479736328125
1.9453125,0.6432600475492931,0.5362734985351562
1.9609375,0.6421719505673357,0.53646484375
1.9765625,0.6419619605654762,0.53727294921875
1.9921875,0.6419270833333334,0.5378759765625
2.0078125,0.6419470650809151,0.538302001953125
2.0234375,0.641892569405692,0.538963623046875
2.0390625,0.6418707711356026,0.5388311767578124
2.0546875,0.6419328962053571,0.5391989135742188
2.0703125,0.6419198172433036,0.5391250610351561
2.0859375,0.641937255859375,0.5392721557617187
2.1015625,0.641920907156808,0.5399044799804688
2.1171875,0.6418133690243676,0.5395660400390624
2.1328125,0.6418224516369048,0.5395367431640623
2.1484375,0.6417403448195691,0.5391989135742188
2.1640625,0.6417675926571801,0.5391989135742188
2.1796875,0.6417675926571801,0.5390225219726562
2.1953125,0.6417646862211681,0.5390664672851561
2.2109375,0.6417759486607143,0.5386398315429688
2.2265625,0.6418264479864211,0.538331298828125
2.2421875,0.6417545136951265,0.5385516357421875
2.2578125,0.6417501540411086,0.538963623046875
2.2734375,0.6417643229166666,0.5382138061523439
2.2890625,0.6417348952520461,0.5378759765625
2.3046875,0.6417832147507441,0.5376696777343749
2.3203125,0.6417301722935261,0.5370523071289063
2.3359375,0.6417105538504464,0.5366262817382812
2.3515625,0.6417043776739211,0.53658203125
2.3671875,0.6417643229166666,0.5363467407226562
2.3828125,0.6417069208054309,0.5357000732421875
2.3984375,0.6416905721028646,0.5349356079101562
2.4140625,0.6416756766183036,0.5345095825195313
2.4296875,0.6416905721028646,0.5345828247070312
2.4453125,0.6416989281063988,0.53437744140625
2.4609375,0.641678219749814,0.53439208984375
2.4765625,0.6416749500093,0.5339215087890623
2.4921875,0.6417679559616809,0.5333779907226562
2.5078125,0.6416920253208706,0.5323486328125
2.5234375,0.6417912074497761,0.5318637084960938
2.5390625,0.6419612339564739,0.5318930053710937
2.5546875,0.6420222691127239,0.53164306640625
2.5703125,0.6418555123465401,0.5317755126953123
2.5859375,0.6418500627790179,0.5312313842773438
2.6015625,0.6418351672944569,0.531290283203125
2.6171875,0.6418177286783854,0.5314959716796875
2.6328125,0.6418246314639143,0.53156982421875
2.6484375,0.6418148222423735,0.5313345336914064
2.6640625,0.6417933872767857,0.530966796875
2.6796875,0.6418482462565104,0.5305258178710938
2.6953125,0.6416894821893594,0.5307464599609376
2.7109375,0.6418845767066592,0.5303204345703123
2.7265625,0.6418533325195312,0.5305557250976562
2.7421875,0.6419710431780133,0.5303643798828125
2.7578125,0.6418289911179309,0.5303204345703123
2.7734375,0.6418246314639143,0.5306439208984375
2.7890625,0.6417726789202008,0.5303643798828125
2.8046875,0.6418540591285342,0.5303204345703123
2.8203125,0.6418358939034599,0.53023193359375
2.8359375,0.6417984735398072,0.529864501953125
2.8515625,0.6419176374162954,0.52951171875
2.8671875,0.6418874831426711,0.5301290893554688
2.8828125,0.6417152768089658,0.5296588134765625
2.8984375,0.6418260846819189,0.529482421875
2.9140625,0.6418409801664806,0.5295413208007812
2.9296875,0.6418417067754836,0.5295706176757813
2.9453125,0.641859872000558,0.5293060302734375
2.9609375,0.6419419788178944,0.5286297607421875
2.9765625,0.6419743129185261,0.528468017578125
2.9921875,0.6419895717075893,0.528380126953125
3.0078125,0.6421839396158854,0.528380126953125
3.0234375,0.6422235398065477,0.5284091186523439
3.0390625,0.6427757626488095,0.5293499755859377
3.0546875,0.6439241681780133,0.5293792724609376
3.0703125,0.6444157191685261,0.5289532470703123
3.0859375,0.6474296933128714,0.5289093017578125
3.1015625,0.6492498488653273,0.5290856933593748
3.1171875,0.6568614414760044,0.5290414428710938
3.1328125,0.6558547247023809,0.52951171875
3.1484375,0.6585540771484382,0.5300555419921875
3.1640625,0.6687810988653273,0.5303204345703123
3.1796875,0.6680857340494785,0.53023193359375
3.1953125,0.6762895129975819,0.5309817504882812
3.2109375,0.6671135312034977,0.5308346557617187
3.2265625,0.6770455496651786,0.53156982421875
3.2421875,0.6721689133417039,0.5320401000976562
3.2578125,0.6744268508184523,0.5328338623046875
3.2734375,0.6738637288411452,0.5336276245117187
3.2890625,0.6657366071428571,0.5338189697265625
3.3046875,0.6615727742513021,0.5349798583984375
3.3203125,0.6693860008603051,0.5356710815429687
3.3359375,0.6719069707961309,0.5356268310546874
3.3515625,0.6707571120489211,0.5363027954101561
3.3671875,0.6728519258045015,0.5367733764648438
3.3828125,0.6737699962797619,0.5374200439453124
3.3984375,0.6650434221540179,0.5380523681640623
3.4140625,0.6678168887183786,0.5384344482421874
3.4296875,0.6638238089425224,0.5391989135742188
3.4453125,0.6705053420293906,0.5402572631835938
3.4609375,0.6697017124720975,0.5405657958984375
3.4765625,0.6694822765532,0.5407864379882813
3.4921875,0.6698230561755952,0.5411831665039063
3.5078125,0.6653518676757812,0.5416827392578125
3.5234375,0.6654764811197916,0.5425204467773439
3.5390625,0.6595244634719122,0.54285888671875
3.5546875,0.6628101893833706,0.54293212890625
3.5703125,0.658494131905692,0.5433584594726563
3.5859375,0.6509308587937128,0.5439614868164064
3.6015625,0.6539608183361235,0.5439614868164064
3.6171875,0.6501188732328869,0.5444168090820313
3.6328125,0.6593678792317715,0.5449755859375
3.6484375,0.6590528942289806,0.5449017333984375
3.6640625,0.6577522641136533,0.5451373291015625
3.6796875,0.6491869971865699,0.5451080322265625
3.6953125,0.6498830886114211,0.5451080322265625
3.7109375,0.6490790957496286,0.5456222534179688
3.7265625,0.6472632998511905,0.5460043334960938
3.7421875,0.646439688546317,0.5462246704101561
3.7578125,0.6473893665132069,0.5465774536132812
3.7734375,0.6454769316173735,0.546798095703125
3.7890625,0.6451459612165179,0.5463427734375
3.8046875,0.6437058221726191,0.546724853515625
3.8203125,0.6425690423874628,0.5469012451171875
3.8359375,0.6420869373139881,0.54716552734375
3.8515625,0.6419136410667783,0.5477096557617187
3.8671875,0.6420317150297619,0.5487823486328125
3.8828125,0.6419405255998883,0.5489886474609377
3.8984375,0.6419121878487724,0.5496060180664064
3.9140625,0.6419630504789806,0.5500320434570313
3.9296875,0.6419092814127604,0.5504141235351561
3.9453125,0.6420077369326643,0.5503997802734375
3.9609375,0.6418932960146949,0.5499588012695312
3.9765625,0.6419081914992559,0.5505612182617188
3.9921875,0.6418922061011905,0.5505319213867188
4.0078125,0.6418914794921882,0.5508258056640624
4.0234375,0.6418994721912202,0.5504730224609377
4.0390625,0.6419259934198289,0.5504290771484375
4.0546875,0.6418507893880215,0.5503997802734375
4.0703125,0.6418860299246651,0.5500909423828125
4.0859375,0.64173598516555,0.5498849487304688
4.1015625,0.6418326241629464,0.5497235107421875
4.1171875,0.6418976556687128,0.549517822265625
4.1328125,0.6417879377092633,0.5491943359375
4.1484375,0.6417545136951265,0.5490618896484375
4.1640625,0.6417134602864584,0.5487680053710937
4.1796875,0.6416811261858258,0.5484002685546875
4.1953125,0.6416640508742559,0.5478564453125
4.2109375,0.6418700445265997,0.54787109375
4.2265625,0.6418707711356026,0.5472830200195312
4.2421875,0.6417476109095975,0.5464309692382813
4.2578125,0.6418417067754836,0.5464309692382813
4.2734375,0.6417530604771206,0.546812744140625
4.2890625,0.6418616885230655,0.5466656494140624
4.3046875,0.6418064662388393,0.5462396240234375
4.3203125,0.6418140956333706,0.5460192871093749
4.3359375,0.6418249947684151,0.5458718872070313
4.3515625,0.6418409801664806,0.5456222534179688
4.3671875,0.6418050130208334,0.5451663208007812
4.3828125,0.6418231782459071,0.5446670532226563
4.3984375,0.6418340773809523,0.544696044921875
4.4140625,0.6416280837286086,0.5446670532226563
4.4296875,0.641709463936942,0.5441229248046875
4.4453125,0.6417617797851562,0.5437551879882813
4.4609375,0.6418097359793526,0.5433142089843749
4.4765625,0.6418133690243676,0.5433142089843749
4.4921875,0.6416956583658854,0.5431820678710938
4.5078125,0.6418079194568452,0.5427557373046875
4.5234375,0.6417770385742188,0.542579345703125
4.5390625,0.6417744954427084,0.5423297119140623
4.5546875,0.6417886643182664,0.5416534423828125
4.5703125,0.6417962937127977,0.54152099609375
4.5859375,0.6418046497163319,0.5412567138671875
4.6015625,0.6417051042829242,0.5412567138671875
4.6171875,0.6417835780552456,0.5406539916992188
4.6328125,0.6417643229166666,0.5409771728515625
4.6484375,0.6417864844912574,0.54013916015625
4.6640625,0.6417312622070312,0.5399484252929687
4.6796875,0.6416854858398438,0.5399484252929687
4.6953125,0.6417316255115334,0.5392721557617187
4.7109375,0.6417646862211681,0.5391400146484375
4.7265625,0.6416883922758556,0.5390225219726562
4.7421875,0.6417181832449776,0.5384490966796875
4.7578125,0.6417526971726191,0.53868408203125
4.7734375,0.6417632330031622,0.5383901977539063
4.7890625,0.6417661394391742,0.5379641723632812
4.8046875,0.6417170933314739,0.5381988525390624
4.8203125,0.6418199085053944,0.5378903198242188
4.8359375,0.6417370750790551,0.5374050903320312
4.8515625,0.6417229062034977,0.5374349975585937
4.8671875,0.6417701357886905,0.5374050903320312
4.8828125,0.6417229062034977,0.5373025512695313
4.8984375,0.6417817615327381,0.5370379638671875
4.9140625,0.6417283557710194,0.536861572265625
4.9296875,0.6417149135044643,0.5365231323242188
4.9453125,0.6418024698893229,0.5360678100585937
4.9609375,0.6417247227260044,0.5360678100585937
4.9765625,0.6417138235909599,0.5355386352539062
4.9921875,0.6417417980375737,0.5352883911132813
5.0078125,0.6418482462565104,0.5356411743164063
5.0234375,0.6417824881417404,0.5348623657226562
5.0390625,0.6418417067754836,0.5347592163085938
5.0546875,0.6417018345424107,0.5347891235351561
5.0703125,0.6417021978469122,0.53446533203125
5.0859375,0.6416724068777901,0.5345388793945313
5.1015625,0.6417345319475454,0.533995361328125
5.1171875,0.6417047409784227,0.53446533203125
5.1328125,0.6417726789202008,0.5344802856445312
5.1484375,0.6417261759440104,0.5337890625
5.1640625,0.6417654128301711,0.5335687255859376
5.1796875,0.6416771298363095,0.5330984497070312
5.1953125,0.6417199997674858,0.531981201171875
5.2109375,0.6416251772925967,0.5324810791015625
5.2265625,0.6416967482793906,0.5325985717773439
5.2421875,0.6416811261858258,0.5325692749023438
5.2578125,0.6424346197219122,0.5321575927734375
5.2734375,0.6427201770600819,0.5321432495117188
5.2890625,0.643606276739212,0.5317462158203123
5.3046875,0.6453257969447544,0.5319958496093748
5.3203125,0.6461475917271206,0.53164306640625
5.3359375,0.6473621186755952,0.5318637084960938
5.3515625,0.6483219691685261,0.5318194580078125
5.3671875,0.6491255987258191,0.5318930053710937
5.3828125,0.6527346656436012,0.5314227294921875
5.3984375,0.6533424740745908,0.5317904663085937
5.4140625,0.6521998814174107,0.5317605590820312
5.4296875,0.6589282807849702,0.5321575927734375
5.4453125,0.6590939476376488,0.531981201171875
5.4609375,0.6677878243582596,0.5320401000976562
5.4765625,0.6656988234747023,0.5323046875
5.4921875,0.6584425426664806,0.532628173828125
5.5078125,0.6682586669921882,0.5325543212890623
5.5234375,0.6709275018601191,0.5335833740234375
5.5390625,0.6538402012416294,0.5343331909179687
5.5546875,0.6554249354771206,0.5346270751953124
5.5703125,0.6603626069568452,0.5349356079101562
5.5859375,0.6543288457961309,0.5355828857421875
5.6015625,0.6598837716238832,0.53590576171875
5.6171875,0.657363528297061,0.5357000732421875
5.6328125,0.65587143670945,0.5366262817382812
5.6484375,0.6590572538829985,0.5377435302734375
5.6640625,0.6672632126581094,0.5378460693359376
5.6796875,0.6658732096354166,0.5381405639648438
5.6953125,0.6590692429315477,0.5385516357421875
5.7109375,0.6585675194149926,0.5399188232421875
5.7265625,0.6600152878534227,0.5405361938476563
5.7421875,0.6528734479631689,0.5402130126953124
5.7578125,0.6529432024274546,0.5416827392578125
5.7734375,0.6566209338960194,0.5418447875976562
5.7890625,0.6535637265159977,0.5423297119140623
5.8046875,0.6523808070591525,0.5425503540039063
5.8203125,0.6519502912248883,0.5433291625976563
5.8359375,0.6504371279761905,0.5441378784179688
5.8515625,0.6511949811662954,0.5448284912109377
5.8671875,0.6490474882579985,0.5454458618164064
5.8828125,0.6478471301850819,0.54573974609375
5.8984375,0.6460088094075521,0.5463427734375
5.9140625,0.6455910092308408,0.5464599609375
5.9296875,0.6445784795851928,0.5464749145507812
5.9453125,0.6441733950660342,0.5466806030273439
5.9609375,0.6441163562593,0.5472686767578125
5.9765625,0.6445519583565849,0.54719482421875
5.9921875,0.6440992809477306,0.5476214599609377
6.0078125,0.6440415155319941,0.5478421020507812
6.0234375,0.6443394252232143,0.5477389526367188
6.0390625,0.6438224429175967,0.5477096557617187
6.0546875,0.6437861124674479,0.5480624389648437
6.0703125,0.6429054623558408,0.5484002685546875
6.0859375,0.6424473353794643,0.5483270263671876
6.1015625,0.6421686808268229,0.5490179443359376
6.1171875,0.641923086983817,0.5490768432617188
6.1328125,0.6419877551850819,0.5493997192382812
6.1484375,0.6419176374162954,0.5494439697265625
6.1640625,0.6419212704613095,0.5499588012695312
6.1796875,0.6419081914992559,0.5501351928710938
6.1953125,0.6419710431780133,0.5497525024414064
6.2109375,0.6418656848725819,0.5504879760742187
6.2265625,0.6420011974516369,0.5508551025390623
6.2421875,0.6419252668108258,0.5504437255859377
6.2578125,0.6419081914992559,0.5512374877929688
6.2734375,0.6417526971726191,0.5511196899414064
6.2890625,0.6418929327101928,0.5511196899414064
6.3046875,0.6417221795944941,0.5510171508789062
6.3203125,0.6418093726748512,0.5511053466796875
6.3359375,0.6418929327101928,0.550369873046875
6.3515625,0.6418994721912202,0.54994384765625
6.3671875,0.6417051042829242,0.5496942138671875
6.3828125,0.6418609619140618,0.5497235107421875
6.3984375,0.6417301722935261,0.5491351318359377
6.4140625,0.6418642316545758,0.5490618896484375
6.4296875,0.6418631417410714,0.548856201171875
6.4453125,0.6417708623976928,0.5483712768554687
6.4609375,0.6418780372256324,0.5484295654296875
6.4765625,0.6418787638346354,0.5480474853515624
6.4921875,0.6416771298363095,0.547518310546875
6.5078125,0.6416698637462798,0.54716552734375
6.5234375,0.6417461576915929,0.5472686767578125
6.5390625,0.6416371663411452,0.5467538452148437
6.5546875,0.6417646862211681,0.54638671875
6.5703125,0.6419303530738467,0.5467837524414064
6.5859375,0.641861325218564,0.546092529296875
6.6015625,0.6418366205124628,0.5462985229492188
6.6171875,0.6418475196475074,0.546416015625
6.6328125,0.6418413434709821,0.5457986450195312
6.6484375,0.6416368030366444,0.5453726196289063
6.6640625,0.6416982014973952,0.5450341796875
6.6796875,0.6418209984188988,0.5445932006835937
6.6953125,0.6418217250279025,0.5447991943359376
6.7109375,0.6418177286783854,0.5442843627929688
6.7265625,0.6416785830543155,0.54427001953125
6.7421875,0.6418097359793526,0.5436669921875
6.7578125,0.641708737327939,0.5431677246093749
6.7734375,0.6416869390578497,0.5431085205078126
6.7890625,0.6416324433826265,0.5426235961914064
6.8046875,0.6416502453032,0.5427267456054687
6.8203125,0.6416803995768229,0.542579345703125
6.8359375,0.6416535150437128,0.5423297119140623
6.8515625,0.6416894821893594,0.5420651245117187
6.8671875,0.6416778564453118,0.5419473266601561
6.8828125,0.6416687738327753,0.5413299560546875
6.8984375,0.6417494274321056,0.54155029296875
6.9140625,0.6416099185035342,0.5412567138671875
6.9296875,0.6417654128301711,0.5413156127929688
6.9453125,0.6416596912202381,0.5410653686523439
6.9609375,0.6416375296456474,0.5407125854492187
6.9765625,0.6417465209960938,0.5405657958984375
6.9921875,0.6417875744047619,0.5405068969726563
7.0078125,0.6417686825706845,0.5401248168945313
7.0234375,0.6417381649925595,0.5396249389648438
7.0390625,0.6415532430013021,0.5393014526367188
7.0546875,0.6417367117745536,0.5399188232421875
7.0703125,0.6417494274321056,0.5394927978515625
7.0859375,0.6417534237816214,0.539051513671875
7.1015625,0.6415870303199405,0.5390075683593749
7.1171875,0.6415721348353794,0.5385223388671875
7.1328125,0.6417000180199033,0.5385516357421875
7.1484375,0.6416724068777901,0.5384051513671875
7.1640625,0.6417305355980283,0.538302001953125
7.1796875,0.6416291736421131,0.5381256103515625
7.1953125,0.6423743111746651,0.5380523681640623
7.2109375,0.6439139956519717,0.5374200439453124
7.2265625,0.6442921956380215,0.5374932861328126
7.2421875,0.6487434023902523,0.53731689453125
7.2578125,0.6499321347191214,0.5375375366210937
7.2734375,0.6541224888392857,0.5374050903320312
7.2890625,0.6591150192987358,0.5364498901367187
7.3046875,0.6600846790132069,0.5369058227539063
7.3203125,0.6579677036830357,0.5360678100585937
7.3359375,0.6621068318684896,0.5357000732421875
7.3515625,0.6529610043480283,0.5361264038085938
7.3671875,0.6525199526832217,0.5354647827148438
7.3828125,0.6547422863188237,0.5350830078125
7.3984375,0.6694510323660714,0.5350094604492187
7.4140625,0.6607626052129836,0.5356121826171875
7.4296875,0.657486325218564,0.5350094604492187
7.4453125,0.6647952851795015,0.5351419067382812
7.4609375,0.6560908726283475,0.5353622436523439
7.4765625,0.6615313575381324,0.535479736328125
7.4921875,0.658340817406064,0.535406494140625
7.5078125,0.6568018595377604,0.5352593994140623
7.5234375,0.656494140625,0.5346710205078125
7.5390625,0.6621351696196056,0.5349356079101562
7.5546875,0.6585562569754464,0.5349066162109376
7.5703125,0.6584389096214658,0.5351708984375
7.5859375,0.6584995814732143,0.534744873046875
7.6015625,0.6572930472237724,0.5349655151367188
7.6171875,0.6586241949172247,0.5345245361328125
7.6328125,0.6573184785388765,0.5346710205078125
7.6484375,0.6593195597330729,0.5349356079101562
7.6640625,0.6550965082077753,0.5349066162109376
7.6796875,0.6536247616722477,0.5350094604492187
7.6953125,0.6531891595749628,0.5349066162109376
7.7109375,0.6588541666666666,0.5351419067382812
7.7265625,0.649064200265067,0.5349356079101562
7.7421875,0.6482358660016742,0.5350094604492187
7.7578125,0.6464945475260416,0.5349356079101562
7.7734375,0.6463797433035714,0.5355386352539062
7.7890625,0.6470609392438617,0.5356561279296875
7.8046875,0.6450562250046503,0.5356561279296875
7.8203125,0.644149416968936,0.5360678100585937
7.8359375,0.6430591401599702,0.5363177490234375
7.8515625,0.6421269008091525,0.5365380859375
7.8671875,0.642045157296317,0.53719970703125
7.8828125,0.6419081914992559,0.5377578735351561
7.8984375,0.6419343494233631,0.538302001953125
7.9140625,0.6419390723818824,0.5379052734375
7.9296875,0.6419368925548735,0.53861083984375
7.9453125,0.6419793991815477,0.5393896484375
7.9609375,0.6419586908249628,0.5395660400390624
7.9765625,0.6419754028320312,0.5395660400390624
7.9921875,0.6418148222423735,0.540418701171875
8.0078125,0.6418351672944569,0.5405361938476563
8.0234375,0.6419579642159599,0.5406100463867187
8.0390625,0.6420019240606406,0.5406832885742188
8.0546875,0.6418998354957217,0.5401248168945313
8.0703125,0.6418943859282,0.540771484375
8.0859375,0.641861325218564,0.5406100463867187
8.1015625,0.6417632330031622,0.5408447265625
8.1171875,0.6418130057198668,0.5403747558593749
8.1328125,0.6417701357886905,0.5408447265625
8.1484375,0.6417734055292039,0.5405361938476563
8.1640625,0.6417625063941592,0.5404776000976562
8.1796875,0.6417864844912574,0.5398602294921875
8.1953125,0.6417345319475454,0.54010986328125
8.2109375,0.6417417980375737,0.5399188232421875
8.2265625,0.6416102818080357,0.5394927978515625
8.2421875,0.6417570568266369,0.5395660400390624
8.2578125,0.6417403448195691,0.5388018798828125
8.2734375,0.6417646862211681,0.5388018798828125
8.2890625,0.6417221795944941,0.5384933471679687
8.3046875,0.6417316255115334,0.537978515625
8.3203125,0.6416996547154025,0.5381256103515625
8.3359375,0.6417083740234382,0.5374932861328126
8.3515625,0.6417178199404762,0.5373025512695313
8.3671875,0.6417214529854904,0.5373025512695313
8.3828125,0.6417214529854904,0.5368319702148437
8.3984375,0.6416894821893594,0.5370083618164064
8.4140625,0.6416033790225074,0.536611328125
8.4296875,0.64171128045945,0.5365969848632812
8.4453125,0.6417105538504464,0.5362442016601561
8.4609375,0.6417595999581474,0.5362884521484375
8.4765625,0.641799563453311,0.5360678100585937
8.4921875,0.6416716802687872,0.5358914184570313
8.5078125,0.6416971115838914,0.5360382080078125
8.5234375,0.6417029244559151,0.535523681640625
8.5390625,0.6417766752697166,0.5351119995117187
8.5546875,0.6416894821893594,0.5349356079101562
8.5703125,0.6416865757533475,0.5351419067382812
8.5859375,0.6417432512555811,0.5352151489257813
8.6015625,0.6418544224330357,0.5350830078125
8.6171875,0.6417065575009301,0.5350094604492187
8.6328125,0.6418442499069941,0.5350680541992188
8.6484375,0.6417352585565477,0.5347009277343748
8.6640625,0.641768319266183,0.5342010498046875
8.6796875,0.6416753133138021,0.534024658203125
8.6953125,0.6416665940057664,0.5344802856445312
8.7109375,0.6416687738327753,0.5338189697265625
8.7265625,0.6418017432803199,0.5339654541015625
8.7421875,0.6417294456845238,0.5332748413085937
8.7578125,0.6417229062034977,0.5335983276367188
8.7734375,0.6416916620163691,0.5337158203125
8.7890625,0.6416865757533475,0.5332015991210938
8.8046875,0.6416716802687872,0.5335244750976562
8.8203125,0.6416836693173357,0.5330984497070312
8.8359375,0.6417414347330729,0.5327749633789063
8.8515625,0.6418111891973586,0.5327163696289062
8.8671875,0.6416538783482143,0.5325692749023438
8.8828125,0.6417334420340401,0.53293701171875
8.8984375,0.6416749500093,0.5325985717773439
8.9140625,0.6417054675874263,0.532730712890625
8.9296875,0.6416716802687872,0.5325692749023438
8.9453125,0.6416516985212046,0.5322314453125
8.9609375,0.6416749500093,0.5324371337890623
8.9765625,0.6416705903552834,0.531922607421875
8.9921875,0.6418061029343378,0.5324960327148438
9.0078125,0.6416684105282738,0.5323046875
9.0234375,0.6416695004417783,0.5319958496093748
9.0390625,0.6416898454938617,0.5322607421875
9.0546875,0.6416651407877604,0.532113342285156
9.0703125,0.6416629609607515,0.5317022705078125
9.0859375,0.6416567847842262,0.5318194580078125
9.1015625,0.6417011079334071,0.5319668579101561
9.1171875,0.6416604178292404,0.531922607421875
9.1328125,0.6416208176385789,0.5317315673828125
9.1484375,0.6416389828636533,0.53162841796875
9.1640625,0.6417944771902901,0.53162841796875
9.1796875,0.6444814772832961,0.53156982421875
9.1953125,0.6505043393089658,0.53164306640625
9.2109375,0.6575629824683786,0.5314376831054688
9.2265625,0.654348464239212,0.5309375
9.2421875,0.6532996041434151,0.5310699462890623
9.2578125,0.6563611711774546,0.5309524536132812
9.2734375,0.6542703537713914,0.5308935546875
9.2890625,0.6565326509021571,0.53156982421875
9.3046875,0.6599237351190477,0.5308203125
9.3203125,0.6613896687825521,0.5308346557617187
9.3359375,0.6517232259114584,0.5303350830078125
9.3515625,0.6560014997209821,0.5306732177734375
9.3671875,0.6586746942429309,0.5305557250976562
9.3828125,0.6518798101515997,0.53015869140625
9.3984375,0.6583865937732515,0.5305557250976562
9.4140625,0.6548752557663691,0.5303350830078125
9.4296875,0.6513962518601191,0.5309375
9.4453125,0.6473911830357143,0.5306732177734375
9.4609375,0.6500858125232515,0.5310992431640623
9.4765625,0.6508538382393974,0.530966796875
9.4921875,0.6529159545898438,0.5306439208984375
9.5078125,0.656692141578311,0.531319580078125
9.5234375,0.6515386672247023,0.5308346557617187
9.5390625,0.6562616257440477,0.530966796875
9.5546875,0.6552970522925967,0.5310549926757813
9.5703125,0.6518409365699405,0.5306439208984375
9.5859375,0.6507219587053571,0.5306878662109377
9.6015625,0.6510921659923735,0.5307904052734375
9.6171875,0.6530950637090773,0.5309967041015625
9.6328125,0.6546972365606406,0.5309375
9.6484375,0.650619870140439,0.5303204345703123
9.6640625,0.6529352097284227,0.5308203125
9.6796875,0.6560091291155133,0.531217041015625
9.6953125,0.6528669084821429,0.5314959716796875
9.7109375,0.6518013363792783,0.530966796875
9.7265625,0.6504462105887276,0.5308346557617187
9.7421875,0.6545599074590773,0.53167236328125
9.7578125,0.65374755859375,0.5313638305664063
9.7734375,0.653451828729538,0.53164306640625
9.7890625,0.647355215890067,0.5315841674804688
9.8046875,0.6467601231166294,0.5317605590820312
9.8203125,0.6451583135695691,0.5320401000976562
9.8359375,0.6455045427594867,0.5319958496093748
9.8515625,0.6445254371279762,0.53155517578125
9.8671875,0.6426831200009301,0.5324810791015625
9.8828125,0.6434507824125737,0.5325250244140624
9.8984375,0.6429178147088914,0.532333984375
9.9140625,0.6431892031715023,0.5327606201171875
9.9296875,0.6427110944475454,0.5325985717773439
9.9453125,0.6422998337518594,0.53298095703125
9.9609375,0.6421058291480655,0.5332455444335937
9.9765625,0.6419212704613095,0.534097900390625
9.9921875,0.6419979277111235,0.533995361328125
10.0078125,0.6418791271391369,0.533995361328125
10.0234375,0.6418576921735492,0.53437744140625
10.0390625,0.6418914794921882,0.5348181152343748
10.0546875,0.64178466796875,0.5347302246093748
10.0703125,0.641801016671317,0.5348330688476562
10.0859375,0.6418093726748512,0.5350680541992188
10.1015625,0.6416989281063988,0.5348330688476562
10.1171875,0.6417316255115334,0.5352151489257813
10.1328125,0.6418260846819189,0.5355386352539062
10.1484375,0.6418595086960572,0.5352883911132813
10.1640625,0.6417348952520461,0.5349798583984375
10.1796875,0.6417476109095975,0.5350830078125
10.1953125,0.6417421613420758,0.5348474121093748
10.2109375,0.6418417067754836,0.5345388793945313
10.2265625,0.6417661394391742,0.5346127319335937
10.2421875,0.6416640508742559,0.5348181152343748
10.2578125,0.6417029244559151,0.5345977783203124
10.2734375,0.6416996547154025,0.5339654541015625
10.2890625,0.6416902087983631,0.5338333129882813
10.3046875,0.6416415259951643,0.5336865234375
10.3203125,0.6416607811337426,0.5340835571289062
10.3359375,0.6416669573102679,0.5342449951171875
10.3515625,0.6416019258045015,0.5338482666015625
10.3671875,0.6416636875697544,0.5332748413085937
10.3828125,0.6416553315662202,0.5332015991210938
10.3984375,0.6414863949730283,0.5337008666992188
10.4140625,0.6416684105282738,0.5333480834960938
10.4296875,0.6416382562546503,0.5332455444335937
10.4453125,0.6415870303199405,0.5328189086914064
10.4609375,0.6415092831566214,0.53296630859375
10.4765625,0.6415968395414806,0.5321871948242187
10.4921875,0.6415318080357143,0.5327749633789063
10.5078125,0.6414805821010044,0.5323779296875
10.5234375,0.6414675031389508,0.5324810791015625
10.5390625,0.641585940406436,0.5328488159179687
10.5546875,0.6414529709588914,0.5323046875
10.5703125,0.6415870303199405,0.5321432495117188
10.5859375,0.641463870093936,0.5318048095703124
10.6015625,0.641494387672061,0.5321575927734375
10.6171875,0.641531081426712,0.5314227294921875
10.6328125,0.6414031982421882,0.5322897338867187
10.6484375,0.6414304460797992,0.5323046875
10.6640625,0.641409011114212,0.5319668579101561
10.6796875,0.6413904825846354,0.5319958496093748
10.6953125,0.6414159138997396,0.5319369506835937
10.7109375,0.6413966587611607,0.5319369506835937
10.7265625,0.6414925711495536,0.5314376831054688
10.7421875,0.6414707728794643,0.5317022705078125
10.7578125,0.6413933890206474,0.531217041015625
10.7734375,0.6413861229306176,0.5310992431640623
10.7890625,0.6413948422386533,0.531319580078125
10.8046875,0.6414057413736979,0.5308203125
10.8203125,0.64136977422805,0.5305700683593748
10.8359375,0.6414762224469867,0.5311874389648438
10.8515625,0.6414497012183786,0.5308935546875
10.8671875,0.6413744971865699,0.5307171630859376
10.8828125,0.6413327171688988,0.530614013671875
10.8984375,0.6413414364769345,0.53023193359375
10.9140625,0.6414006551106771,0.5300555419921875
10.9296875,0.6413759504045758,0.5300408935546875
10.9453125,0.6414224533807664,0.5297177124023439
10.9609375,0.6413101922898072,0.5296438598632812
10.9765625,0.6415764944893974,0.529158935546875
10.9921875,0.6427118210565477,0.5296737670898437
11.0078125,0.6433312552315849,0.5298941040039062
11.0234375,0.647140866234189,0.5301290893554688
11.0390625,0.6510420299711681,0.5296148681640623
11.0546875,0.6593442644391742,0.5296295166015625
11.0703125,0.6606514340355283,0.529864501953125
11.0859375,0.6498213268461681,0.5296438598632812
11.1015625,0.6472404116675967,0.5296737670898437
11.1171875,0.6477352323986235,0.529791259765625
11.1328125,0.6481028965541294,0.5294674682617188
11.1484375,0.6457079932803199,0.5296438598632812
11.1640625,0.6481508527483258,0.5297177124023439
11.1796875,0.6442852928524926,0.5294091796875
11.1953125,0.6447365170433408,0.5297320556640623
11.2109375,0.6450435093470975,0.5296148681640623
11.2265625,0.6464643932524181,0.52951171875
11.2421875,0.6490983508882069,0.5303793334960938
11.2578125,0.646963210332962,0.5300408935546875
11.2734375,0.6513955252511168,0.5299234008789062
11.2890625,0.6516106015159977,0.5303204345703123
11.3046875,0.6510870797293526,0.5300704956054687
11.3203125,0.6498427618117559,0.529908447265625
11.3359375,0.650526864188058,0.5300997924804688
11.3515625,0.6567339215959821,0.5299234008789062
11.3671875,0.6504164196196056,0.5305258178710938
11.3828125,0.6475488571893594,0.5303793334960938
11.3984375,0.6491572062174479,0.5306439208984375
11.4140625,0.650313241141183,0.5307904052734375
11.4296875,0.6474493117559523,0.53159912109375
11.4453125,0.6479168846493676,0.5310699462890623
11.4609375,0.6466990879603794,0.5310992431640623
11.4765625,0.6469065348307285,0.5317755126953123
11.4921875,0.6482038952055431,0.5318637084960938
11.5078125,0.6480378650483631,0.5320401000976562
11.5234375,0.6497504824683786,0.5318194580078125
11.5390625,0.6471553984142485,0.5320693969726562
11.5546875,0.6433595929827008,0.5319668579101561
11.5703125,0.6446634928385416,0.5319958496093748
11.5859375,0.6447067260742188,0.5328488159179687
11.6015625,0.644118172781808,0.5329071044921875
11.6171875,0.6431263514927456,0.5335983276367188
11.6328125,0.6428556896391369,0.53305419921875
11.6484375,0.6422711326962426,0.533406982421875
11.6640625,0.6420731317429309,0.533436279296875
11.6796875,0.6420026506696429,0.534039306640625
11.6953125,0.6418794904436383,0.5342449951171875
11.7109375,0.6419110979352679,0.5343331909179687
11.7265625,0.6418627784365699,0.5347009277343748
11.7421875,0.6418217250279025,0.5347152709960937
11.7578125,0.6416833060128349,0.5346417236328125
11.7734375,0.6418246314639143,0.5350094604492187
11.7890625,0.6417516072591146,0.5349066162109376
11.8046875,0.64173598516555,0.5350830078125
11.8203125,0.6417813982282367,0.5351858520507813
11.8359375,0.6418540591285342,0.5353765869140623
11.8515625,0.6416680472237724,0.5350830078125
11.8671875,0.64161391485305,0.5345977783203124
11.8828125,0.6416996547154025,0.5346270751953124
11.8984375,0.6416818527948289,0.5348623657226562
11.9140625,0.6417065575009301,0.5345538330078125
11.9296875,0.6417734055292039,0.5346710205078125
11.9453125,0.6416756766183036,0.5349212646484375
11.9609375,0.6416971115838914,0.534774169921875
11.9765625,0.6416840326218378,0.53446533203125
11.9921875,0.6416582380022321,0.5340835571289062
12.0078125,0.6415532430013021,0.53439208984375
12.0234375,0.6416967482793906,0.5345095825195313
12.0390625,0.6416982014973952,0.5342010498046875
12.0546875,0.6416004725864956,0.53446533203125
12.0703125,0.6416833060128349,0.5338482666015625
12.0859375,0.641556876046317,0.5339215087890623
12.1015625,0.6416647774832596,0.5342010498046875
12.1171875,0.6416684105282738,0.5337008666992188
12.1328125,0.6415655953543526,0.5338040161132812
12.1484375,0.6416629609607515,0.533406982421875
12.1640625,0.6416745867047992,0.5336569213867187
12.1796875,0.641653151739212,0.5336276245117187
12.1953125,0.641592116582962,0.5333779907226562
12.2109375,0.6416317167736235,0.5332748413085937
12.2265625,0.6415416172572544,0.5330984497070312
12.2421875,0.6414994739350819,0.53305419921875
12.2578125,0.6416440691266742,0.53308349609375
12.2734375,0.6415841238839286,0.533319091796875
12.2890625,0.641648428780692,0.5329071044921875
12.3046875,0.6416248139880952,0.5322314453125
12.3203125,0.6416142781575521,0.5327606201171875
12.3359375,0.6416473388671882,0.5324078369140623
12.3515625,0.6415034702845975,0.5322314453125
12.3671875,0.641585940406436,0.53293701171875
12.3828125,0.6414544241768974,0.5325103759765625
12.3984375,0.6414228166852679,0.5324221801757812
12.4140625,0.6414395286923357,0.5318194580078125
12.4296875,0.6416259039015997,0.5321871948242187
12.4453125,0.6415071033296131,0.5325103759765625
12.4609375,0.6414228166852679,0.5323196411132812
12.4765625,0.6414453415643594,0.5319958496093748
12.4921875,0.6415292649042039,0.5318637084960938
12.5078125,0.64149184454055,0.53162841796875
12.5234375,0.6414602370489211,0.53162841796875
12.5390625,0.6414355323428199,0.5317462158203123
12.5546875,0.6415078299386168,0.5318048095703124
12.5703125,0.6414308093843,0.5310549926757813
12.5859375,0.6413766770135789,0.53159912109375
12.6015625,0.6413988385881689,0.531319580078125
12.6171875,0.6415190923781622,0.5310406494140624
12.6328125,0.6414794921875,0.5310992431640623
12.6484375,0.6414130074637276,0.5313052368164064
12.6640625,0.6413944789341525,0.5311581420898438
12.6796875,0.6413850330171131,0.5308935546875
12.6953125,0.6413672310965401,0.5309967041015625
12.7109375,0.6413683210100454,0.5310699462890623
12.7265625,0.6414624168759301,0.5305258178710938
12.7421875,0.6413650512695312,0.5310699462890623
12.7578125,0.6416971115838914,0.5307171630859376
12.7734375,0.6424251738048735,0.5305557250976562
12.7890625,0.6428822108677456,0.5305996704101561
12.8046875,0.6447361537388393,0.5304818725585938
12.8203125,0.642777579171317,0.5305700683593748
12.8359375,0.647841317313058,0.5306439208984375
12.8515625,0.6535048711867559,0.5310260009765625
12.8671875,0.6582888648623512,0.5310992431640623
12.8828125,0.6616530645461309,0.5306732177734375
12.8984375,0.6586249215262276,0.5312313842773438
12.9140625,0.6521809895833334,0.5304818725585938
12.9296875,0.6519568307059151,0.5308203125
12.9453125,0.6507212320963548,0.530496826171875
12.9609375,0.6569032214936763,0.5307904052734375
12.9765625,0.6586979457310261,0.5309967041015625
12.9921875,0.6573152087983631,0.530966796875
13.0078125,0.6577373686290929,0.530966796875
13.0234375,0.6619244530087426,0.5307321166992187
13.0390625,0.6596341814313617,0.5311431884765625
13.0546875,0.6557010468982515,0.531319580078125
13.0703125,0.6614325387137276,0.53164306640625
13.0859375,0.6497628348214286,0.5311431884765625
13.1015625,0.6605954851422992,0.5319958496093748
13.1171875,0.6610092889694941,0.53164306640625
13.1328125,0.6647273472377239,0.5318637084960938
13.1484375,0.6617424374534977,0.5321575927734375
13.1640625,0.6542376563662574,0.5327456665039062
13.1796875,0.6528145926339286,0.5323486328125
13.1953125,0.6564865112304688,0.5325399780273439
13.2109375,0.6543858846028646,0.53293701171875
13.2265625,0.6605471656436012,0.533319091796875
13.2421875,0.6629318963913691,0.533406982421875
13.2578125,0.6570594424293155,0.5337890625
13.2734375,0.6560316539946056,0.5342156982421875
13.2890625,0.6506536574590773,0.533995361328125
13.3046875,0.6510598318917404,0.5341717529296875
13.3203125,0.6497501191638765,0.5346270751953124
13.3359375,0.6500770932152158,0.5349356079101562
13.3515625,0.6505079723539806,0.5350387573242188
13.3671875,0.6479993547712046,0.5350830078125
13.3828125,0.6467833746047247,0.5349798583984375
13.3984375,0.6458605811709449,0.5358175659179687
13.4140625,0.6437279837472099,0.5360678100585937
13.4296875,0.6422976539248512,0.5365969848632812
13.4453125,0.643660409109933,0.5360678100585937
13.4609375,0.6419419788178944,0.536611328125
13.4765625,0.6429639543805811,0.5366555786132813
13.4921875,0.6425483340308786,0.5374349975585937
13.5078125,0.6430616832914806,0.5369497680664064
13.5234375,0.6425879342215401,0.5373468017578125
13.5390625,0.6432912917364211,0.5376846313476562
13.5546875,0.6423256283714658,0.5376696777343749
13.5703125,0.642623538062686,0.5376696777343749
13.5859375,0.6424920218331474,0.5381405639648438
13.6015625,0.6423321678524926,0.5381845092773438
13.6171875,0.6420833042689739,0.5387136840820312
13.6328125,0.6418991088867188,0.5388018798828125
13.6484375,0.6419180007207961,0.5398455810546875
13.6640625,0.6419397989908854,0.5391989135742188
13.6796875,0.6419198172433036,0.5391989135742188
13.6953125,0.6419056483677456,0.5398602294921875
13.7109375,0.6419020153227306,0.54003662109375
13.7265625,0.6419187273297992,0.5399484252929687
13.7421875,0.6418246314639143,0.5400070190429688
13.7578125,0.6418544224330357,0.5404626464843748
13.7734375,0.6418431599934896,0.5406539916992188
13.7890625,0.6418562389555431,0.5411392211914063
13.8046875,0.6419023786272321,0.5406100463867187
13.8203125,0.6418275378999263,0.5406539916992188
13.8359375,0.6418100992838548,0.5408889770507812
13.8515625,0.6417668660481771,0.5407864379882813
13.8671875,0.6417730422247023,0.5405361938476563
13.8828125,0.6415950230189739,0.5401541137695313
13.8984375,0.64178466796875,0.5402862548828125
13.9140625,0.6417763119652158,0.5402862548828125
13.9296875,0.6417585100446429,0.54013916015625
13.9453125,0.6416600545247396,0.5403155517578125
13.9609375,0.6417585100446429,0.5401248168945313
13.9765625,0.6417628696986607,0.5393896484375
13.9921875,0.6416920253208706,0.539669189453125
14.0078125,0.6415819440569189,0.539713134765625
14.0234375,0.6415826706659227,0.539713134765625
14.0390625,0.6415826706659227,0.5390664672851561
14.0546875,0.641733078729538,0.5381695556640623
14.0703125,0.6416734967912954,0.538331298828125
14.0859375,0.6417298089890253,0.5378759765625
14.1015625,0.6416655040922619,0.5378759765625
14.1171875,0.6417120070684523,0.5378167724609376
14.1328125,0.6417003813244048,0.5376553344726562
14.1484375,0.6417196364629836,0.5375231933593748
14.1640625,0.6415358043852306,0.53717041015625
14.1796875,0.6416873023623512,0.53727294921875
14.1953125,0.6417138235909599,0.536861572265625
14.2109375,0.6415372576032367,0.5366851806640623
14.2265625,0.6417160034179688,0.5365969848632812
14.2421875,0.6415543329148072,0.5366995239257812
14.2578125,0.6415699550083706,0.5365231323242188
14.2734375,0.6416738600957961,0.5363467407226562
14.2890625,0.6415576026553199,0.5363177490234375
14.3046875,0.641585940406436,0.5360678100585937
14.3203125,0.6416502453032,0.53590576171875
14.3359375,0.6415583292643229,0.5356411743164063
14.3515625,0.6416506086077008,0.5360678100585937
14.3671875,0.641493661063058,0.5360678100585937
14.3828125,0.6416284470331094,0.5356411743164063
14.3984375,0.6415583292643229,0.5357000732421875
14.4140625,0.6415837605794271,0.5355828857421875
14.4296875,0.641653151739212,0.5354647827148438
14.4453125,0.64146713983445,0.5352883911132813
14.4609375,0.6414820353190104,0.5356411743164063
14.4765625,0.6414871215820312,0.5349798583984375
14.4921875,0.6414271763392857,0.5347009277343748
14.5078125,0.6415870303199405,0.5346270751953124
14.5234375,0.6415358043852306,0.5349945068359376
14.5390625,0.6414776756649926,0.5342449951171875
14.5546875,0.6414809454055059,0.5348623657226562
14.5703125,0.6416713169642857,0.5346270751953124
14.5859375,0.6417134602864584,0.5342449951171875
14.6015625,0.6420858474004836,0.5337890625
14.6171875,0.6431819370814739,0.534039306640625
14.6328125,0.642683846609933,0.5335101318359377
14.6484375,0.6458783830915179,0.5335394287109376
14.6640625,0.6524458385649181,0.5343331909179687
14.6796875,0.6597231910342262,0.5338482666015625
14.6953125,0.6661195300874263,0.533995361328125
14.7109375,0.6674165271577381,0.5335833740234375
14.7265625,0.6561562674386168,0.5338189697265625
14.7421875,0.6541882469540551,0.5343182373046875
14.7578125,0.6542594546363467,0.5337747192382812
14.7734375,0.6509424845377604,0.534024658203125
14.7890625,0.6549766177222842,0.5337890625
14.8046875,0.6560458228701643,0.534039306640625
14.8203125,0.6619625999813988,0.534039306640625
14.8359375,0.6633438836960572,0.5340835571289062
14.8515625,0.6625562395368311,0.5348330688476562
14.8671875,0.6551448277064739,0.5346710205078125
14.8828125,0.6604806809198289,0.5352444458007812
14.8984375,0.6651222592308408,0.5355386352539062
14.9140625,0.6619814918154762,0.5356561279296875
14.9296875,0.6573380969819569,0.5357000732421875
14.9453125,0.6588341849190849,0.5362002563476562
14.9609375,0.6644861130487358,0.5365231323242188
14.9765625,0.6587182907831094,0.5373760986328125
14.9921875,0.6571753365652901,0.5376696777343749
15.0078125,0.6566111246744785,0.5378903198242188
15.0234375,0.6538609095982143,0.537596435546875
15.0390625,0.6534689040411086,0.5381256103515625
15.0546875,0.6577370053245908,0.5391400146484375
15.0703125,0.6465025402250737,0.5389782714843748
15.0859375,0.6472785586402523,0.539713134765625
15.1015625,0.6478798275902158,0.54009521484375
15.1171875,0.6454206194196429,0.5406683349609377
15.1328125,0.643874032156808,0.541006774902344
15.1484375,0.6431859334309896,0.5418298339843749
15.1640625,0.642012459891183,0.5420501708984375
15.1796875,0.6420266287667404,0.5420651245117187
15.1953125,0.6420266287667404,0.5418298339843749
15.2109375,0.6419129144577753,0.5424029541015625
15.2265625,0.6418540591285342,0.5424029541015625
15.2421875,0.6418896629696801,0.54293212890625
15.2578125,0.6419009254092262,0.5424472045898437
15.2734375,0.6418576921735492,0.54281494140625
15.2890625,0.6417959304082961,0.5429470825195313
15.3046875,0.6417298089890253,0.5434762573242188
15.3203125,0.6418126424153646,0.5434762573242188
15.3359375,0.6417734055292039,0.5434613037109376
15.3515625,0.6417516072591146,0.5433291625976563
15.3671875,0.6416829427083334,0.5434762573242188
15.3828125,0.6416916620163691,0.5433291625976563
15.3984375,0.6416081019810261,0.5432849121093749
15.4140625,0.6416600545247396,0.54288818359375
15.4296875,0.6415583292643229,0.5427267456054687
15.4453125,0.6415626889183408,0.543240966796875
15.4609375,0.6416451590401786,0.5431677246093749
15.4765625,0.6416440691266742,0.5425503540039063
15.4921875,0.6415674118768594,0.5424029541015625
15.5078125,0.6416651407877604,0.5430056762695312
15.5234375,0.6417450677780878,0.5423297119140623
15.5390625,0.6415608723958334,0.5419769287109376
15.5546875,0.6415517897832961,0.5418005371093748
15.5703125,0.6415354410807285,0.5418005371093748
15.5859375,0.6415278116861979,0.54155029296875
15.6015625,0.6416524251302084,0.5412713623046875
15.6171875,0.6415343511672247,0.5414920043945313
15.6328125,0.6415445236932664,0.5412713623046875
15.6484375,0.6415201822916666,0.5408596801757812
15.6640625,0.6416248139880952,0.5409771728515625
15.6796875,0.6415372576032367,0.5401541137695313
15.6953125,0.64161391485305,0.5405361938476563
15.7109375,0.6416055588495164,0.5398013305664064
15.7265625,0.6416266305106026,0.54010986328125
15.7421875,0.6414820353190104,0.5405068969726563
15.7578125,0.6415052868071056,0.5398455810546875
15.7734375,0.6415274483816964,0.5394778442382813
15.7890625,0.6415009271530878,0.54009521484375
15.8046875,0.6415706816173735,0.54003662109375
15.8203125,0.6415020170665929,0.539713134765625
15.8359375,0.6414580572219122,0.5391989135742188
15.8515625,0.6415074666341146,0.5390075683593749
15.8671875,0.6415078299386168,0.5391546630859376
15.8828125,0.6415034702845975,0.5388311767578124
15.8984375,0.6414878481910342,0.53858154296875
15.9140625,0.6414878481910342,0.5383609008789062
15.9296875,0.6415201822916666,0.5389926147460937
15.9453125,0.6415823073614211,0.5381845092773438
15.9609375,0.6414820353190104,0.5382431030273439
15.9765625,0.6414827619280133,0.5381256103515625
15.9921875,0.6414696829659599,0.5382431030273439
16.0078125,0.6414754958379836,0.5379641723632812
16.0234375,0.6414787655784977,0.5379052734375
16.0390625,0.64149184454055,0.5377139282226563
16.0546875,0.6414111909412202,0.5373025512695313
16.0703125,0.6413864862351191,0.5374050903320312
16.0859375,0.6414239065987724,0.5378317260742187
16.1015625,0.6414769490559896,0.5377435302734375
16.1171875,0.6413679577055431,0.5375231933593748
16.1328125,0.641464596702939,0.5367584228515625
16.1484375,0.6414962041945691,0.5370523071289063
16.1640625,0.6414188203357515,0.5371261596679687
16.1796875,0.641409011114212,0.5364498901367187
16.1953125,0.6414097377232143,0.5366555786132813
16.2109375,0.6414231799897694,0.5365969848632812
16.2265625,0.6414758591424858,0.5363027954101561
16.2421875,0.6413080124627977,0.5368319702148437
16.2578125,0.6413091023763021,0.5364349365234375
16.2734375,0.64146713983445,0.5363177490234375
16.2890625,0.6414079212007069,0.5360678100585937
16.3046875,0.6414507911318824,0.5360678100585937
16.3203125,0.641404288155692,0.5360678100585937
16.3359375,0.6413047427222842,0.5356411743164063
16.3515625,0.6414082845052084,0.5356561279296875
16.3671875,0.6413806733630952,0.5355386352539062
16.3828125,0.6412437075660342,0.5356561279296875
16.3984375,0.6413806733630952,0.5356561279296875
16.4140625,0.6413806733630952,0.5356411743164063
16.4296875,0.6413163684663319,0.5349655151367188
16.4453125,0.641281491234189,0.5352444458007812
16.4609375,0.6413672310965401,0.5351119995117187
16.4765625,0.6412833077566964,0.5349798583984375
16.4921875,0.6412487938290551,0.5348181152343748
16.5078125,0.6412720453171503,0.5350830078125
16.5234375,0.6413218180338548,0.5348330688476562
16.5390625,0.6412469773065477,0.5352593994140623
16.5546875,0.6413922991071429,0.53515625
16.5703125,0.6413232712518594,0.534744873046875
16.5859375,0.6411783127557664,0.5346859741210938
16.6015625,0.6413585117885044,0.5345095825195313
16.6171875,0.6412320818219867,0.5348330688476562
16.6328125,0.6412150065104166,0.534803466796875
16.6484375,0.6416596912202381,0.534774169921875
16.6640625,0.6421581449962798,0.5345388793945313
16.6796875,0.6434634980701265,0.5345538330078125
16.6953125,0.6453704833984382,0.5343182373046875
16.7109375,0.6455735706147694,0.5344802856445312
16.7265625,0.6484959920247396,0.5338189697265625
16.7421875,0.6567855108351928,0.5342449951171875
16.7578125,0.6580276489257812,0.5343624877929688
16.7734375,0.6556886945452008,0.53446533203125
16.7890625,0.6573704310825893,0.5339654541015625
16.8046875,0.6648763020833334,0.534068603515625
16.8203125,0.6573366437639508,0.5343331909179687
16.8359375,0.6623110089983258,0.5339215087890623
16.8515625,0.6606012980143229,0.5341567993164064
16.8671875,0.6653253464471727,0.5343182373046875
16.8828125,0.6651473272414428,0.5339654541015625
16.8984375,0.6668450491768974,0.5343182373046875
16.9140625,0.6690713791620164,0.5339654541015625
16.9296875,0.6637653169177834,0.5343182373046875
16.9453125,0.6636675880068824,0.534039306640625
16.9609375,0.6586605253673735,0.534024658203125
16.9765625,0.6598216465541294,0.5335394287109376
16.9921875,0.6601199195498512,0.5338482666015625
17.0078125,0.6541352044968378,0.5337158203125
17.0234375,0.6470340547107515,0.533995361328125
17.0390625,0.6493105207170758,0.53439208984375
17.0546875,0.6460909162248883,0.5345977783203124
17.0703125,0.6540647234235492,0.5343182373046875
17.0859375,0.6578834170386905,0.533995361328125
17.1015625,0.6466645740327381,0.5341567993164064
17.1171875,0.6538056873139881,0.53437744140625
17.1328125,0.6505704607282367,0.5337451171875
17.1484375,0.6490936279296882,0.53434814453125
17.1640625,0.6487964448474702,0.5347009277343748
17.1796875,0.6464578537713914,0.5345388793945313
17.1953125,0.6471172514415929,0.5345977783203124
17.2109375,0.6444324311755952,0.5346710205078125
17.2265625,0.6432095482235857,0.5345977783203124
17.2421875,0.6434435163225454,0.5346710205078125
17.2578125,0.6428288051060261,0.5349212646484375
17.2734375,0.6420956566220238,0.5349798583984375
17.2890625,0.6422849382672992,0.535479736328125
17.3046875,0.6421036493210572,0.5356561279296875
17.3203125,0.6418962024507069,0.5356411743164063
17.3359375,0.6418856666201643,0.5356411743164063
17.3515625,0.6418249947684151,0.5356561279296875
17.3671875,0.6417149135044643,0.5360678100585937
17.3828125,0.6418424333844867,0.5360089111328125
17.3984375,0.6418340773809523,0.5364205932617188
17.4140625,0.6417370750790551,0.5353622436523439
17.4296875,0.641693115234375,0.5356561279296875
17.4453125,0.6417577834356406,0.5358914184570313
17.4609375,0.6416833060128349,0.5360678100585937
17.4765625,0.6416887555803571,0.5360678100585937
17.4921875,0.6416785830543155,0.5360678100585937
17.5078125,0.6417032877604166,0.5363027954101561
17.5234375,0.6416996547154025,0.5361853027343748
17.5390625,0.6416982014973952,0.5357000732421875
17.5546875,0.6416229974655878,0.5356561279296875
17.5703125,0.6416971115838914,0.5358175659179687
17.5859375,0.6416466122581845,0.5360678100585937
17.6015625,0.64158921014695,0.5356411743164063
17.6171875,0.6416902087983631,0.5361853027343748
17.6328125,0.6416520618257069,0.5356561279296875
17.6484375,0.6416651407877604,0.5352593994140623
17.6640625,0.6414885748000372,0.5356411743164063
17.6796875,0.6416222708565849,0.535479736328125
17.6953125,0.6415343511672247,0.5356411743164063
17.7109375,0.6416578746977306,0.5356411743164063
17.7265625,0.6416538783482143,0.535126953125
17.7421875,0.6414863949730283,0.535435791015625
17.7578125,0.6415623256138393,0.5350830078125
17.7734375,0.6415743146623883,0.5345538330078125
17.7890625,0.6415383475167404,0.5352001953125
17.8046875,0.6415510631742931,0.5348474121093748
17.8203125,0.6415648687453497,0.5345388793945313
17.8359375,0.6415027436755952,0.5348474121093748
17.8515625,0.641571044921875,0.5349945068359376
17.8671875,0.6414845784505215,0.5345977783203124
17.8828125,0.6414929344540551,0.5342010498046875
17.8984375,0.6415437970842633,0.5342449951171875
17.9140625,0.641448974609375,0.533995361328125
17.9296875,0.641434079124814,0.5344363403320312
17.9453125,0.6415652320498512,0.5335543823242187
17.9609375,0.6414558773949033,0.5338189697265625
17.9765625,0.6414246332077753,0.5337451171875
17.9921875,0.6413094656808036,0.533642578125
18.0078125,0.6414573306129092,0.53298095703125
18.0234375,0.6413977486746651,0.53293701171875
18.0390625,0.6413973853701643,0.533406982421875
18.0546875,0.6414220900762642,0.533436279296875
18.0703125,0.6414188203357515,0.533319091796875
18.0859375,0.6414104643322166,0.5328927612304688
18.1015625,0.641357421875,0.533436279296875
18.1171875,0.6414115542457217,0.5327749633789063
18.1328125,0.6413988385881689,0.532628173828125
18.1484375,0.6414358956473214,0.5332455444335937
18.1640625,0.6414228166852679,0.5324810791015625
18.1796875,0.6413977486746651,0.5319668579101561
18.1953125,0.6413904825846354,0.5325692749023438
18.2109375,0.6413348969959071,0.5317904663085937
18.2265625,0.6413592383975074,0.5324810791015625
18.2421875,0.6413261776878714,0.532584228515625
18.2578125,0.6413348969959071,0.5318637084960938
18.2734375,0.641341799781436,0.5321722412109376
18.2890625,0.6413218180338548,0.5318194580078125
18.3046875,0.6413236345563617,0.5319668579101561
18.3203125,0.641404288155692,0.5318048095703124
18.3359375,0.6413309006463914,0.532113342285156
18.3515625,0.6413850330171131,0.5318637084960938
18.3671875,0.64149184454055,0.5314376831054688
18.3828125,0.6412720453171503,0.532113342285156
18.3984375,0.6416447957356771,0.5314959716796875
18.4140625,0.6418460664295015,0.5317166137695313
18.4296875,0.6419274466378349,0.5319958496093748
18.4453125,0.6421556018647694,0.5317755126953123
18.4609375,0.6424942016601562,0.532113342285156
18.4765625,0.6421465192522321,0.5316580200195312
18.4921875,0.6424960181826643,0.5318344116210938
18.5078125,0.6429218110584071,0.53164306640625
18.5234375,0.6436415172758556,0.5317166137695313
18.5390625,0.6441584995814739,0.5318048095703124
18.5546875,0.6471728370303199,0.5323046875
18.5703125,0.6522961571103051,0.532113342285156
18.5859375,0.6561381022135416,0.5318344116210938
18.6015625,0.6564396449497761,0.53156982421875
18.6171875,0.6558569045293906,0.5314077758789062
18.6328125,0.6568494524274546,0.532333984375
18.6484375,0.6650394258045015,0.5318344116210938
18.6640625,0.6678880964006689,0.5319958496093748
18.6796875,0.6655030023484003,0.5322015380859376
18.6953125,0.6647575015113467,0.5318487548828125
18.7109375,0.6669489542643229,0.532113342285156
18.7265625,0.6699854532877604,0.53164306640625
18.7421875,0.6633257184709821,0.5321871948242187
18.7578125,0.6628577822730655,0.5321575927734375
18.7734375,0.6654485066731771,0.5322457885742188
18.7890625,0.6588080269949776,0.5323779296875
18.8046875,0.6610151018415179,0.5329071044921875
18.8203125,0.6567364647274926,0.5329513549804688
18.8359375,0.6567517235165551,0.5336276245117187
18.8515625,0.6563949584960938,0.5337008666992188
18.8671875,0.6609424409412202,0.5343624877929688
18.8828125,0.6518362136114211,0.5339654541015625
18.8984375,0.6480476742699033,0.53446533203125
18.9140625,0.6465112595331094,0.5346270751953124
18.9296875,0.6450231642950142,0.534744873046875
18.9453125,0.6451176234654025,0.5348474121093748
18.9609375,0.6431161789667039,0.5349798583984375
18.9765625,0.6426122756231406,0.5356561279296875
18.9921875,0.6421065557570691,0.535479736328125
19.0078125,0.6419895717075893,0.5356411743164063
19.0234375,0.6419031052362358,0.5360678100585937
19.0390625,0.6419096447172619,0.5362734985351562
19.0546875,0.6419263567243311,0.5362884521484375
19.0703125,0.6418061029343378,0.5366995239257812
19.0859375,0.6417766752697166,0.5369790649414063
19.1015625,0.6417483375186012,0.5374789428710938
19.1171875,0.64178466796875,0.5373468017578125
19.1328125,0.6417508806501117,0.5374789428710938
19.1484375,0.64178466796875,0.53719970703125
19.1640625,0.6417301722935261,0.5376696777343749
19.1796875,0.6417196364629836,0.53719970703125
19.1953125,0.6416665940057664,0.5375524902343749
19.2109375,0.6417181832449776,0.53719970703125
19.2265625,0.6416880289713548,0.5373468017578125
19.2421875,0.641678946358817,0.5367733764648438
19.2578125,0.6416386195591525,0.53719970703125
19.2734375,0.6416949317568824,0.5369790649414063
19.2890625,0.641556149437314,0.5366262817382812
19.3046875,0.6416582380022321,0.5362002563476562
19.3203125,0.6416982014973952,0.5362734985351562
19.3359375,0.6416916620163691,0.5364056396484375
19.3515625,0.6415477934337798,0.5362734985351562
19.3671875,0.6415318080357143,0.5362002563476562
19.3828125,0.6416618710472477,0.5362002563476562
19.3984375,0.6415841238839286,0.5360678100585937
19.4140625,0.6415005638485857,0.5358175659179687
19.4296875,0.6414972941080729,0.5357736206054687
19.4453125,0.6415670485723586,0.5356121826171875
19.4609375,0.6415150960286452,0.5356121826171875
19.4765625,0.6414794921875,0.53587646484375
19.4921875,0.6415543329148072,0.5360089111328125
19.5078125,0.641463870093936,0.5356411743164063
19.5234375,0.6415510631742931,0.5356710815429687
19.5390625,0.6414627801804309,0.53580322265625
19.5546875,0.6414606003534227,0.5352151489257813
19.5703125,0.6414805821010044,0.53515625
19.5859375,0.6415757678803944,0.5345388793945313
19.6015625,0.6414457048688617,0.5346270751953124
19.6171875,0.6414471580868676,0.5348181152343748
19.6328125,0.6414747692289806,0.5343624877929688
19.6484375,0.6415285382952008,0.53434814453125
19.6640625,0.6414180937267485,0.53446533203125
19.6796875,0.6414409819103429,0.5346710205078125
19.6953125,0.6415190923781622,0.5344802856445312
19.7109375,0.6414271763392857,0.534068603515625
19.7265625,0.6416418892996651,0.534097900390625
19.7421875,0.6415605090913319,0.5343182373046875
19.7578125,0.6413962954566592,0.5344802856445312
19.7734375,0.6414271763392857,0.5338333129882813
19.7890625,0.6414177304222477,0.5341717529296875
19.8046875,0.6413839431036086,0.5337008666992188
19.8203125,0.6413694109235492,0.5338040161132812
19.8359375,0.6413777669270834,0.5333337402343749
19.8515625,0.6413813999720975,0.5336569213867187
19.8671875,0.6413683210100454,0.5337890625
19.8828125,0.641427902948288,0.533406982421875
19.8984375,0.6413646879650298,0.5334954833984376
19.9140625,0.6413843064081094,0.5332455444335937
19.9296875,0.6414093744187128,0.53305419921875
19.9453125,0.6413948422386533,0.532701416015625
19.9609375,0.6413374401274181,0.5328778076171875
19.9765625,0.641357421875,0.5327749633789063
19.9921875,0.6413559686569941,0.5332748413085937
20.0078125,0.6412742251441592,0.5333630371093748
20.0234375,0.6413824898856026,0.5321871948242187
20.0390625,0.6412796747116809,0.5324078369140623
20.0546875,0.6413497924804688,0.532628173828125
20.0703125,0.6412931169782367,0.532613525390625
20.0859375,0.6413530622209821,0.5324078369140623
20.1015625,0.6413327171688988,0.5323046875
20.1171875,0.6413490658714658,0.5321575927734375
20.1328125,0.6412825811476928,0.532701416015625
20.1484375,0.6412480672200521,0.5323486328125
20.1640625,0.6413316272553944,0.5321575927734375
20.1796875,0.6412858508882069,0.5325985717773439
20.1953125,0.6413530622209821,0.532113342285156
20.2109375,0.6413457961309523,0.5320693969726562
20.2265625,0.6411921183268229,0.5323196411132812
20.2421875,0.6413312639508929,0.5321282958984375
20.2578125,0.6412219092959449,0.5324078369140623
20.2734375,0.6413824898856026,0.5322457885742188
20.2890625,0.6412480672200521,0.5319369506835937
20.3046875,0.6412364414760044,0.5318194580078125
20.3203125,0.6412952968052456,0.5317904663085937
20.3359375,0.6413232712518594,0.53167236328125
20.3515625,0.6413327171688988,0.53167236328125
20.3671875,0.6413145519438237,0.5316873168945313
20.3828125,0.6413396199544271,0.5318344116210938
20.3984375,0.6413236345563617,0.5323779296875
20.4140625,0.6413036528087798,0.532333984375
20.4296875,0.6412422543480283,0.53162841796875
20.4453125,0.6413214547293526,0.53162841796875
20.4609375,0.6413316272553944,0.5323046875
20.4765625,0.6412851242792039,0.5314520263671875
20.4921875,0.6412727719261533,0.5317755126953123
20.5078125,0.6412346249534977,0.5317315673828125
20.5234375,0.6412331717354904,0.5314376831054688
20.5390625,0.6413250877743676,0.53167236328125
20.5546875,0.6412538800920758,0.53164306640625
20.5703125,0.6413141886393229,0.530966796875
20.5859375,0.6411757696242559,0.5311874389648438
20.6015625,0.6419728597005215,0.5314227294921875
20.6171875,0.642075674874442,0.5310260009765625
20.6328125,0.6423510596865699,0.5314520263671875
20.6484375,0.6428026471819189,0.5310992431640623
20.6640625,0.6427085513160342,0.5311431884765625
20.6796875,0.6446126302083334,0.5306732177734375
20.6953125,0.6473911830357143,0.531319580078125
20.7109375,0.6510947091238832,0.5306878662109377
20.7265625,0.6547139485677084,0.5309817504882812
20.7421875,0.6597515287853429,0.5311431884765625
20.7578125,0.6566925048828118,0.5309967041015625
20.7734375,0.6576955886114211,0.5309967041015625
20.7890625,0.6596134730747761,0.5311874389648438
20.8046875,0.6538685389927456,0.5310260009765625
20.8203125,0.6662724812825521,0.531319580078125
20.8359375,0.6581017630440849,0.5317605590820312
20.8515625,0.6626601446242559,0.5314959716796875
20.8671875,0.6577813284737724,0.5323635864257813
20.8828125,0.668839590890067,0.5321871948242187
20.8984375,0.6631495157877604,0.531951904296875
20.9140625,0.6636290777297247,0.5318344116210938
20.9296875,0.6575299217587426,0.532333984375
20.9453125,0.6577184767950142,0.531981201171875
20.9609375,0.6651938302176332,0.5318637084960938
20.9765625,0.6609257289341525,0.5317904663085937
20.9921875,0.6665006365094867,0.5321432495117188
21.0078125,0.6616577875046503,0.5322607421875
21.0234375,0.6565206618536086,0.532657470703125
21.0390625,0.6704577491396949,0.5323928833007813
21.0546875,0.6611716860816592,0.5324078369140623
21.0703125,0.6658216203962046,0.5324078369140623
21.0859375,0.6561853317987358,0.5324810791015625
21.1015625,0.6619393484933036,0.5325985717773439
21.1171875,0.6565366472516742,0.53293701171875
21.1328125,0.656264168875558,0.5332748413085937
21.1484375,0.6564650762648809,0.5335394287109376
21.1640625,0.6544679914202008,0.5336276245117187
21.1796875,0.6516472952706474,0.534068603515625
21.1953125,0.654245285760788,0.5341717529296875
21.2109375,0.651961916968936,0.5342010498046875
21.2265625,0.6508135114397321,0.5345977783203124
21.2421875,0.6491274152483258,0.5347891235351561
21.2578125,0.6453352428617931,0.5348181152343748
21.2734375,0.6453072684151786,0.5349066162109376
21.2890625,0.6452229817708334,0.535406494140625
21.3046875,0.645127432686942,0.5355386352539062
21.3203125,0.6443539574032738,0.5352883911132813
21.3359375,0.6434286208379836,0.5358914184570313
21.3515625,0.6430602300734747,0.5355386352539062
21.3671875,0.6425000145321801,0.5360089111328125
21.3828125,0.6422042846679688,0.5365530395507813
21.3984375,0.6421196347191214,0.5362734985351562
21.4140625,0.6419303530738467,0.5366262817382812
21.4296875,0.6419143676757812,0.53646484375
21.4453125,0.6418584187825521,0.536964111328125
21.4609375,0.6418624151320691,0.5372286987304687
21.4765625,0.6419408889043906,0.5379052734375
21.4921875,0.6419009254092262,0.5378759765625
21.5078125,0.6419005621047247,0.537596435546875
21.5234375,0.641768319266183,0.5376995849609376
21.5390625,0.6417912074497761,0.5378460693359376
21.5546875,0.6417476109095975,0.5378460693359376
21.5703125,0.6418111891973586,0.5380816650390624
21.5859375,0.6417508806501117,0.5377578735351561
21.6015625,0.6417461576915929,0.5380523681640623
21.6171875,0.6417327154250372,0.5378167724609376
21.6328125,0.6416764032273072,0.5381256103515625
21.6484375,0.6417370750790551,0.5381549072265625
21.6640625,0.641648428780692,0.5376846313476562
21.6796875,0.6417199997674858,0.5381405639648438
21.6953125,0.6417196364629836,0.5381988525390624
21.7109375,0.6417029244559151,0.537625732421875
21.7265625,0.6416618710472477,0.5374932861328126
21.7421875,0.641549973260788,0.5376553344726562
21.7578125,0.6417370750790551,0.5376113891601562
21.7734375,0.6416513352167039,0.53719970703125
21.7890625,0.6417130969819569,0.5375231933593748
21.8046875,0.6417178199404762,0.5373760986328125
21.8203125,0.6415833972749263,0.5372286987304687
21.8359375,0.6415176391601562,0.5369497680664064
21.8515625,0.6416091918945312,0.53719970703125
21.8671875,0.6415383475167404,0.5367733764648438
21.8828125,0.6417065575009301,0.536861572265625
21.8984375,0.6416833060128349,0.536890869140625
21.9140625,0.6414878481910342,0.5365087890625
21.9296875,0.6415819440569189,0.5368319702148437
21.9453125,0.641678946358817,0.5364498901367187
21.9609375,0.6416655040922619,0.5365969848632812
21.9765625,0.6416502453032,0.5357736206054687
21.9921875,0.641488938104538,0.5363323974609376
22.0078125,0.6415041968936012,0.5357000732421875
22.0234375,0.6415234520321801,0.5359649658203124
22.0390625,0.6414562406994048,0.53575927734375
22.0546875,0.6414744059244785,0.5356411743164063
22.0703125,0.6415474301292783,0.5356411743164063
22.0859375,0.6414620535714286,0.5356411743164063
22.1015625,0.6416008358909977,0.5356411743164063
22.1171875,0.6414693196614584,0.5356411743164063
22.1328125,0.6415826706659227,0.5356854248046875
22.1484375,0.6414911179315477,0.535479736328125
22.1640625,0.6415986560639881,0.5353033447265625
22.1796875,0.6414322626023072,0.5350094604492187
22.1953125,0.6414526076543906,0.5349356079101562
22.2109375,0.6414228166852679,0.5350680541992188
22.2265625,0.6414609636579242,0.5344802856445312
22.2421875,0.6412742251441592,0.53437744140625
22.2578125,0.6414180937267485,0.5346270751953124
22.2734375,0.6414293561662954,0.5343182373046875
22.2890625,0.6414253598167783,0.5345095825195313
22.3046875,0.641281491234189,0.5339654541015625
22.3203125,0.6414122808547247,0.5344802856445312
22.3359375,0.6414736793154762,0.5342156982421875
22.3515625,0.6416756766183036,0.53439208984375
22.3671875,0.6417428879510789,0.5337451171875
22.3828125,0.6417508806501117,0.533995361328125
22.3984375,0.6419754028320312,0.5340835571289062
22.4140625,0.6424179077148438,0.53446533203125
22.4296875,0.6427717662992931,0.5343624877929688
22.4453125,0.6441159929547992,0.533995361328125
22.4609375,0.6456473214285714,0.5343038940429687
22.4765625,0.645491463797433,0.5342449951171875
22.4921875,0.647842043922061,0.534068603515625
22.5078125,0.6537657238188237,0.5343331909179687
22.5234375,0.6554892403738832,0.5350094604492187
22.5390625,0.6564334687732515,0.5349356079101562
22.5546875,0.652481442406064,0.5345095825195313
22.5703125,0.6503277733212426,0.5348181152343748
22.5859375,0.6516120547340023,0.5346710205078125
22.6015625,0.6531419299897694,0.534744873046875
22.6171875,0.6591898600260416,0.5350094604492187
22.6328125,0.6549199422200521,0.5356561279296875
22.6484375,0.6519477480933786,0.536141357421875
22.6640625,0.6552385602678571,0.5357736206054687
22.6796875,0.6509504772367931,0.5357000732421875
22.6953125,0.6561453683035714,0.5360678100585937
22.7109375,0.6529526483444941,0.5361853027343748
22.7265625,0.6602975754510789,0.5364498901367187
22.7421875,0.6536193121047247,0.5365231323242188
22.7578125,0.6520280383882069,0.5367733764648438
22.7734375,0.6504033406575521,0.53719970703125
22.7890625,0.6535095941452753,0.536861572265625
22.8046875,0.6516636439732143,0.537596435546875
22.8203125,0.6506075177873883,0.5370965576171876
22.8359375,0.6497613816034227,0.5374493408203124
22.8515625,0.6487633841378349,0.5373468017578125
22.8671875,0.6461196172805059,0.5382870483398438
22.8828125,0.6439248947870164,0.5378460693359376
22.8984375,0.6439604986281622,0.5384933471679687
22.9140625,0.6467056274414062,0.5389044189453124
22.9296875,0.6461076282319569,0.5391989135742188
22.9453125,0.6446100870768229,0.5395806884765625
22.9609375,0.6435521443684896,0.5395956420898438
22.9765625,0.6427764892578118,0.5400070190429688
22.9921875,0.6421850295293906,0.5405361938476563
23.0078125,0.6420934767950142,0.541094970703125
23.0234375,0.641951424734933,0.5412567138671875
23.0390625,0.6419328962053571,0.5421533203125
23.0546875,0.6419961111886168,0.5424322509765624
23.0703125,0.6419361659458706,0.543211669921875
23.0859375,0.64185805547805,0.5433584594726563
23.1015625,0.641920907156808,0.5441229248046875
23.1171875,0.6418689546130952,0.54425537109375
23.1328125,0.6418842134021571,0.5445932006835937
23.1484375,0.6418758573986235,0.545078125
23.1640625,0.6419924781436012,0.5450341796875
23.1796875,0.6418351672944569,0.5448724365234375
23.1953125,0.6418119158063617,0.5441378784179688
23.2109375,0.641861325218564,0.5450341796875
23.2265625,0.6419917515345975,0.545357666015625
23.2421875,0.6418831234886533,0.5455490112304687
23.2578125,0.6418860299246651,0.5451663208007812
23.2734375,0.6418555123465401,0.5450930786132813
23.2890625,0.6418467930385044,0.5450341796875
23.3046875,0.6417962937127977,0.5449017333984375
23.3203125,0.6416589646112358,0.5446670532226563
23.3359375,0.641830081031436,0.5441079711914064
23.3515625,0.6418111891973586,0.5441229248046875
23.3671875,0.6418224516369048,0.5449166870117188
23.3828125,0.6418442499069941,0.5441378784179688
23.3984375,0.641815185546875,0.5441818237304688
23.4140625,0.6417977469308036,0.5441229248046875
23.4296875,0.6418079194568452,0.5436669921875
23.4453125,0.6417512439546131,0.5433291625976563
23.4609375,0.64173598516555,0.5436376953125
23.4765625,0.6417828514462426,0.5430938720703123
23.4921875,0.6417926606677834,0.5430795288085938
23.5078125,0.6417817615327381,0.5427557373046875
23.5234375,0.6417879377092633,0.5420501708984375
23.5390625,0.64178466796875,0.5419622802734375
23.5546875,0.6417581467401414,0.5412567138671875
23.5703125,0.6415521530877977,0.5418148803710937
23.5859375,0.6416135515485492,0.5414181518554687
23.6015625,0.6417214529854904,0.541094970703125
23.6171875,0.6416026524135044,0.541051025390625
23.6328125,0.6416556948707217,0.541080322265625
23.6484375,0.6415743146623883,0.5407864379882813
23.6640625,0.6416702270507812,0.5406539916992188
23.6796875,0.641739254906064,0.54013916015625
23.6953125,0.6415884835379464,0.5394778442382813
23.7109375,0.6416142781575521,0.5391989135742188
23.7265625,0.6417348952520461,0.5393896484375
23.7421875,0.6415783110119048,0.5390075683593749
23.7578125,0.6417327154250372,0.53868408203125
23.7734375,0.6417101905459449,0.5390075683593749
23.7890625,0.6416255405970975,0.5391989135742188
23.8046875,0.6415467035202753,0.5389926147460937
23.8203125,0.6417316255115334,0.5390075683593749
23.8359375,0.6415576026553199,0.5384783935546875
23.8515625,0.6415183657691592,0.5384051513671875
23.8671875,0.6416771298363095,0.538302001953125
23.8828125,0.6416400727771571,0.5378460693359376
23.8984375,0.6416331699916294,0.5379342651367187
23.9140625,0.6415209089006689,0.5379342651367187
23.9296875,0.6415209089006689,0.5376553344726562
23.9453125,0.6415626889183408,0.5376113891601562
23.9609375,0.6414805821010044,0.5371554565429687
23.9765625,0.64149184454055,0.5376113891601562
23.9921875,0.6414660499209449,0.53727294921875
24.0078125,0.6414573306129092,0.5371261596679687
24.0234375,0.6414729527064739,0.5375231933593748
24.0390625,0.6414827619280133,0.5367733764648438
24.0546875,0.6415637788318452,0.5367733764648438
24.0703125,0.6414962041945691,0.536611328125
24.0859375,0.6414587838309151,0.5364791870117187
24.1015625,0.6414493379138765,0.5365969848632812
24.1171875,0.6415045601981026,0.5362734985351562
24.1328125,0.6414071945917039,0.5360678100585937
24.1484375,0.6414395286923357,0.5360678100585937
24.1640625,0.6414507911318824,0.5359939575195313
24.1796875,0.6414140973772321,0.5359356689453123
24.1953125,0.641587393624442,0.5349798583984375
24.2109375,0.641387939453125,0.535509033203125
24.2265625,0.6414424351283475,0.5355386352539062
24.2421875,0.6414144606817336,0.5351119995117187
24.2578125,0.6413726806640618,0.5348330688476562
24.2734375,0.6413857596261168,0.5351419067382812
24.2890625,0.6414297194707961,0.5349066162109376
24.3046875,0.6413872128441214,0.5353622436523439
24.3203125,0.6413933890206474,0.5350830078125
24.3359375,0.6414362589518229,0.5346710205078125
24.3515625,0.6413839431036086,0.5346127319335937
24.3671875,0.6414220900762642,0.5346566772460938
24.3828125,0.6414475213913691,0.5345828247070312
24.3984375,0.641585213797433,0.5343624877929688
24.4140625,0.6416887555803571,0.53446533203125
24.4296875,0.6415052868071056,0.53439208984375
24.4453125,0.642059326171875,0.53437744140625
24.4609375,0.6418562389555431,0.5342300415039063
24.4765625,0.6421065557570691,0.534803466796875
24.4921875,0.6425243559337798,0.534744873046875
24.5078125,0.6429439726329985,0.5350830078125
24.5234375,0.6452505929129464,0.5348181152343748
24.5390625,0.6454035441080729,0.5347152709960937
24.5546875,0.6480905442010789,0.5352444458007812
24.5703125,0.6492400396437872,0.5352151489257813
24.5859375,0.6537504650297619,0.5348181152343748
24.6015625,0.6581144787016369,0.5348623657226562
24.6171875,0.653350830078125,0.5348181152343748
24.6328125,0.6465130760556176,0.5347009277343748
24.6484375,0.6460843767438617,0.5349655151367188
24.6640625,0.6481799171084449,0.5354208374023439
24.6796875,0.6579390026274181,0.5352593994140623
24.6953125,0.6480062575567336,0.5349655151367188
24.7109375,0.6515466599237358,0.535479736328125
24.7265625,0.6457188924153646,0.535479736328125
24.7421875,0.6512876238141742,0.5356561279296875
24.7578125,0.6617449805850074,0.5358474731445313
24.7734375,0.660750252859933,0.5357443237304688
24.7890625,0.6594670613606771,0.535523681640625
24.8046875,0.6568494524274546,0.5360678100585937
24.8203125,0.6531626383463548,0.5360678100585937
24.8359375,0.6503328595842633,0.5364498901367187
24.8515625,0.6532178606305811,0.5365969848632812
24.8671875,0.6517479306175595,0.5369790649414063
24.8828125,0.6528454735165551,0.5370523071289063
24.8984375,0.6520716349283854,0.5365969848632812
24.9140625,0.654470534551712,0.53728759765625
24.9296875,0.6594292776925224,0.5374349975585937
24.9453125,0.6584479922340023,0.5376696777343749
24.9609375,0.6488981701078869,0.5378460693359376
24.9765625,0.64952378045945,0.537978515625
24.9921875,0.6485228765578497,0.538302001953125
25.0078125,0.6484632946196056,0.538963623046875
25.0234375,0.6555041358584449,0.5384490966796875
25.0390625,0.6480814615885416,0.5390075683593749
25.0546875,0.6504796346028646,0.5393896484375
25.0703125,0.6488146100725454,0.5391690063476563
25.0859375,0.6504640125093,0.5391989135742188
25.1015625,0.645645504906064,0.5394485473632813
25.1171875,0.6437672206333706,0.53999267578125
25.1328125,0.6430238996233258,0.5396249389648438
25.1484375,0.6437842959449405,0.5399627685546875
25.1640625,0.6442307971772694,0.5406832885742188
25.1796875,0.6442874726795015,0.54080078125
25.1953125,0.6465624854678199,0.5405950927734375
25.2109375,0.6459931873139881,0.5409329223632813
25.2265625,0.6443485078357515,0.5412567138671875
25.2421875,0.6426983787899926,0.5418298339843749
25.2578125,0.642012459891183,0.5418005371093748
25.2734375,0.6420120965866809,0.5423297119140623
25.2890625,0.6419990176246286,0.542579345703125
25.3046875,0.6419739496140253,0.5430938720703123
25.3203125,0.6419456118629092,0.5434613037109376
25.3359375,0.6418798537481406,0.5439614868164064
25.3515625,0.6419586908249628,0.54434326171875
25.3671875,0.6418395269484747,0.5447402954101561
25.3828125,0.6420019240606406,0.5446670532226563
25.3984375,0.6418406168619785,0.5449166870117188
25.4140625,0.6418515159970238,0.5451080322265625
25.4296875,0.6420004708426332,0.5455490112304687
25.4453125,0.6418217250279025,0.5457254028320313
25.4609375,0.6417250860305059,0.5455490112304687
25.4765625,0.6418180919828869,0.5458279418945312
25.4921875,0.6418576921735492,0.5456954956054687
25.5078125,0.6417813982282367,0.5450048828125
25.5234375,0.641845703125,0.5455191040039062
25.5390625,0.6418358939034599,0.5455191040039062
25.5546875,0.6418358939034599,0.5451812744140624
25.5703125,0.6418231782459071,0.544931640625
25.5859375,0.6417734055292039,0.5450930786132813
25.6015625,0.6416338966006324,0.5451080322265625
25.6171875,0.6418115525018594,0.5446670532226563
25.6328125,0.6418159121558786,0.54425537109375
25.6484375,0.6418449765159977,0.5441378784179688
25.6640625,0.6417367117745536,0.5441229248046875
25.6796875,0.6416833060128349,0.5434323120117187
25.6953125,0.6418046497163319,0.543902587890625
25.7109375,0.6416982014973952,0.5436819458007812
25.7265625,0.6418297177269345,0.5436376953125
25.7421875,0.6418079194568452,0.5434762573242188
25.7578125,0.641737801688058,0.5427999877929688
25.7734375,0.6417595999581474,0.5427267456054687
25.7890625,0.6417269025530133,0.5423440551757812
25.8046875,0.6416498819986979,0.5421975708007812
25.8203125,0.6416440691266742,0.5420501708984375
25.8359375,0.6416026524135044,0.5423297119140623
25.8515625,0.641653151739212,0.5419769287109376
25.8671875,0.6417298089890253,0.5412567138671875
25.8828125,0.6417196364629836,0.5415945434570313
25.8984375,0.6416033790225074,0.5416827392578125
25.9140625,0.6416368030366444,0.541124267578125
25.9296875,0.6415503365652901,0.5412274169921875
25.9453125,0.6415234520321801,0.5409628295898438
25.9609375,0.6414762224469867,0.541006774902344
25.9765625,0.6417160034179688,0.5411831665039063
25.9921875,0.6416291736421131,0.5409628295898438
26.0078125,0.6415227254231771,0.5403747558593749
26.0234375,0.6415172758556548,0.5405657958984375
26.0390625,0.6415169125511533,0.5396542358398437
26.0546875,0.6414962041945691,0.5398602294921875
26.0703125,0.6415532430013021,0.54013916015625
26.0859375,0.6414464314778646,0.539404296875
26.1015625,0.6415140061151414,0.5395074462890623
26.1171875,0.6415121895926332,0.539786376953125
26.1328125,0.6414696829659599,0.5388461303710937
26.1484375,0.6414555140904025,0.5390075683593749
26.1640625,0.6414834885370164,0.5391400146484375
26.1796875,0.6415103730701265,0.53865478515625
26.1953125,0.6415140061151414,0.5384051513671875
26.2109375,0.6419081914992559,0.5391546630859376
26.2265625,0.6415176391601562,0.538302001953125
26.2421875,0.6416048322405133,0.5383901977539063
26.2578125,0.6428836640857515,0.538331298828125
26.2734375,0.6436048235212046,0.53794921875
26.2890625,0.6441112699962798,0.5377578735351561
26.3046875,0.6475096203032,0.537596435546875
26.3203125,0.6559847877139143,0.5381256103515625
26.3359375,0.6591967628115699,0.5378021240234375
26.3515625,0.650070553734189,0.538302001953125
26.3671875,0.6439997355143229,0.5378759765625
26.3828125,0.6444556826636905,0.5376995849609376
26.3984375,0.6426736740838914,0.5382138061523439
26.4140625,0.6426035563151048,0.5374493408203124
26.4296875,0.6419441586449033,0.5371261596679687
26.4453125,0.6474714733305431,0.5378610229492188
26.4609375,0.6513759068080357,0.5375231933593748
26.4765625,0.6509973435174858,0.5371261596679687
26.4921875,0.6430355253673735,0.5370233154296875
26.5078125,0.6453501383463548,0.5370965576171876
26.5234375,0.6532309395926332,0.53727294921875
26.5390625,0.6593864077613467,0.5364498901367187
26.5546875,0.660940261114212,0.536861572265625
26.5703125,0.6536756243024546,0.536890869140625
26.5859375,0.65172104608445,0.5375082397460937
26.6015625,0.6504538399832596,0.5365231323242188
26.6171875,0.6556421915690104,0.536861572265625
26.6328125,0.6574943179175967,0.5369790649414063
26.6484375,0.6541246686662954,0.5365231323242188
26.6640625,0.648611159551712,0.5369790649414063
26.6796875,0.6509893508184523,0.5374493408203124
26.6953125,0.6494463966006324,0.5376113891601562
26.7109375,0.6525381179082961,0.5373760986328125
26.7265625,0.6524883451915929,0.5371554565429687
26.7421875,0.6475862775530133,0.5378460693359376
26.7578125,0.6445937383742559,0.5380523681640623
26.7734375,0.6430704025995164,0.5379052734375
26.7890625,0.6424705868675595,0.538934326171875
26.8046875,0.6421548752557664,0.5391989135742188
26.8203125,0.6420873006184896,0.5399044799804688
26.8359375,0.6420375279017857,0.5402572631835938
26.8515625,0.6419180007207961,0.5409918212890623
26.8671875,0.6419252668108258,0.54080078125
26.8828125,0.6419190906343,0.541197509765625
26.8984375,0.6419390723818824,0.5416827392578125
26.9140625,0.6418754940941214,0.5418005371093748
26.9296875,0.6420084635416666,0.5418591308593749
26.9453125,0.6419278099423357,0.5423297119140623
26.9609375,0.6419347127278646,0.5422708129882813
26.9765625,0.6418693179175967,0.54293212890625
26.9921875,0.6419754028320312,0.54285888671875
27.0078125,0.6419347127278646,0.54293212890625
27.0234375,0.6418511526925224,0.5423739624023439
27.0390625,0.6418496994745164,0.5431527709960937
27.0546875,0.6418042864118311,0.54293212890625
27.0703125,0.6417901175362724,0.5429470825195313
27.0859375,0.6418228149414062,0.54293212890625
27.1015625,0.6418046497163319,0.5427267456054687
27.1171875,0.641830081031436,0.5425503540039063
27.1328125,0.6418842134021571,0.5424765014648437
27.1484375,0.6417875744047619,0.5420794677734375
27.1640625,0.6417959304082961,0.542579345703125
27.1796875,0.641799563453311,0.5420944213867187
27.1953125,0.6418028331938237,0.5423739624023439
27.2109375,0.6416822160993311,0.5424029541015625
27.2265625,0.6417897542317715,0.5420794677734375
27.2421875,0.6417777651832217,0.54152099609375
27.2578125,0.6418013799758191,0.5416827392578125
27.2734375,0.6417861211867559,0.5416683959960937
27.2890625,0.6417893909272694,0.541051025390625
27.3046875,0.6418693179175967,0.5409329223632813
27.3203125,0.641768319266183,0.5412713623046875
27.3359375,0.6417799450102306,0.5408154296875
27.3515625,0.6417661394391742,0.5409329223632813
27.3671875,0.6417857578822544,0.5405511474609377
27.3828125,0.6417908441452753,0.5407864379882813
27.3984375,0.6417730422247023,0.5401248168945313
27.4140625,0.6417381649925595,0.54080078125
27.4296875,0.6417479742140997,0.5403305053710937
27.4453125,0.6417592366536452,0.5403012084960938
27.4609375,0.6416629609607515,0.539287109375
27.4765625,0.6417403448195691,0.539742431640625
27.4921875,0.6416822160993311,0.5398602294921875
27.5078125,0.6417163667224702,0.5402572631835938
27.5234375,0.6416153680710572,0.5393896484375
27.5390625,0.6416066487630215,0.5392721557617187
27.5546875,0.641707284109933,0.5395956420898438
27.5703125,0.6415666852678571,0.5391989135742188
27.5859375,0.6416535150437128,0.53865478515625
27.6015625,0.641709463936942,0.5384194946289063
27.6171875,0.6414922078450521,0.53858154296875
27.6328125,0.6416266305106026,0.538302001953125
27.6484375,0.6415586925688237,0.5378167724609376
27.6640625,0.6415190923781622,0.5377288818359376
27.6796875,0.6414925711495536,0.5380523681640623
27.6953125,0.6414802187965023,0.538258056640625
27.7109375,0.6414471580868676,0.5379641723632812
27.7265625,0.6414504278273809,0.5378167724609376
27.7421875,0.6414693196614584,0.5374200439453124
27.7578125,0.6414311726888021,0.5374789428710938
27.7734375,0.6414718627929688,0.5375375366210937
27.7890625,0.6414725894019717,0.5371261596679687
27.8046875,0.6414195469447544,0.5375231933593748
27.8203125,0.6414722260974702,0.53717041015625
27.8359375,0.6414275396437872,0.5366995239257812
27.8515625,0.641402834937686,0.5365231323242188
27.8671875,0.6413930257161452,0.5363766479492188
27.8828125,0.6414082845052084,0.5364498901367187
27.8984375,0.641448974609375,0.5364349365234375
27.9140625,0.6413922991071429,0.5363027954101561
27.9296875,0.6413080124627977,0.5363467407226562
27.9453125,0.6414079212007069,0.5358175659179687
27.9609375,0.6414006551106771,0.5358914184570313
27.9765625,0.6413843064081094,0.5358175659179687
27.9921875,0.6414006551106771,0.5360678100585937
28.0078125,0.6414431617373512,0.5356411743164063
28.0234375,0.6413806733630952,0.5354647827148438
28.0390625,0.6413348969959071,0.5355828857421875
28.0546875,0.6413759504045758,0.5355828857421875
28.0703125,0.6413966587611607,0.5356411743164063
28.0859375,0.6412451607840401,0.5357000732421875
28.1015625,0.6417403448195691,0.5356561279296875
28.1171875,0.6417149135044643,0.5350094604492187
28.1328125,0.6420971098400298,0.5352883911132813
28.1484375,0.6425817580450142,0.5349798583984375
28.1640625,0.6449181692940849,0.5350094604492187
28.1796875,0.6499437604631689,0.5351119995117187
28.1953125,0.6515521094912574,0.5349655151367188
28.2109375,0.655015127999442,0.5349066162109376
28.2265625,0.6534863426571801,0.5348330688476562
28.2421875,0.661569504510788,0.5353622436523439
28.2578125,0.6638139997209821,0.5351119995117187
28.2734375,0.6662906465076265,0.5349066162109376
28.2890625,0.6637685866582961,0.5349066162109376
28.3046875,0.6638321649460572,0.5356411743164063
28.3203125,0.6651309785388765,0.5352883911132813
28.3359375,0.6641504196893594,0.5355386352539062
28.3515625,0.6658572242373512,0.5355386352539062
28.3671875,0.6619386218843,0.5359207153320312
28.3828125,0.6621576944986979,0.5356411743164063
28.3984375,0.6558249337332596,0.5358914184570313
28.4140625,0.6576152983165929,0.5361853027343748
28.4296875,0.6563230242047992,0.53646484375
28.4453125,0.6557442801339286,0.5370523071289063
28.4609375,0.6588327317010789,0.53717041015625
28.4765625,0.6559680757068452,0.5365380859375
28.4921875,0.6522594633556548,0.5369497680664064
28.5078125,0.6504523867652523,0.5377435302734375
28.5234375,0.6507949829101562,0.5377877807617187
28.5390625,0.6525697253999263,0.5376553344726562
28.5546875,0.6534699939546131,0.538963623046875
28.5703125,0.6534082321893594,0.538302001953125
28.5859375,0.6458740234375,0.538963623046875
28.6015625,0.6464567638578869,0.5383901977539063
28.6171875,0.6531150454566592,0.5387722778320313
28.6328125,0.6512080601283475,0.5389926147460937
28.6484375,0.6480752854120164,0.539404296875
28.6640625,0.6440654936290929,0.54003662109375
28.6796875,0.6453523181733631,0.54013916015625
28.6953125,0.6439946492513021,0.54080078125
28.7109375,0.6416338966006324,0.5405657958984375
28.7265625,0.641737801688058,0.5404626464843748
28.7421875,0.6418816702706474,0.5406390380859376
28.7578125,0.6415002005440849,0.5416827392578125
28.7734375,0.6416404360816592,0.5412567138671875
28.7890625,0.6417730422247023,0.5413299560546875
28.8046875,0.6423823038736979,0.541094970703125
28.8203125,0.6421864827473952,0.54140380859375
28.8359375,0.6417999267578118,0.5413888549804687
28.8515625,0.6417643229166666,0.5414920043945313
28.8671875,0.6417617797851562,0.5413888549804687
28.8828125,0.6416251772925967,0.54152099609375
28.8984375,0.6415808541434151,0.5420794677734375
28.9140625,0.6415819440569189,0.5419329833984375
28.9296875,0.641587393624442,0.5417709350585938
28.9453125,0.6417269025530133,0.5419769287109376
28.9609375,0.6415881202334449,0.5417709350585938
28.9765625,0.6416734967912954,0.541756591796875
28.9921875,0.6415808541434151,0.54155029296875
29.0078125,0.6415670485723586,0.5414181518554687
29.0234375,0.6416364397321429,0.5417123413085938
29.0390625,0.6415586925688237,0.5416534423828125
29.0546875,0.6415328979492188,0.541006774902344
29.0703125,0.6415238153366809,0.5412417602539062
29.0859375,0.6415194556826643,0.5409329223632813
29.1015625,0.6415299915132069,0.5409329223632813
29.1171875,0.6415227254231771,0.5412274169921875
29.1328125,0.6415270850771949,0.5405361938476563
29.1484375,0.6414704095749628,0.54080078125
29.1640625,0.6414137340727306,0.54009521484375
29.1796875,0.6415027436755952,0.5403305053710937
29.1953125,0.6414493379138765,0.5394778442382813
29.2109375,0.6414544241768974,0.54006591796875
29.2265625,0.6414987473260789,0.5403012084960938
29.2421875,0.6414311726888021,0.5403598022460937
29.2578125,0.6414504278273809,0.5400070190429688
29.2734375,0.6414271763392857,0.54002197265625
29.2890625,0.641402108328683,0.5398602294921875
29.3046875,0.6413534255254836,0.54010986328125
29.3203125,0.6414464314778646,0.539786376953125
29.3359375,0.6414591471354166,0.5391989135742188
29.3515625,0.6413439796084449,0.5388461303710937
29.3671875,0.6414453415643594,0.539080810546875
29.3828125,0.6414311726888021,0.5391546630859376
29.3984375,0.6413824898856026,0.53861083984375
29.4140625,0.6413781302315849,0.5389782714843748
29.4296875,0.6413367135184151,0.5385223388671875
29.4453125,0.6414155505952381,0.5384194946289063
29.4609375,0.6413712274460572,0.538302001953125
29.4765625,0.6412843976702008,0.53868408203125
29.4921875,0.6413294474283854,0.5381405639648438
29.5078125,0.6412498837425595,0.5377578735351561
29.5234375,0.6412764049711681,0.537978515625
29.5390625,0.6413399832589286,0.5373468017578125
29.5546875,0.6414228166852679,0.5375375366210937
29.5703125,0.6414010184151786,0.53719970703125
29.5859375,0.6412716820126488,0.5375231933593748
29.6015625,0.6413185482933408,0.5370822143554688
29.6171875,0.6413941156296503,0.5372286987304687
29.6328125,0.6413541521344867,0.5368759155273439
29.6484375,0.6413447062174479,0.5371261596679687
29.6640625,0.6413236345563617,0.5365380859375
29.6796875,0.6413861229306176,0.5366995239257812
29.6953125,0.6413639613560261,0.5370379638671875
29.7109375,0.6414010184151786,0.5370523071289063
29.7265625,0.6412796747116809,0.5367733764648438
29.7421875,0.6412117367699033,0.5366262817382812
29.7578125,0.6411990211123512,0.536861572265625
29.7734375,0.6412633260091146,0.5363323974609376
29.7890625,0.6414079212007069,0.5367733764648438
29.8046875,0.6413181849888393,0.536611328125
29.8203125,0.6413875761486235,0.5366262817382812
29.8359375,0.6412665957496286,0.536141357421875
29.8515625,0.641305832635788,0.5366262817382812
29.8671875,0.6413483392624628,0.5366995239257812
29.8828125,0.6413599650065104,0.536141357421875
29.8984375,0.6413559686569941,0.5365231323242188
29.9140625,0.6412578764415929,0.5365969848632812
29.9296875,0.6412051972888765,0.536141357421875
29.9453125,0.6413378034319189,0.5361853027343748
29.9609375,0.6412920270647321,0.5358914184570313
29.9765625,0.6413345336914062,0.5364498901367187
29.9921875,0.6413992018926711,0.53590576171875
30.0078125,0.6412062872023809,0.5360528564453123
30.0234375,0.6412331717354904,0.536141357421875
30.0390625,0.6413345336914062,0.536141357421875
30.0546875,0.6412346249534977,0.5358914184570313
30.0703125,0.641341073172433,0.5358175659179687
30.0859375,0.6413650512695312,0.5357000732421875
30.1015625,0.6413988385881689,0.5360678100585937
30.1171875,0.6412051972888765,0.5356710815429687
30.1328125,0.6406656901041666,0.5358175659179687
30.1484375,0.6402864002046131,0.5359207153320312
30.1640625,0.6415623256138393,0.53578857421875
30.1796875,0.6406282697405133,0.53587646484375
30.1953125,0.6441094534737724,0.5356411743164063
30.2109375,0.6444618588402158,0.5360678100585937
30.2265625,0.6516552879696801,0.5358175659179687
30.2421875,0.6504429408482143,0.5364349365234375
30.2578125,0.6539669945126488,0.5362002563476562
30.2734375,0.6578467232840401,0.53646484375
30.2890625,0.660294669015067,0.5364498901367187
30.3046875,0.6683611188616071,0.5369058227539063
30.3203125,0.6649119059244785,0.5374050903320312
30.3359375,0.6698510306222099,0.53724365234375
30.3515625,0.6653860182989211,0.5380523681640623
30.3671875,0.6667462303524926,0.5384344482421874
30.3828125,0.6673616681780133,0.5384490966796875
30.3984375,0.6731360299246651,0.5391989135742188
30.4140625,0.6579306466238832,0.5399777221679688
30.4296875,0.6558038620721727,0.54009521484375
30.4453125,0.6565475463867188,0.5406982421875
30.4609375,0.6579026721772694,0.541051025390625
30.4765625,0.6596948532831094,0.5412567138671875
30.4921875,0.6587317330496651,0.5419180297851561
30.5078125,0.658538818359375,0.5426235961914064
30.5234375,0.6518478393554688,0.54293212890625
30.5390625,0.6476967221214658,0.5432849121093749
30.5546875,0.6483379545665929,0.5434323120117187
30.5703125,0.6471306937081474,0.5441229248046875
30.5859375,0.6442209879557285,0.5447991943359376
30.6015625,0.6438892909458706,0.5450198364257812
30.6171875,0.6420524233863467,0.5452987670898437
30.6328125,0.6421988351004464,0.5457986450195312
30.6484375,0.6414413452148438,0.5466073608398437
30.6640625,0.6421112787155878,0.5462246704101561
30.6796875,0.6414329892113095,0.5463278198242187
30.6953125,0.6416404360816592,0.5466806030273439
30.7109375,0.6414576939174107,0.5472686767578125
30.7265625,0.6417476109095975,0.5474450683593749
30.7421875,0.6422595069521949,0.5474154663085937
30.7578125,0.6420909336635044,0.5478421020507812
30.7734375,0.642136710030692,0.5481210327148438
30.7890625,0.6420200892857143,0.5485916137695312
30.8046875,0.641952151343936,0.5486651611328125
30.8203125,0.6418678646995908,0.5484002685546875
30.8359375,0.6417643229166666,0.5486651611328125
30.8515625,0.6418642316545758,0.5491943359375
30.8671875,0.641890389578683,0.5487823486328125
30.8828125,0.6418838500976562,0.549267578125
30.8984375,0.6418522426060261,0.5493707275390624
30.9140625,0.6419172741117931,0.549547119140625
30.9296875,0.6417810349237358,0.5492233276367188
30.9453125,0.6418827601841525,0.5494879150390624
30.9609375,0.641876220703125,0.5494146728515625
30.9765625,0.6418860299246651,0.549547119140625
30.9921875,0.6416989281063988,0.5494146728515625
31.0078125,0.6417254493350074,0.5497085571289062
31.0234375,0.6416836693173357,0.5496942138671875
31.0390625,0.6417294456845238,0.5494146728515625
31.0546875,0.6418573288690477,0.549561767578125
31.0703125,0.6417563302176332,0.5487530517578125
31.0859375,0.6418228149414062,0.5490469360351561
31.1015625,0.6418696812220975,0.5487973022460938
31.1171875,0.6416520618257069,0.54848876953125
31.1328125,0.6416836693173357,0.54853271484375
31.1484375,0.6417232695079985,0.54848876953125
