# Time (seconds),f0
0.0078125,27.645050048828125
0.0234375,27.642837524414062
0.0390625,27.628135681152344
0.0546875,27.647979736328125
0.0703125,27.631446838378906
0.0859375,27.641738891601562
0.1015625,27.628509521484375
0.1171875,27.627410888671875
0.1328125,27.6365966796875
0.1484375,27.642112731933594
0.1640625,27.632186889648438
0.1796875,27.632919311523438
0.1953125,27.629241943359375
0.2109375,27.635498046875
0.2265625,27.61968994140625
0.2421875,27.6365966796875
0.2578125,27.6365966796875
0.2734375,27.624473571777344
0.2890625,27.628135681152344
0.3046875,27.643943786621094
0.3203125,27.632186889648438
0.3359375,27.639907836914062
0.3515625,27.6365966796875
0.3671875,27.645050048828125
0.3828125,27.628509521484375
0.3984375,27.631446838378906
0.4140625,27.643569946289062
0.4296875,27.61968994140625
0.4453125,27.625198364257812
0.4609375,27.629608154296875
0.4765625,27.628509521484375
0.4921875,27.627410888671875
0.5078125,27.631446838378906
0.5234375,27.627410888671875
0.5390625,27.63439178466797
0.5546875,27.629981994628906
0.5703125,27.627410888671875
0.5859375,27.63695526123047
0.6015625,27.632186889648438
0.6171875,27.629608154296875
0.6328125,27.62042236328125
0.6484375,27.632186889648438
0.6640625,27.631446838378906
0.6796875,27.624473571777344
0.6953125,27.624099731445312
0.7109375,27.63695526123047
0.7265625,27.631446838378906
0.7421875,27.626304626464844
0.7578125,27.63585662841797
0.7734375,27.640640258789062
0.7890625,27.627410888671875
0.8046875,27.628509521484375
0.8203125,27.631446838378906
0.8359375,27.645050048828125
0.8515625,27.635498046875
0.8671875,27.631446838378906
0.8828125,27.631446838378906
0.8984375,27.633651733398438
0.9140625,27.6365966796875
0.9296875,27.628135681152344
0.9453125,27.628135681152344
0.9609375,27.628883361816406
0.9765625,27.639907836914062
0.9921875,27.629608154296875
1.0078125,27.640640258789062
1.0234375,27.634750366210938
1.0390625,27.639907836914062
1.0546875,27.646148681640625
1.0703125,27.629981994628906
1.0859375,27.652389526367188
1.1015625,27.63953399658203
1.1171875,27.651290893554688
1.1328125,27.646881103515625
1.1484375,27.642471313476562
1.1640625,27.65313720703125
1.1796875,27.645774841308594
1.1953125,27.647621154785156
1.2109375,27.65203094482422
1.2265625,27.652389526367188
1.2421875,27.65570068359375
1.2578125,27.67040252685547
1.2734375,27.67040252685547
1.2890625,27.676284790039062
1.3046875,27.699798583984375
1.3203125,27.698333740234375
1.3359375,27.72735595703125
1.3515625,27.728103637695312
1.3671875,27.734344482421875
1.3828125,27.745742797851562
1.3984375,27.763381958007812
1.4140625,27.769996643066406
1.4296875,27.785789489746094
1.4453125,27.789466857910156
1.4609375,27.811141967773438
1.4765625,27.824012756347656
1.4921875,27.86480712890625
1.5078125,27.88134002685547
1.5234375,27.931312561035156
1.5390625,27.93792724609375
1.5546875,27.95703887939453
1.5703125,27.986434936523438
1.5859375,28.00958251953125
1.6015625,28.025390625
1.6171875,28.034210205078125
1.6328125,28.053321838378906
1.6484375,28.071319580078125
1.6640625,28.086395263671875
1.6796875,28.09741973876953
1.6953125,28.120574951171875
1.7109375,28.140777587890625
1.7265625,28.153648376464844
1.7421875,28.18376922607422
1.7578125,28.19884490966797
1.7734375,28.213912963867188
1.7890625,28.232650756835938
1.8046875,28.25579833984375
1.8203125,28.274169921875
1.8359375,28.301376342773438
1.8515625,28.31055450439453
1.8671875,28.32231903076172
1.8828125,28.330764770507812
1.8984375,28.348403930664062
1.9140625,28.370086669921875
1.9296875,28.386993408203125
1.9453125,28.406837463378906
1.9609375,28.41162109375
1.9765625,28.43182373046875
1.9921875,28.4468994140625
2.0078125,28.457550048828125
2.0234375,28.474090576171875
2.0390625,28.470779418945312
2.0546875,28.47997283935547
2.0703125,28.478126525878906
2.0859375,28.48180389404297
2.1015625,28.49761199951172
2.1171875,28.489151000976562
2.1328125,28.488418579101562
2.1484375,28.47997283935547
2.1640625,28.47997283935547
2.1796875,28.475563049316406
2.1953125,28.476661682128906
2.2109375,28.46599578857422
2.2265625,28.458282470703125
2.2421875,28.463790893554688
2.2578125,28.474090576171875
2.2734375,28.455345153808594
2.2890625,28.4468994140625
2.3046875,28.441741943359375
2.3203125,28.426307678222656
2.3359375,28.41565704345703
2.3515625,28.41455078125
2.3671875,28.408668518066406
2.3828125,28.392501831054688
2.3984375,28.373390197753906
2.4140625,28.36273956298828
2.4296875,28.36457061767578
2.4453125,28.35943603515625
2.4609375,28.35980224609375
2.4765625,28.348037719726562
2.4921875,28.334449768066406
2.5078125,28.3087158203125
2.5234375,28.296592712402344
2.5390625,28.297325134277344
2.5546875,28.29107666015625
2.5703125,28.294387817382812
2.5859375,28.280784606933594
2.6015625,28.282257080078125
2.6171875,28.287399291992188
2.6328125,28.28924560546875
2.6484375,28.283363342285156
2.6640625,28.274169921875
2.6796875,28.263145446777344
2.6953125,28.268661499023438
2.7109375,28.258010864257812
2.7265625,28.263893127441406
2.7421875,28.259109497070312
2.7578125,28.258010864257812
2.7734375,28.266098022460938
2.7890625,28.259109497070312
2.8046875,28.258010864257812
2.8203125,28.25579833984375
2.8359375,28.246612548828125
2.8515625,28.23779296875
2.8671875,28.25322723388672
2.8828125,28.241470336914062
2.8984375,28.237060546875
2.9140625,28.23853302001953
2.9296875,28.23926544189453
2.9453125,28.232650756835938
2.9609375,28.215744018554688
2.9765625,28.211700439453125
2.9921875,28.209503173828125
3.0078125,28.209503173828125
3.0234375,28.210227966308594
3.0390625,28.233749389648438
3.0546875,28.234481811523438
3.0703125,28.223831176757812
3.0859375,28.222732543945312
3.1015625,28.227142333984375
3.1171875,28.226036071777344
3.1328125,28.23779296875
3.1484375,28.251388549804688
3.1640625,28.258010864257812
3.1796875,28.25579833984375
3.1953125,28.27454376220703
3.2109375,28.27086639404297
3.2265625,28.28924560546875
3.2421875,28.301002502441406
3.2578125,28.320846557617188
3.2734375,28.34069061279297
3.2890625,28.345474243164062
3.3046875,28.374496459960938
3.3203125,28.39177703857422
3.3359375,28.390670776367188
3.3515625,28.407569885253906
3.3671875,28.419334411621094
3.3828125,28.435501098632812
3.3984375,28.451309204101562
3.4140625,28.460861206054688
3.4296875,28.47997283935547
3.4453125,28.506431579589844
3.4609375,28.514144897460938
3.4765625,28.51966094970703
3.4921875,28.529579162597656
3.5078125,28.542068481445312
3.5234375,28.563011169433594
3.5390625,28.57147216796875
3.5546875,28.57330322265625
3.5703125,28.583961486816406
3.5859375,28.599037170410156
3.6015625,28.599037170410156
3.6171875,28.61042022705078
3.6328125,28.6243896484375
3.6484375,28.622543334960938
3.6640625,28.628433227539062
3.6796875,28.627700805664062
3.6953125,28.627700805664062
3.7109375,28.64055633544922
3.7265625,28.650108337402344
3.7421875,28.655616760253906
3.7578125,28.66443634033203
3.7734375,28.669952392578125
3.7890625,28.6585693359375
3.8046875,28.668121337890625
3.8203125,28.672531127929688
3.8359375,28.67913818359375
3.8515625,28.69274139404297
3.8671875,28.719558715820312
3.8828125,28.724716186523438
3.8984375,28.740150451660156
3.9140625,28.75080108642578
3.9296875,28.760353088378906
3.9453125,28.759994506835938
3.9609375,28.74897003173828
3.9765625,28.76403045654297
3.9921875,28.76329803466797
4.0078125,28.770645141601562
4.0234375,28.761825561523438
4.0390625,28.760726928710938
4.0546875,28.759994506835938
4.0703125,28.752273559570312
4.0859375,28.74712371826172
4.1015625,28.743087768554688
4.1171875,28.737945556640625
4.1328125,28.7298583984375
4.1484375,28.726547241210938
4.1640625,28.719200134277344
4.1796875,28.710006713867188
4.1953125,28.6964111328125
4.2109375,28.69677734375
4.2265625,28.68207550048828
4.2421875,28.66077423095703
4.2578125,28.66077423095703
4.2734375,28.670318603515625
4.2890625,28.666641235351562
4.3046875,28.655990600585938
4.3203125,28.650482177734375
4.3359375,28.64679718017578
4.3515625,28.64055633544922
4.3671875,28.62915802001953
4.3828125,28.616676330566406
4.3984375,28.617401123046875
4.4140625,28.616676330566406
4.4296875,28.603073120117188
4.4453125,28.59387969970703
4.4609375,28.582855224609375
4.4765625,28.582855224609375
4.4921875,28.579551696777344
4.5078125,28.568893432617188
4.5234375,28.564483642578125
4.5390625,28.558242797851562
4.5546875,28.541336059570312
4.5703125,28.53802490234375
4.5859375,28.531417846679688
4.6015625,28.531417846679688
4.6171875,28.51634979248047
4.6328125,28.524429321289062
4.6484375,28.50347900390625
4.6640625,28.49871063232422
4.6796875,28.49871063232422
4.6953125,28.48180389404297
4.7109375,28.478500366210938
4.7265625,28.475563049316406
4.7421875,28.461227416992188
4.7578125,28.46710205078125
4.7734375,28.459754943847656
4.7890625,28.44910430908203
4.8046875,28.454971313476562
4.8203125,28.44725799560547
4.8359375,28.43512725830078
4.8515625,28.435874938964844
4.8671875,28.43512725830078
4.8828125,28.43256378173828
4.8984375,28.425949096679688
4.9140625,28.421539306640625
4.9296875,28.41307830810547
4.9453125,28.401695251464844
4.9609375,28.401695251464844
4.9765625,28.388465881347656
4.9921875,28.38220977783203
5.0078125,28.391029357910156
5.0234375,28.371559143066406
5.0390625,28.368980407714844
5.0546875,28.369728088378906
5.0703125,28.36163330078125
5.0859375,28.36347198486328
5.1015625,28.349884033203125
5.1171875,28.36163330078125
5.1328125,28.36200714111328
5.1484375,28.3447265625
5.1640625,28.339218139648438
5.1796875,28.32746124267578
5.1953125,28.299530029296875
5.2109375,28.312026977539062
5.2265625,28.314964294433594
5.2421875,28.314231872558594
5.2578125,28.303939819335938
5.2734375,28.30358123779297
5.2890625,28.293655395507812
5.3046875,28.299896240234375
5.3203125,28.29107666015625
5.3359375,28.296592712402344
5.3515625,28.295486450195312
5.3671875,28.297325134277344
5.3828125,28.285568237304688
5.3984375,28.294761657714844
5.4140625,28.29401397705078
5.4296875,28.303939819335938
5.4453125,28.299530029296875
5.4609375,28.301002502441406
5.4765625,28.3076171875
5.4921875,28.315704345703125
5.5078125,28.313858032226562
5.5234375,28.339584350585938
5.5390625,28.35832977294922
5.5546875,28.365676879882812
5.5703125,28.373390197753906
5.5859375,28.389572143554688
5.6015625,28.39764404296875
5.6171875,28.392501831054688
5.6328125,28.41565704345703
5.6484375,28.443588256835938
5.6640625,28.446151733398438
5.6796875,28.453514099121094
5.6953125,28.463790893554688
5.7109375,28.497970581054688
5.7265625,28.513404846191406
5.7421875,28.505325317382812
5.7578125,28.542068481445312
5.7734375,28.546119689941406
5.7890625,28.558242797851562
5.8046875,28.563758850097656
5.8203125,28.583229064941406
5.8359375,28.60344696044922
5.8515625,28.620712280273438
5.8671875,28.636146545410156
5.8828125,28.64349365234375
5.8984375,28.6585693359375
5.9140625,28.6614990234375
5.9296875,28.66187286376953
5.9453125,28.667015075683594
5.9609375,28.681716918945312
5.9765625,28.67987060546875
5.9921875,28.690536499023438
6.0078125,28.69605255126953
6.0234375,28.69347381591797
6.0390625,28.69274139404297
6.0546875,28.701560974121094
6.0703125,28.710006713867188
6.0859375,28.708175659179688
6.1015625,28.725448608398438
6.1171875,28.72692108154297
6.1328125,28.73499298095703
6.1484375,28.736099243164062
6.1640625,28.74897003173828
6.1796875,28.753379821777344
6.1953125,28.743812561035156
6.2109375,28.76219940185547
6.2265625,28.771377563476562
6.2421875,28.761093139648438
6.2578125,28.78093719482422
6.2734375,28.777992248535156
6.2890625,28.777992248535156
6.3046875,28.775428771972656
6.3203125,28.777633666992188
6.3359375,28.759246826171875
6.3515625,28.74859619140625
6.3671875,28.742355346679688
6.3828125,28.743087768554688
6.3984375,28.728378295898438
6.4140625,28.726547241210938
6.4296875,28.721405029296875
6.4453125,28.70928192138672
6.4609375,28.710739135742188
6.4765625,28.701187133789062
6.4921875,28.687957763671875
6.5078125,28.67913818359375
6.5234375,28.681716918945312
6.5390625,28.668846130371094
6.5546875,28.65966796875
6.5703125,28.669593811035156
6.5859375,28.652313232421875
6.6015625,28.65746307373047
6.6171875,28.660400390625
6.6328125,28.64496612548828
6.6484375,28.634315490722656
6.6640625,28.6258544921875
6.6796875,28.614830017089844
6.6953125,28.619979858398438
6.7109375,28.60710906982422
6.7265625,28.60675048828125
6.7421875,28.5916748046875
6.7578125,28.579193115234375
6.7734375,28.577713012695312
6.7890625,28.565589904785156
6.8046875,28.56816864013672
6.8203125,28.564483642578125
6.8359375,28.558242797851562
6.8515625,28.55162811279297
6.8671875,28.548683166503906
6.8828125,28.533248901367188
6.8984375,28.53875732421875
6.9140625,28.531417846679688
6.9296875,28.53289031982422
6.9453125,28.526634216308594
6.9609375,28.51781463623047
6.9765625,28.514144897460938
6.9921875,28.512672424316406
7.0078125,28.50312042236328
7.0234375,28.490623474121094
7.0390625,28.48253631591797
7.0546875,28.497970581054688
7.0703125,28.487319946289062
7.0859375,28.476287841796875
7.1015625,28.475189208984375
7.1171875,28.463058471679688
7.1328125,28.463790893554688
7.1484375,28.460128784179688
7.1640625,28.457550048828125
7.1796875,28.453140258789062
7.1953125,28.451309204101562
7.2109375,28.435501098632812
7.2265625,28.437332153320312
7.2421875,28.43292236328125
7.2578125,28.438438415527344
7.2734375,28.43512725830078
7.2890625,28.41124725341797
7.3046875,28.422645568847656
7.3203125,28.401695251464844
7.3359375,28.392501831054688
7.3515625,28.403160095214844
7.3671875,28.386619567871094
7.3828125,28.3770751953125
7.3984375,28.37523651123047
7.4140625,28.390304565429688
7.4296875,28.37523651123047
7.4453125,28.37854766845703
7.4609375,28.384056091308594
7.4765625,28.386993408203125
7.4921875,28.385162353515625
7.5078125,28.381484985351562
7.5234375,28.366775512695312
7.5390625,28.373390197753906
7.5546875,28.372665405273438
7.5703125,28.3792724609375
7.5859375,28.368621826171875
7.6015625,28.37413787841797
7.6171875,28.363113403320312
7.6328125,28.366775512695312
7.6484375,28.373390197753906
7.6640625,28.372665405273438
7.6796875,28.37523651123047
7.6953125,28.372665405273438
7.7109375,28.37854766845703
7.7265625,28.373390197753906
7.7421875,28.37523651123047
7.7578125,28.373390197753906
7.7734375,28.388465881347656
7.7890625,28.391403198242188
7.8046875,28.391403198242188
7.8203125,28.401695251464844
7.8359375,28.407943725585938
7.8515625,28.4134521484375
7.8671875,28.42999267578125
7.8828125,28.443946838378906
7.8984375,28.457550048828125
7.9140625,28.4476318359375
7.9296875,28.46527099609375
7.9453125,28.4847412109375
7.9609375,28.489151000976562
7.9765625,28.489151000976562
7.9921875,28.510467529296875
8.0078125,28.513404846191406
8.0234375,28.51525115966797
8.0390625,28.51708221435547
8.0546875,28.50312042236328
8.0703125,28.519287109375
8.0859375,28.51525115966797
8.1015625,28.5211181640625
8.1171875,28.509368896484375
8.1328125,28.5211181640625
8.1484375,28.513404846191406
8.1640625,28.511940002441406
8.1796875,28.496505737304688
8.1953125,28.50274658203125
8.2109375,28.497970581054688
8.2265625,28.487319946289062
8.2421875,28.489151000976562
8.2578125,28.470046997070312
8.2734375,28.470046997070312
8.2890625,28.46233367919922
8.3046875,28.449462890625
8.3203125,28.453140258789062
8.3359375,28.437332153320312
8.3515625,28.43256378173828
8.3671875,28.43256378173828
8.3828125,28.420799255371094
8.3984375,28.425209045410156
8.4140625,28.415283203125
8.4296875,28.41492462158203
8.4453125,28.406105041503906
8.4609375,28.407211303710938
8.4765625,28.401695251464844
8.4921875,28.39728546142578
8.5078125,28.400955200195312
8.5234375,28.388092041015625
8.5390625,28.37779998779297
8.5546875,28.373390197753906
8.5703125,28.37854766845703
8.5859375,28.38037872314453
8.6015625,28.3770751953125
8.6171875,28.37523651123047
8.6328125,28.37670135498047
8.6484375,28.367523193359375
8.6640625,28.355026245117188
8.6796875,28.350616455078125
8.6953125,28.36200714111328
8.7109375,28.345474243164062
8.7265625,28.349136352539062
8.7421875,28.331871032714844
8.7578125,28.33995819091797
8.7734375,28.3428955078125
8.7890625,28.330039978027344
8.8046875,28.338111877441406
8.8203125,28.32746124267578
8.8359375,28.319374084472656
8.8515625,28.317909240722656
8.8671875,28.314231872558594
8.8828125,28.32342529296875
8.8984375,28.314964294433594
8.9140625,28.318267822265625
8.9296875,28.314231872558594
8.9453125,28.3057861328125
8.9609375,28.310928344726562
8.9765625,28.298065185546875
8.9921875,28.312400817871094
9.0078125,28.3076171875
9.0234375,28.299896240234375
9.0390625,28.3065185546875
9.0546875,28.302833557128906
9.0703125,28.292556762695312
9.0859375,28.295486450195312
9.1015625,28.299171447753906
9.1171875,28.298065185546875
9.1328125,28.293289184570312
9.1484375,28.29071044921875
9.1640625,28.29071044921875
9.1796875,28.28924560546875
9.1953125,28.29107666015625
9.2109375,28.28594207763672
9.2265625,28.2734375
9.2421875,28.276748657226562
9.2578125,28.27381134033203
9.2734375,28.2723388671875
9.2890625,28.28924560546875
9.3046875,28.2705078125
9.3203125,28.27086639404297
9.3359375,28.258377075195312
9.3515625,28.266830444335938
9.3671875,28.263893127441406
9.3828125,28.25396728515625
9.3984375,28.263893127441406
9.4140625,28.258377075195312
9.4296875,28.2734375
9.4453125,28.266830444335938
9.4609375,28.277481079101562
9.4765625,28.274169921875
9.4921875,28.266098022460938
9.5078125,28.282989501953125
9.5234375,28.27086639404297
9.5390625,28.274169921875
9.5546875,28.27637481689453
9.5703125,28.266098022460938
9.5859375,28.267196655273438
9.6015625,28.269760131835938
9.6171875,28.274917602539062
9.6328125,28.2734375
9.6484375,28.258010864257812
9.6640625,28.2705078125
9.6796875,28.280426025390625
9.6953125,28.287399291992188
9.7109375,28.274169921875
9.7265625,28.27086639404297
9.7421875,28.29180908203125
9.7578125,28.284095764160156
9.7734375,28.29107666015625
9.7890625,28.28960418701172
9.8046875,28.29401397705078
9.8203125,28.301002502441406
9.8359375,28.299896240234375
9.8515625,28.28887939453125
9.8671875,28.312026977539062
9.8828125,28.313125610351562
9.8984375,28.308349609375
9.9140625,28.319015502929688
9.9296875,28.314964294433594
9.9453125,28.32452392578125
9.9609375,28.331138610839844
9.9765625,28.352447509765625
9.9921875,28.349884033203125
10.0078125,28.349884033203125
10.0234375,28.35943603515625
10.0390625,28.370452880859375
10.0546875,28.368255615234375
10.0703125,28.370826721191406
10.0859375,28.37670135498047
10.1015625,28.370826721191406
10.1171875,28.38037872314453
10.1328125,28.388465881347656
10.1484375,28.38220977783203
10.1640625,28.374496459960938
10.1796875,28.3770751953125
10.1953125,28.371185302734375
10.2109375,28.36347198486328
10.2265625,28.365318298339844
10.2421875,28.370452880859375
10.2578125,28.364944458007812
10.2734375,28.349136352539062
10.2890625,28.34583282470703
10.3046875,28.3421630859375
10.3203125,28.352088928222656
10.3359375,28.356124877929688
10.3515625,28.346206665039062
10.3671875,28.331871032714844
10.3828125,28.330039978027344
10.3984375,28.34252166748047
10.4140625,28.333702087402344
10.4296875,28.331138610839844
10.4453125,28.320472717285156
10.4609375,28.32415771484375
10.4765625,28.30467987060547
10.4921875,28.319374084472656
10.5078125,28.3094482421875
10.5234375,28.312026977539062
10.5390625,28.32122039794922
10.5546875,28.3076171875
10.5703125,28.30358123779297
10.5859375,28.295120239257812
10.6015625,28.303939819335938
10.6171875,28.285568237304688
10.6328125,28.30724334716797
10.6484375,28.3076171875
10.6640625,28.299171447753906
10.6796875,28.299896240234375
10.6953125,28.298423767089844
10.7109375,28.298423767089844
10.7265625,28.28594207763672
10.7421875,28.292556762695312
10.7578125,28.280426025390625
10.7734375,28.277481079101562
10.7890625,28.282989501953125
10.8046875,28.2705078125
10.8203125,28.264251708984375
10.8359375,28.279685974121094
10.8515625,28.2723388671875
10.8671875,28.267929077148438
10.8828125,28.265350341796875
10.8984375,28.25579833984375
10.9140625,28.251388549804688
10.9296875,28.251022338867188
10.9453125,28.242942810058594
10.9609375,28.24109649658203
10.9765625,28.228973388671875
10.9921875,28.241844177246094
11.0078125,28.247352600097656
11.0234375,28.25322723388672
11.0390625,28.240371704101562
11.0546875,28.240737915039062
11.0703125,28.246612548828125
11.0859375,28.24109649658203
11.1015625,28.241844177246094
11.1171875,28.244781494140625
11.1328125,28.23668670654297
11.1484375,28.24109649658203
11.1640625,28.242942810058594
11.1796875,28.2352294921875
11.1953125,28.243301391601562
11.2109375,28.240371704101562
11.2265625,28.23779296875
11.2421875,28.259483337402344
11.2578125,28.251022338867188
11.2734375,28.248085021972656
11.2890625,28.258010864257812
11.3046875,28.25176239013672
11.3203125,28.247711181640625
11.3359375,28.25249481201172
11.3515625,28.248085021972656
11.3671875,28.263145446777344
11.3828125,28.259483337402344
11.3984375,28.266098022460938
11.4140625,28.269760131835938
11.4296875,28.28997802734375
11.4453125,28.276748657226562
11.4609375,28.277481079101562
11.4765625,28.294387817382812
11.4921875,28.296592712402344
11.5078125,28.301002502441406
11.5234375,28.295486450195312
11.5390625,28.301734924316406
11.5546875,28.299171447753906
11.5703125,28.299896240234375
11.5859375,28.32122039794922
11.6015625,28.322677612304688
11.6171875,28.33995819091797
11.6328125,28.32635498046875
11.6484375,28.335174560546875
11.6640625,28.335906982421875
11.6796875,28.350982666015625
11.6953125,28.356124877929688
11.7109375,28.35832977294922
11.7265625,28.367523193359375
11.7421875,28.367881774902344
11.7578125,28.366043090820312
11.7734375,28.37523651123047
11.7890625,28.372665405273438
11.8046875,28.3770751953125
11.8203125,28.37964630126953
11.8359375,28.384414672851562
11.8515625,28.3770751953125
11.8671875,28.364944458007812
11.8828125,28.365676879882812
11.8984375,28.371559143066406
11.9140625,28.363845825195312
11.9296875,28.366775512695312
11.9453125,28.373031616210938
11.9609375,28.369354248046875
11.9765625,28.36163330078125
11.9921875,28.352088928222656
12.0078125,28.35980224609375
12.0234375,28.36273956298828
12.0390625,28.355026245117188
12.0546875,28.36163330078125
12.0703125,28.346206665039062
12.0859375,28.348037719726562
12.1015625,28.355026245117188
12.1171875,28.34252166748047
12.1328125,28.34510040283203
12.1484375,28.335174560546875
12.1640625,28.34142303466797
12.1796875,28.34069061279297
12.1953125,28.334449768066406
12.2109375,28.331871032714844
12.2265625,28.32746124267578
12.2421875,28.32635498046875
12.2578125,28.32708740234375
12.2734375,28.332977294921875
12.2890625,28.322677612304688
12.3046875,28.3057861328125
12.3203125,28.319015502929688
12.3359375,28.310195922851562
12.3515625,28.3057861328125
12.3671875,28.32342529296875
12.3828125,28.312759399414062
12.3984375,28.31055450439453
12.4140625,28.295486450195312
12.4296875,28.30467987060547
12.4453125,28.312759399414062
12.4609375,28.30799102783203
12.4765625,28.299896240234375
12.4921875,28.296592712402344
12.5078125,28.29071044921875
12.5234375,28.29071044921875
12.5390625,28.293655395507812
12.5546875,28.295120239257812
12.5703125,28.27637481689453
12.5859375,28.28997802734375
12.6015625,28.282989501953125
12.6171875,28.276016235351562
12.6328125,28.277481079101562
12.6484375,28.282630920410156
12.6640625,28.278953552246094
12.6796875,28.2723388671875
12.6953125,28.274917602539062
12.7109375,28.276748657226562
12.7265625,28.263145446777344
12.7421875,28.276748657226562
12.7578125,28.267929077148438
12.7734375,28.263893127441406
12.7890625,28.264991760253906
12.8046875,28.262046813964844
12.8203125,28.264251708984375
12.8359375,28.266098022460938
12.8515625,28.275650024414062
12.8671875,28.277481079101562
12.8828125,28.266830444335938
12.8984375,28.280784606933594
12.9140625,28.262046813964844
12.9296875,28.2705078125
12.9453125,28.262420654296875
12.9609375,28.269760131835938
12.9765625,28.274917602539062
12.9921875,28.274169921875
13.0078125,28.274169921875
13.0234375,28.26830291748047
13.0390625,28.278579711914062
13.0546875,28.282989501953125
13.0703125,28.29107666015625
13.0859375,28.278579711914062
13.1015625,28.299896240234375
13.1171875,28.29107666015625
13.1328125,28.296592712402344
13.1484375,28.303939819335938
13.1640625,28.318641662597656
13.1796875,28.3087158203125
13.1953125,28.313499450683594
13.2109375,28.32342529296875
13.2265625,28.332977294921875
13.2421875,28.335174560546875
13.2578125,28.3447265625
13.2734375,28.355392456054688
13.2890625,28.349884033203125
13.3046875,28.354293823242188
13.3203125,28.365676879882812
13.3359375,28.373390197753906
13.3515625,28.37596893310547
13.3671875,28.3770751953125
13.3828125,28.374496459960938
13.3984375,28.39543914794922
13.4140625,28.401695251464844
13.4296875,28.41492462158203
13.4453125,28.401695251464844
13.4609375,28.415283203125
13.4765625,28.41638946533203
13.4921875,28.435874938964844
13.5078125,28.423744201660156
13.5234375,28.433670043945312
13.5390625,28.442115783691406
13.5546875,28.441741943359375
13.5703125,28.441741943359375
13.5859375,28.453514099121094
13.6015625,28.454612731933594
13.6171875,28.46784210205078
13.6328125,28.470046997070312
13.6484375,28.496139526367188
13.6640625,28.47997283935547
13.6796875,28.47997283935547
13.6953125,28.496505737304688
13.7109375,28.50091552734375
13.7265625,28.49871063232422
13.7421875,28.50017547607422
13.7578125,28.511566162109375
13.7734375,28.51634979248047
13.7890625,28.528480529785156
13.8046875,28.51525115966797
13.8203125,28.51634979248047
13.8359375,28.52222442626953
13.8515625,28.51966094970703
13.8671875,28.513404846191406
13.8828125,28.50385284423828
13.8984375,28.507156372070312
13.9140625,28.507156372070312
13.9296875,28.50347900390625
13.9453125,28.507888793945312
13.9609375,28.50312042236328
13.9765625,28.4847412109375
13.9921875,28.491729736328125
14.0078125,28.492828369140625
14.0234375,28.492828369140625
14.0390625,28.476661682128906
14.0546875,28.454238891601562
14.0703125,28.458282470703125
14.0859375,28.4468994140625
14.1015625,28.4468994140625
14.1171875,28.445419311523438
14.1328125,28.441383361816406
14.1484375,28.438079833984375
14.1640625,28.42926025390625
14.1796875,28.43182373046875
14.1953125,28.421539306640625
14.2109375,28.417129516601562
14.2265625,28.41492462158203
14.2421875,28.41748809814453
14.2578125,28.41307830810547
14.2734375,28.408668518066406
14.2890625,28.407943725585938
14.3046875,28.401695251464844
14.3203125,28.39764404296875
14.3359375,28.391029357910156
14.3515625,28.401695251464844
14.3671875,28.401695251464844
14.3828125,28.391029357910156
14.3984375,28.392501831054688
14.4140625,28.389572143554688
14.4296875,28.386619567871094
14.4453125,28.38220977783203
14.4609375,28.391029357910156
14.4765625,28.374496459960938
14.4921875,28.367523193359375
14.5078125,28.365676879882812
14.5234375,28.374862670898438
14.5390625,28.356124877929688
14.5546875,28.371559143066406
14.5703125,28.365676879882812
14.5859375,28.356124877929688
14.6015625,28.3447265625
14.6171875,28.350982666015625
14.6328125,28.337753295898438
14.6484375,28.338485717773438
14.6640625,28.35832977294922
14.6796875,28.346206665039062
14.6953125,28.349884033203125
14.7109375,28.339584350585938
14.7265625,28.345474243164062
14.7421875,28.357955932617188
14.7578125,28.34436798095703
14.7734375,28.350616455078125
14.7890625,28.3447265625
14.8046875,28.350982666015625
14.8203125,28.350982666015625
14.8359375,28.352088928222656
14.8515625,28.370826721191406
14.8671875,28.366775512695312
14.8828125,28.38111114501953
14.8984375,28.388465881347656
14.9140625,28.391403198242188
14.9296875,28.392501831054688
14.9453125,28.405006408691406
14.9609375,28.41307830810547
14.9765625,28.434402465820312
14.9921875,28.441741943359375
15.0078125,28.44725799560547
15.0234375,28.439910888671875
15.0390625,28.453140258789062
15.0546875,28.478500366210938
15.0703125,28.474456787109375
15.0859375,28.492828369140625
15.1015625,28.50238037109375
15.1171875,28.516708374023438
15.1328125,28.525169372558594
15.1484375,28.545745849609375
15.1640625,28.551254272460938
15.1796875,28.55162811279297
15.1953125,28.545745849609375
15.2109375,28.560073852539062
15.2265625,28.560073852539062
15.2421875,28.57330322265625
15.2578125,28.561180114746094
15.2734375,28.57037353515625
15.2890625,28.57367706298828
15.3046875,28.58690643310547
15.3203125,28.58690643310547
15.3359375,28.586532592773438
15.3515625,28.583229064941406
15.3671875,28.58690643310547
15.3828125,28.583229064941406
15.3984375,28.582122802734375
15.4140625,28.57220458984375
15.4296875,28.56816864013672
15.4453125,28.581024169921875
15.4609375,28.579193115234375
15.4765625,28.563758850097656
15.4921875,28.560073852539062
15.5078125,28.57514190673828
15.5234375,28.558242797851562
15.5390625,28.549423217773438
15.5546875,28.545013427734375
15.5703125,28.545013427734375
15.5859375,28.53875732421875
15.6015625,28.531784057617188
15.6171875,28.53730010986328
15.6328125,28.531784057617188
15.6484375,28.52149200439453
15.6640625,28.524429321289062
15.6796875,28.50385284423828
15.6953125,28.513404846191406
15.7109375,28.495033264160156
15.7265625,28.50274658203125
15.7421875,28.512672424316406
15.7578125,28.496139526367188
15.7734375,28.48694610595703
15.7890625,28.50238037109375
15.8046875,28.50091552734375
15.8203125,28.492828369140625
15.8359375,28.47997283935547
15.8515625,28.475189208984375
15.8671875,28.478866577148438
15.8828125,28.470779418945312
15.8984375,28.46453857421875
15.9140625,28.459022521972656
15.9296875,28.474815368652344
15.9453125,28.454612731933594
15.9609375,28.456077575683594
15.9765625,28.453140258789062
15.9921875,28.456077575683594
16.0078125,28.44910430908203
16.0234375,28.4476318359375
16.0390625,28.442848205566406
16.0546875,28.43256378173828
16.0703125,28.43512725830078
16.0859375,28.44579315185547
16.1015625,28.443588256835938
16.1171875,28.438079833984375
16.1328125,28.418960571289062
16.1484375,28.426307678222656
16.1640625,28.42815399169922
16.1796875,28.41124725341797
16.1953125,28.41638946533203
16.2109375,28.41492462158203
16.2265625,28.407569885253906
16.2421875,28.420799255371094
16.2578125,28.410873413085938
16.2734375,28.407943725585938
16.2890625,28.401695251464844
16.3046875,28.401695251464844
16.3203125,28.401695251464844
16.3359375,28.391029357910156
16.3515625,28.391403198242188
16.3671875,28.388465881347656
16.3828125,28.391403198242188
16.3984375,28.391403198242188
16.4140625,28.391029357910156
16.4296875,28.37413787841797
16.4453125,28.38111114501953
16.4609375,28.37779998779297
16.4765625,28.374496459960938
16.4921875,28.370452880859375
16.5078125,28.3770751953125
16.5234375,28.370826721191406
16.5390625,28.381484985351562
16.5546875,28.37890625
16.5703125,28.368621826171875
16.5859375,28.367149353027344
16.6015625,28.36273956298828
16.6171875,28.370826721191406
16.6328125,28.370086669921875
16.6484375,28.369354248046875
16.6640625,28.36347198486328
16.6796875,28.363845825195312
16.6953125,28.357955932617188
16.7109375,28.36200714111328
16.7265625,28.345474243164062
16.7421875,28.356124877929688
16.7578125,28.35906219482422
16.7734375,28.36163330078125
16.7890625,28.349136352539062
16.8046875,28.351715087890625
16.8203125,28.35832977294922
16.8359375,28.348037719726562
16.8515625,28.353919982910156
16.8671875,28.357955932617188
16.8828125,28.349136352539062
16.8984375,28.357955932617188
16.9140625,28.349136352539062
16.9296875,28.357955932617188
16.9453125,28.350982666015625
16.9609375,28.350616455078125
16.9765625,28.338485717773438
16.9921875,28.346206665039062
17.0078125,28.3428955078125
17.0234375,28.349884033203125
17.0390625,28.35980224609375
17.0546875,28.364944458007812
17.0703125,28.357955932617188
17.0859375,28.349884033203125
17.1015625,28.353919982910156
17.1171875,28.35943603515625
17.1328125,28.3436279296875
17.1484375,28.35870361328125
17.1640625,28.367523193359375
17.1796875,28.36347198486328
17.1953125,28.364944458007812
17.2109375,28.366775512695312
17.2265625,28.364944458007812
17.2421875,28.366775512695312
17.2578125,28.373031616210938
17.2734375,28.374496459960938
17.2890625,28.386993408203125
17.3046875,28.391403198242188
17.3203125,28.391029357910156
17.3359375,28.391029357910156
17.3515625,28.391403198242188
17.3671875,28.401695251464844
17.3828125,28.400222778320312
17.3984375,28.41051483154297
17.4140625,28.384056091308594
17.4296875,28.391403198242188
17.4453125,28.39728546142578
17.4609375,28.401695251464844
17.4765625,28.401695251464844
17.4921875,28.401695251464844
17.5078125,28.407569885253906
17.5234375,28.404632568359375
17.5390625,28.392501831054688
17.5546875,28.391403198242188
17.5703125,28.39543914794922
17.5859375,28.401695251464844
17.6015625,28.391029357910156
17.6171875,28.404632568359375
17.6328125,28.391403198242188
17.6484375,28.381484985351562
17.6640625,28.391029357910156
17.6796875,28.386993408203125
17.6953125,28.391029357910156
17.7109375,28.391029357910156
17.7265625,28.378173828125
17.7421875,28.385894775390625
17.7578125,28.3770751953125
17.7734375,28.363845825195312
17.7890625,28.3800048828125
17.8046875,28.371185302734375
17.8203125,28.36347198486328
17.8359375,28.371185302734375
17.8515625,28.374862670898438
17.8671875,28.364944458007812
17.8828125,28.355026245117188
17.8984375,28.356124877929688
17.9140625,28.349884033203125
17.9296875,28.36090850830078
17.9453125,28.33885955810547
17.9609375,28.345474243164062
17.9765625,28.3436279296875
17.9921875,28.341064453125
18.0078125,28.32452392578125
18.0234375,28.32342529296875
18.0390625,28.335174560546875
18.0546875,28.335906982421875
18.0703125,28.332977294921875
18.0859375,28.32231903076172
18.1015625,28.335906982421875
18.1171875,28.319374084472656
18.1328125,28.315704345703125
18.1484375,28.331138610839844
18.1640625,28.312026977539062
18.1796875,28.299171447753906
18.1953125,28.314231872558594
18.2109375,28.294761657714844
18.2265625,28.312026977539062
18.2421875,28.314605712890625
18.2578125,28.296592712402344
18.2734375,28.304306030273438
18.2890625,28.295486450195312
18.3046875,28.299171447753906
18.3203125,28.295120239257812
18.3359375,28.302833557128906
18.3515625,28.296592712402344
18.3671875,28.28594207763672
18.3828125,28.302833557128906
18.3984375,28.287399291992188
18.4140625,28.29291534423828
18.4296875,28.299896240234375
18.4453125,28.294387817382812
18.4609375,28.302833557128906
18.4765625,28.29145050048828
18.4921875,28.295860290527344
18.5078125,28.29107666015625
18.5234375,28.29291534423828
18.5390625,28.295120239257812
18.5546875,28.3076171875
18.5703125,28.302833557128906
18.5859375,28.295860290527344
18.6015625,28.28924560546875
18.6171875,28.285194396972656
18.6328125,28.308349609375
18.6484375,28.295860290527344
18.6640625,28.299896240234375
18.6796875,28.305038452148438
18.6953125,28.296218872070312
18.7109375,28.302833557128906
18.7265625,28.29107666015625
18.7421875,28.30467987060547
18.7578125,28.303939819335938
18.7734375,28.30614471435547
18.7890625,28.3094482421875
18.8046875,28.322677612304688
18.8203125,28.32378387451172
18.8359375,28.34069061279297
18.8515625,28.34252166748047
18.8671875,28.35906219482422
18.8828125,28.349136352539062
18.8984375,28.36163330078125
18.9140625,28.365676879882812
18.9296875,28.368621826171875
18.9453125,28.371185302734375
18.9609375,28.374496459960938
18.9765625,28.391403198242188
18.9921875,28.386993408203125
19.0078125,28.391029357910156
19.0234375,28.401695251464844
19.0390625,28.406837463378906
19.0546875,28.407211303710938
19.0703125,28.41748809814453
19.0859375,28.424476623535156
19.1015625,28.436973571777344
19.1171875,28.433670043945312
19.1328125,28.436973571777344
19.1484375,28.42999267578125
19.1640625,28.441741943359375
19.1796875,28.42999267578125
19.1953125,28.438812255859375
19.2109375,28.42999267578125
19.2265625,28.433670043945312
19.2421875,28.419334411621094
19.2578125,28.42999267578125
19.2734375,28.424476623535156
19.2890625,28.41565704345703
19.3046875,28.405006408691406
19.3203125,28.406837463378906
19.3359375,28.410140991210938
19.3515625,28.406837463378906
19.3671875,28.405006408691406
19.3828125,28.405006408691406
19.3984375,28.401695251464844
19.4140625,28.39543914794922
19.4296875,28.39434051513672
19.4453125,28.390304565429688
19.4609375,28.390304565429688
19.4765625,28.39691162109375
19.4921875,28.400222778320312
19.5078125,28.391029357910156
19.5234375,28.39177703857422
19.5390625,28.39508056640625
19.5546875,28.38037872314453
19.5703125,28.37890625
19.5859375,28.36347198486328
19.6015625,28.365676879882812
19.6171875,28.370452880859375
19.6328125,28.35906219482422
19.6484375,28.35870361328125
19.6640625,28.36163330078125
19.6796875,28.366775512695312
19.6953125,28.36200714111328
19.7109375,28.351715087890625
19.7265625,28.352447509765625
19.7421875,28.357955932617188
19.7578125,28.36200714111328
19.7734375,28.34583282470703
19.7890625,28.354293823242188
19.8046875,28.34252166748047
19.8203125,28.34510040283203
19.8359375,28.333343505859375
19.8515625,28.34142303466797
19.8671875,28.3447265625
19.8828125,28.335174560546875
19.8984375,28.337387084960938
19.9140625,28.331138610839844
19.9296875,28.32635498046875
19.9453125,28.317535400390625
19.9609375,28.321945190429688
19.9765625,28.319374084472656
19.9921875,28.331871032714844
20.0078125,28.334075927734375
20.0234375,28.30467987060547
20.0390625,28.310195922851562
20.0546875,28.315704345703125
20.0703125,28.315338134765625
20.0859375,28.310195922851562
20.1015625,28.3076171875
20.1171875,28.303939819335938
20.1328125,28.317535400390625
20.1484375,28.3087158203125
20.1640625,28.303939819335938
20.1796875,28.314964294433594
20.1953125,28.302833557128906
20.2109375,28.301734924316406
20.2265625,28.30799102783203
20.2421875,28.303207397460938
20.2578125,28.310195922851562
20.2734375,28.30614471435547
20.2890625,28.298423767089844
20.3046875,28.295486450195312
20.3203125,28.294761657714844
20.3359375,28.29180908203125
20.3515625,28.29180908203125
20.3671875,28.29218292236328
20.3828125,28.295860290527344
20.3984375,28.3094482421875
20.4140625,28.308349609375
20.4296875,28.29071044921875
20.4453125,28.29071044921875
20.4609375,28.3076171875
20.4765625,28.286300659179688
20.4921875,28.294387817382812
20.5078125,28.293289184570312
20.5234375,28.28594207763672
20.5390625,28.29180908203125
20.5546875,28.29107666015625
20.5703125,28.274169921875
20.5859375,28.279685974121094
20.6015625,28.285568237304688
20.6171875,28.275650024414062
20.6328125,28.286300659179688
20.6484375,28.277481079101562
20.6640625,28.278579711914062
20.6796875,28.266830444335938
20.6953125,28.282989501953125
20.7109375,28.267196655273438
20.7265625,28.27454376220703
20.7421875,28.278579711914062
20.7578125,28.274917602539062
20.7734375,28.274917602539062
20.7890625,28.279685974121094
20.8046875,28.275650024414062
20.8203125,28.282989501953125
20.8359375,28.29401397705078
20.8515625,28.287399291992188
20.8671875,28.30908966064453
20.8828125,28.30467987060547
20.8984375,28.298797607421875
20.9140625,28.295860290527344
20.9296875,28.308349609375
20.9453125,28.299530029296875
20.9609375,28.296592712402344
20.9765625,28.294761657714844
20.9921875,28.30358123779297
21.0078125,28.3065185546875
21.0234375,28.316436767578125
21.0390625,28.30982208251953
21.0546875,28.310195922851562
21.0703125,28.310195922851562
21.0859375,28.312026977539062
21.1015625,28.314964294433594
21.1171875,28.32342529296875
21.1328125,28.331871032714844
21.1484375,28.338485717773438
21.1640625,28.34069061279297
21.1796875,28.351715087890625
21.1953125,28.354293823242188
21.2109375,28.355026245117188
21.2265625,28.364944458007812
21.2421875,28.369728088378906
21.2578125,28.370452880859375
21.2734375,28.372665405273438
21.2890625,28.385162353515625
21.3046875,28.388465881347656
21.3203125,28.38220977783203
21.3359375,28.39728546142578
21.3515625,28.388465881347656
21.3671875,28.400222778320312
21.3828125,28.41382598876953
21.3984375,28.406837463378906
21.4140625,28.41565704345703
21.4296875,28.41162109375
21.4453125,28.424102783203125
21.4609375,28.43071746826172
21.4765625,28.4476318359375
21.4921875,28.4468994140625
21.5078125,28.439910888671875
21.5234375,28.442489624023438
21.5390625,28.446151733398438
21.5546875,28.446151733398438
21.5703125,28.452041625976562
21.5859375,28.443946838378906
21.6015625,28.451309204101562
21.6171875,28.445419311523438
21.6328125,28.453140258789062
21.6484375,28.453872680664062
21.6640625,28.442115783691406
21.6796875,28.453514099121094
21.6953125,28.454971313476562
21.7109375,28.440643310546875
21.7265625,28.437332153320312
21.7421875,28.441383361816406
21.7578125,28.440284729003906
21.7734375,28.42999267578125
21.7890625,28.438079833984375
21.8046875,28.434402465820312
21.8203125,28.43071746826172
21.8359375,28.423744201660156
21.8515625,28.42999267578125
21.8671875,28.419334411621094
21.8828125,28.421539306640625
21.8984375,28.422271728515625
21.9140625,28.4127197265625
21.9296875,28.420799255371094
21.9453125,28.41124725341797
21.9609375,28.41492462158203
21.9765625,28.39434051513672
21.9921875,28.408309936523438
22.0078125,28.392501831054688
22.0234375,28.399124145507812
22.0390625,28.39398193359375
22.0546875,28.391029357910156
22.0703125,28.391029357910156
22.0859375,28.391029357910156
22.1015625,28.391029357910156
22.1171875,28.391029357910156
22.1328125,28.392135620117188
22.1484375,28.386993408203125
22.1640625,28.382583618164062
22.1796875,28.37523651123047
22.1953125,28.373390197753906
22.2109375,28.37670135498047
22.2265625,28.36200714111328
22.2421875,28.35943603515625
22.2578125,28.365676879882812
22.2734375,28.357955932617188
22.2890625,28.36273956298828
22.3046875,28.349136352539062
22.3203125,28.36200714111328
22.3359375,28.355392456054688
22.3515625,28.35980224609375
22.3671875,28.3436279296875
22.3828125,28.349884033203125
22.3984375,28.352088928222656
22.4140625,28.36163330078125
22.4296875,28.35906219482422
22.4453125,28.349884033203125
22.4609375,28.35759735107422
22.4765625,28.356124877929688
22.4921875,28.351715087890625
22.5078125,28.35832977294922
22.5234375,28.37523651123047
22.5390625,28.373390197753906
22.5546875,28.36273956298828
22.5703125,28.370452880859375
22.5859375,28.366775512695312
22.6015625,28.368621826171875
22.6171875,28.37523651123047
22.6328125,28.391403198242188
22.6484375,28.403533935546875
22.6640625,28.39434051513672
22.6796875,28.392501831054688
22.6953125,28.401695251464844
22.7109375,28.404632568359375
22.7265625,28.41124725341797
22.7421875,28.41307830810547
22.7578125,28.419334411621094
22.7734375,28.42999267578125
22.7890625,28.421539306640625
22.8046875,28.439910888671875
22.8203125,28.427413940429688
22.8359375,28.436233520507812
22.8515625,28.433670043945312
22.8671875,28.457176208496094
22.8828125,28.446151733398438
22.8984375,28.46233367919922
22.9140625,28.472610473632812
22.9296875,28.47997283935547
22.9453125,28.489517211914062
22.9609375,28.489891052246094
22.9765625,28.50017547607422
22.9921875,28.513404846191406
23.0078125,28.527374267578125
23.0234375,28.531417846679688
23.0390625,28.5538330078125
23.0546875,28.560806274414062
23.0703125,28.580291748046875
23.0859375,28.583961486816406
23.1015625,28.603073120117188
23.1171875,28.60638427734375
23.1328125,28.614830017089844
23.1484375,28.626953125
23.1640625,28.6258544921875
23.1796875,28.621810913085938
23.1953125,28.60344696044922
23.2109375,28.6258544921875
23.2265625,28.633941650390625
23.2421875,28.63872528076172
23.2578125,28.62915802001953
23.2734375,28.62732696533203
23.2890625,28.6258544921875
23.3046875,28.622543334960938
23.3203125,28.616676330566406
23.3359375,28.602699279785156
23.3515625,28.603073120117188
23.3671875,28.62291717529297
23.3828125,28.60344696044922
23.3984375,28.60454559326172
23.4140625,28.603073120117188
23.4296875,28.5916748046875
23.4453125,28.583229064941406
23.4609375,28.5909423828125
23.4765625,28.577346801757812
23.4921875,28.576988220214844
23.5078125,28.568893432617188
23.5234375,28.551254272460938
23.5390625,28.549057006835938
23.5546875,28.531417846679688
23.5703125,28.545372009277344
23.5859375,28.53545379638672
23.6015625,28.527374267578125
23.6171875,28.526275634765625
23.6328125,28.527008056640625
23.6484375,28.51966094970703
23.6640625,28.51634979248047
23.6796875,28.50347900390625
23.6953125,28.48694610595703
23.7109375,28.47997283935547
23.7265625,28.4847412109375
23.7421875,28.475189208984375
23.7578125,28.46710205078125
23.7734375,28.475189208984375
23.7890625,28.47997283935547
23.8046875,28.474815368652344
23.8203125,28.475189208984375
23.8359375,28.461959838867188
23.8515625,28.460128784179688
23.8671875,28.457550048828125
23.8828125,28.446151733398438
23.8984375,28.44835662841797
23.9140625,28.44835662841797
23.9296875,28.441383361816406
23.9453125,28.440284729003906
23.9609375,28.42888641357422
23.9765625,28.440284729003906
23.9921875,28.43182373046875
24.0078125,28.42815399169922
24.0234375,28.438079833984375
24.0390625,28.419334411621094
24.0546875,28.419334411621094
24.0703125,28.415283203125
24.0859375,28.41197967529297
24.1015625,28.41492462158203
24.1171875,28.406837463378906
24.1328125,28.401695251464844
24.1484375,28.401695251464844
24.1640625,28.39984893798828
24.1796875,28.398391723632812
24.1953125,28.374496459960938
24.2109375,28.387725830078125
24.2265625,28.388465881347656
24.2421875,28.37779998779297
24.2578125,28.370826721191406
24.2734375,28.37854766845703
24.2890625,28.372665405273438
24.3046875,28.384056091308594
24.3203125,28.3770751953125
24.3359375,28.366775512695312
24.3515625,28.365318298339844
24.3671875,28.366416931152344
24.3828125,28.36457061767578
24.3984375,28.35906219482422
24.4140625,28.36163330078125
24.4296875,28.35980224609375
24.4453125,28.35943603515625
24.4609375,28.355751037597656
24.4765625,28.370086669921875
24.4921875,28.368621826171875
24.5078125,28.3770751953125
24.5234375,28.370452880859375
24.5390625,28.367881774902344
24.5546875,28.38111114501953
24.5703125,28.38037872314453
24.5859375,28.370452880859375
24.6015625,28.371559143066406
24.6171875,28.370452880859375
24.6328125,28.367523193359375
24.6484375,28.37413787841797
24.6640625,28.385520935058594
24.6796875,28.381484985351562
24.6953125,28.37413787841797
24.7109375,28.386993408203125
24.7265625,28.386993408203125
24.7421875,28.391403198242188
24.7578125,28.39618682861328
24.7734375,28.39360809326172
24.7890625,28.388092041015625
24.8046875,28.401695251464844
24.8203125,28.401695251464844
24.8359375,28.41124725341797
24.8515625,28.41492462158203
24.8671875,28.424476623535156
24.8828125,28.426307678222656
24.8984375,28.41492462158203
24.9140625,28.43218994140625
24.9296875,28.435874938964844
24.9453125,28.441741943359375
24.9609375,28.446151733398438
24.9765625,28.449462890625
24.9921875,28.457550048828125
25.0078125,28.474090576171875
25.0234375,28.461227416992188
25.0390625,28.475189208984375
25.0546875,28.4847412109375
25.0703125,28.479225158691406
25.0859375,28.47997283935547
25.1015625,28.48621368408203
25.1171875,28.49981689453125
25.1328125,28.490623474121094
25.1484375,28.499069213867188
25.1640625,28.51708221435547
25.1796875,28.52001953125
25.1953125,28.514877319335938
25.2109375,28.52332305908203
25.2265625,28.531417846679688
25.2421875,28.545745849609375
25.2578125,28.545013427734375
25.2734375,28.558242797851562
25.2890625,28.564483642578125
25.3046875,28.577346801757812
25.3203125,28.586532592773438
25.3359375,28.599037170410156
25.3515625,28.60858154296875
25.3671875,28.618507385253906
25.3828125,28.616676330566406
25.3984375,28.62291717529297
25.4140625,28.627700805664062
25.4296875,28.63872528076172
25.4453125,28.64313507080078
25.4609375,28.63872528076172
25.4765625,28.64569854736328
25.4921875,28.64238739013672
25.5078125,28.6251220703125
25.5234375,28.637977600097656
25.5390625,28.637977600097656
25.5546875,28.629531860351562
25.5703125,28.623291015625
25.5859375,28.62732696533203
25.6015625,28.627700805664062
25.6171875,28.616676330566406
25.6328125,28.60638427734375
25.6484375,28.60344696044922
25.6640625,28.603073120117188
25.6796875,28.58580780029297
25.6953125,28.597564697265625
25.7109375,28.59204864501953
25.7265625,28.5909423828125
25.7421875,28.58690643310547
25.7578125,28.56999969482422
25.7734375,28.56816864013672
25.7890625,28.55860137939453
25.8046875,28.55493927001953
25.8203125,28.551254272460938
25.8359375,28.558242797851562
25.8515625,28.549423217773438
25.8671875,28.531417846679688
25.8828125,28.53986358642578
25.8984375,28.542068481445312
25.9140625,28.528106689453125
25.9296875,28.530685424804688
25.9453125,28.524070739746094
25.9609375,28.525169372558594
25.9765625,28.529579162597656
25.9921875,28.524070739746094
26.0078125,28.509368896484375
26.0234375,28.514144897460938
26.0390625,28.491355895996094
26.0546875,28.496505737304688
26.0703125,28.50347900390625
26.0859375,28.485107421875
26.1015625,28.487686157226562
26.1171875,28.494659423828125
26.1328125,28.471153259277344
26.1484375,28.475189208984375
26.1640625,28.478500366210938
26.1796875,28.46636962890625
26.1953125,28.460128784179688
26.2109375,28.478866577148438
26.2265625,28.457550048828125
26.2421875,28.459754943847656
26.2578125,28.458282470703125
26.2734375,28.44873046875
26.2890625,28.443946838378906
26.3046875,28.439910888671875
26.3203125,28.453140258789062
26.3359375,28.445053100585938
26.3515625,28.457550048828125
26.3671875,28.4468994140625
26.3828125,28.442489624023438
26.3984375,28.455345153808594
26.4140625,28.436233520507812
26.4296875,28.42815399169922
26.4453125,28.44652557373047
26.4609375,28.438079833984375
26.4765625,28.42815399169922
26.4921875,28.425582885742188
26.5078125,28.427413940429688
26.5234375,28.43182373046875
26.5390625,28.41124725341797
26.5546875,28.421539306640625
26.5703125,28.422271728515625
26.5859375,28.437705993652344
26.6015625,28.41307830810547
26.6171875,28.421539306640625
26.6328125,28.424476623535156
26.6484375,28.41307830810547
26.6640625,28.424476623535156
26.6796875,28.436233520507812
26.6953125,28.440284729003906
26.7109375,28.434402465820312
26.7265625,28.42888641357422
26.7421875,28.446151733398438
26.7578125,28.451309204101562
26.7734375,28.4476318359375
26.7890625,28.473358154296875
26.8046875,28.47997283935547
26.8203125,28.49761199951172
26.8359375,28.506431579589844
26.8515625,28.524795532226562
26.8671875,28.52001953125
26.8828125,28.529937744140625
26.8984375,28.542068481445312
26.9140625,28.545013427734375
26.9296875,28.546478271484375
26.9453125,28.558242797851562
26.9609375,28.55677032470703
26.9765625,28.57330322265625
26.9921875,28.57147216796875
27.0078125,28.57330322265625
27.0234375,28.559349060058594
27.0390625,28.578819274902344
27.0546875,28.57330322265625
27.0703125,28.57367706298828
27.0859375,28.57330322265625
27.1015625,28.56816864013672
27.1171875,28.563758850097656
27.1328125,28.561912536621094
27.1484375,28.551986694335938
27.1640625,28.564483642578125
27.1796875,28.55236053466797
27.1953125,28.559349060058594
27.2109375,28.560073852539062
27.2265625,28.551986694335938
27.2421875,28.53802490234375
27.2578125,28.542068481445312
27.2734375,28.541709899902344
27.2890625,28.526275634765625
27.3046875,28.52332305908203
27.3203125,28.531784057617188
27.3359375,28.5203857421875
27.3515625,28.52332305908203
27.3671875,28.513778686523438
27.3828125,28.51966094970703
27.3984375,28.50312042236328
27.4140625,28.52001953125
27.4296875,28.508262634277344
27.4453125,28.507530212402344
27.4609375,28.482177734375
27.4765625,28.493560791015625
27.4921875,28.496505737304688
27.5078125,28.506431579589844
27.5234375,28.4847412109375
27.5390625,28.48180389404297
27.5546875,28.489891052246094
27.5703125,28.47997283935547
27.5859375,28.46636962890625
27.6015625,28.460487365722656
27.6171875,28.46453857421875
27.6328125,28.457550048828125
27.6484375,28.445419311523438
27.6640625,28.443222045898438
27.6796875,28.451309204101562
27.6953125,28.456451416015625
27.7109375,28.44910430908203
27.7265625,28.445419311523438
27.7421875,28.435501098632812
27.7578125,28.436973571777344
27.7734375,28.438438415527344
27.7890625,28.42815399169922
27.8046875,28.438079833984375
27.8203125,28.42926025390625
27.8359375,28.41748809814453
27.8515625,28.41307830810547
27.8671875,28.40941619873047
27.8828125,28.41124725341797
27.8984375,28.410873413085938
27.9140625,28.407569885253906
27.9296875,28.408668518066406
27.9453125,28.39543914794922
27.9609375,28.39728546142578
27.9765625,28.39543914794922
27.9921875,28.401695251464844
28.0078125,28.391029357910156
28.0234375,28.386619567871094
28.0390625,28.389572143554688
28.0546875,28.389572143554688
28.0703125,28.391029357910156
28.0859375,28.392501831054688
28.1015625,28.391403198242188
28.1171875,28.37523651123047
28.1328125,28.38220977783203
28.1484375,28.374496459960938
28.1640625,28.37523651123047
28.1796875,28.37779998779297
28.1953125,28.37413787841797
28.2109375,28.372665405273438
28.2265625,28.370826721191406
28.2421875,28.384056091308594
28.2578125,28.37779998779297
28.2734375,28.372665405273438
28.2890625,28.372665405273438
28.3046875,28.391029357910156
28.3203125,28.38220977783203
28.3359375,28.388465881347656
28.3515625,28.388465881347656
28.3671875,28.39801788330078
28.3828125,28.391029357910156
28.3984375,28.39728546142578
28.4140625,28.404632568359375
28.4296875,28.41162109375
28.4453125,28.426307678222656
28.4609375,28.42926025390625
28.4765625,28.4134521484375
28.4921875,28.423744201660156
28.5078125,28.443588256835938
28.5234375,28.44469451904297
28.5390625,28.441383361816406
28.5546875,28.474090576171875
28.5703125,28.457550048828125
28.5859375,28.474090576171875
28.6015625,28.459754943847656
28.6171875,28.46930694580078
28.6328125,28.474815368652344
28.6484375,28.485107421875
28.6640625,28.50091552734375
28.6796875,28.50347900390625
28.6953125,28.52001953125
28.7109375,28.514144897460938
28.7265625,28.511566162109375
28.7421875,28.515975952148438
28.7578125,28.542068481445312
28.7734375,28.531417846679688
28.7890625,28.533248901367188
28.8046875,28.527374267578125
28.8203125,28.53509521484375
28.8359375,28.53472137451172
28.8515625,28.53730010986328
28.8671875,28.53472137451172
28.8828125,28.53802490234375
28.8984375,28.551986694335938
28.9140625,28.548324584960938
28.9296875,28.544273376464844
28.9453125,28.549423217773438
28.9609375,28.544273376464844
28.9765625,28.543914794921875
28.9921875,28.53875732421875
29.0078125,28.53545379638672
29.0234375,28.542808532714844
29.0390625,28.541336059570312
29.0546875,28.525169372558594
29.0703125,28.531044006347656
29.0859375,28.52332305908203
29.1015625,28.52332305908203
29.1171875,28.530685424804688
29.1328125,28.513404846191406
29.1484375,28.52001953125
29.1640625,28.50238037109375
29.1796875,28.508262634277344
29.1953125,28.48694610595703
29.2109375,28.50164794921875
29.2265625,28.507530212402344
29.2421875,28.508995056152344
29.2578125,28.50017547607422
29.2734375,28.50054931640625
29.2890625,28.496505737304688
29.3046875,28.50274658203125
29.3203125,28.494659423828125
29.3359375,28.47997283935547
29.3515625,28.471153259277344
29.3671875,28.477020263671875
29.3828125,28.478866577148438
29.3984375,28.46527099609375
29.4140625,28.474456787109375
29.4296875,28.463058471679688
29.4453125,28.460487365722656
29.4609375,28.457550048828125
29.4765625,28.46710205078125
29.4921875,28.453514099121094
29.5078125,28.443946838378906
29.5234375,28.449462890625
29.5390625,28.433670043945312
29.5546875,28.438438415527344
29.5703125,28.42999267578125
29.5859375,28.438079833984375
29.6015625,28.42705535888672
29.6171875,28.43071746826172
29.6328125,28.421897888183594
29.6484375,28.42815399169922
29.6640625,28.4134521484375
29.6796875,28.41748809814453
29.6953125,28.425949096679688
29.7109375,28.426307678222656
29.7265625,28.419334411621094
29.7421875,28.41565704345703
29.7578125,28.421539306640625
29.7734375,28.408309936523438
29.7890625,28.419334411621094
29.8046875,28.415283203125
29.8203125,28.41565704345703
29.8359375,28.403533935546875
29.8515625,28.41565704345703
29.8671875,28.41748809814453
29.8828125,28.403533935546875
29.8984375,28.41307830810547
29.9140625,28.41492462158203
29.9296875,28.403533935546875
29.9453125,28.404632568359375
29.9609375,28.39728546142578
29.9765625,28.41124725341797
29.9921875,28.39764404296875
30.0078125,28.401321411132812
30.0234375,28.403533935546875
30.0390625,28.403533935546875
30.0546875,28.39728546142578
30.0703125,28.39543914794922
30.0859375,28.392501831054688
30.1015625,28.401695251464844
30.1171875,28.39177703857422
30.1328125,28.39543914794922
30.1484375,28.39801788330078
30.1640625,28.39471435546875
30.1796875,28.39691162109375
30.1953125,28.391029357910156
30.2109375,28.401695251464844
30.2265625,28.39543914794922
30.2421875,28.410873413085938
30.2578125,28.405006408691406
30.2734375,28.41162109375
30.2890625,28.41124725341797
30.3046875,28.422645568847656
30.3203125,28.43512725830078
30.3359375,28.43109130859375
30.3515625,28.451309204101562
30.3671875,28.460861206054688
30.3828125,28.461227416992188
30.3984375,28.47997283935547
30.4140625,28.49944305419922
30.4296875,28.50238037109375
30.4453125,28.5174560546875
30.4609375,28.526275634765625
30.4765625,28.531417846679688
30.4921875,28.547950744628906
30.5078125,28.565589904785156
30.5234375,28.57330322265625
30.5390625,28.582122802734375
30.5546875,28.58580780029297
30.5703125,28.603073120117188
30.5859375,28.619979858398438
30.6015625,28.62549591064453
30.6171875,28.632469177246094
30.6328125,28.64496612548828
30.6484375,28.665184020996094
30.6640625,28.655616760253906
30.6796875,28.65819549560547
30.6953125,28.667015075683594
30.7109375,28.681716918945312
30.7265625,28.686126708984375
30.7421875,28.685386657714844
30.7578125,28.69605255126953
30.7734375,28.703025817871094
30.7890625,28.71479034423828
30.8046875,28.716629028320312
30.8203125,28.710006713867188
30.8359375,28.716629028320312
30.8515625,28.7298583984375
30.8671875,28.719558715820312
30.8828125,28.731689453125
30.8984375,28.734268188476562
30.9140625,28.738677978515625
30.9296875,28.73058319091797
30.9453125,28.737197875976562
30.9609375,28.735366821289062
30.9765625,28.738677978515625
30.9921875,28.735366821289062
31.0078125,28.742713928222656
31.0234375,28.742355346679688
31.0390625,28.735366821289062
31.0546875,28.739044189453125
31.0703125,28.718826293945312
31.0859375,28.726173400878906
31.1015625,28.719932556152344
31.1171875,28.71221923828125
31.1328125,28.71331787109375
31.1484375,28.71221923828125
