# Time (seconds),f0
0.0078125,26.414718627929688
0.0234375,26.412506103515625
0.0390625,26.415443420410156
0.0546875,26.433456420898438
0.0703125,26.426467895507812
0.0859375,26.428314208984375
0.1015625,26.424636840820312
0.1171875,26.43896484375
0.1328125,26.43824005126953
0.1484375,26.423904418945312
0.1640625,26.422805786132812
0.1796875,26.423538208007812
0.1953125,26.426467895507812
0.2109375,26.42426300048828
0.2265625,26.413238525390625
0.2421875,26.441177368164062
0.2578125,26.41912841796875
0.2734375,26.426467895507812
0.2890625,26.427574157714844
0.3046875,26.426467895507812
0.3203125,26.413238525390625
0.3359375,26.424636840820312
0.3515625,26.424636840820312
0.3671875,26.43383026123047
0.3828125,26.43896484375
0.3984375,26.424636840820312
0.4140625,26.42095947265625
0.4296875,26.426467895507812
0.4453125,26.428314208984375
0.4609375,26.427947998046875
0.4765625,26.42060089111328
0.4921875,26.427947998046875
0.5078125,26.434555053710938
0.5234375,26.426841735839844
0.5390625,26.414718627929688
0.5546875,26.42095947265625
0.5703125,26.428314208984375
0.5859375,26.410675048828125
0.6015625,26.426467895507812
0.6171875,26.435287475585938
0.6328125,26.427215576171875
0.6484375,26.430877685546875
0.6640625,26.43383026123047
0.6796875,26.43566131591797
0.6953125,26.41728973388672
0.7109375,26.424636840820312
0.7265625,26.426467895507812
0.7421875,26.422805786132812
0.7578125,26.430877685546875
0.7734375,26.433456420898438
0.7890625,26.422805786132812
0.8046875,26.413986206054688
0.8203125,26.443008422851562
0.8359375,26.447418212890625
0.8515625,26.430877685546875
0.8671875,26.425369262695312
0.8828125,26.42095947265625
0.8984375,26.426467895507812
0.9140625,26.427947998046875
0.9296875,26.41949462890625
0.9453125,26.41912841796875
0.9609375,26.428314208984375
0.9765625,26.425369262695312
0.9921875,26.424636840820312
1.0078125,26.41949462890625
1.0234375,26.410675048828125
1.0390625,26.433456420898438
1.0546875,26.410675048828125
1.0703125,26.414718627929688
1.0859375,26.412506103515625
1.1015625,26.42169952392578
1.1171875,26.423538208007812
1.1328125,26.41985321044922
1.1484375,26.411033630371094
1.1640625,26.405899047851562
1.1796875,26.410675048828125
1.1953125,26.398910522460938
1.2109375,26.395973205566406
1.2265625,26.405166625976562
1.2421875,26.397079467773438
1.2578125,26.396347045898438
1.2734375,26.410675048828125
1.2890625,26.40662384033203
1.3046875,26.405166625976562
1.3203125,26.40221405029297
1.3359375,26.40221405029297
1.3515625,26.394500732421875
1.3671875,26.398178100585938
1.3828125,26.393035888671875
1.3984375,26.390830993652344
1.4140625,26.389358520507812
1.4296875,26.397445678710938
1.4453125,26.38385009765625
1.4609375,26.388626098632812
1.4765625,26.388626098632812
1.4921875,26.381637573242188
1.5078125,26.388626098632812
1.5234375,26.376861572265625
1.5390625,26.392669677734375
1.5546875,26.38677978515625
1.5703125,26.38385009765625
1.5859375,26.37134552001953
1.6015625,26.375396728515625
1.6171875,26.376502990722656
1.6328125,26.391563415527344
1.6484375,26.377960205078125
1.6640625,26.378707885742188
1.6796875,26.381637573242188
1.6953125,26.372093200683594
1.7109375,26.372817993164062
1.7265625,26.376129150390625
1.7421875,26.377960205078125
1.7578125,26.388626098632812
1.7734375,26.38091278076172
1.7890625,26.375396728515625
1.8046875,26.376129150390625
1.8203125,26.370986938476562
1.8359375,26.379806518554688
1.8515625,26.376502990722656
1.8671875,26.3673095703125
1.8828125,26.372093200683594
1.8984375,26.38091278076172
1.9140625,26.374298095703125
1.9296875,26.353347778320312
1.9453125,26.370986938476562
1.9609375,26.36583709716797
1.9765625,26.358863830566406
1.9921875,26.36583709716797
2.0078125,26.355178833007812
2.0234375,26.37024688720703
2.0390625,26.377960205078125
2.0546875,26.3680419921875
2.0703125,26.375030517578125
2.0859375,26.369140625
2.1015625,26.377960205078125
2.1171875,26.363998413085938
2.1328125,26.369140625
2.1484375,26.369140625
2.1640625,26.36768341064453
2.1796875,26.377960205078125
2.1953125,26.377960205078125
2.2109375,26.36583709716797
2.2265625,26.364730834960938
2.2421875,26.372817993164062
2.2578125,26.389732360839844
2.2734375,26.378334045410156
2.2890625,26.369140625
2.3046875,26.38568115234375
2.3203125,26.375396728515625
2.3359375,26.38347625732422
2.3515625,26.378334045410156
2.3671875,26.375030517578125
2.3828125,26.38091278076172
2.3984375,26.370986938476562
2.4140625,26.369140625
2.4296875,26.38091278076172
2.4453125,26.372817993164062
2.4609375,26.375396728515625
2.4765625,26.372817993164062
2.4921875,26.378707885742188
2.5078125,26.376502990722656
2.5234375,26.377601623535156
2.5390625,26.357017517089844
2.5546875,26.363998413085938
2.5703125,26.361801147460938
2.5859375,26.37134552001953
2.6015625,26.365478515625
2.6171875,26.36583709716797
2.6328125,26.355552673339844
2.6484375,26.355178833007812
2.6640625,26.358863830566406
2.6796875,26.34673309326172
2.6953125,26.35076904296875
2.7109375,26.35150146484375
2.7265625,26.358863830566406
2.7421875,26.369140625
2.7578125,26.365478515625
2.7734375,26.353347778320312
2.7890625,26.358863830566406
2.8046875,26.357017517089844
2.8203125,26.357017517089844
2.8359375,26.34929656982422
2.8515625,26.360694885253906
2.8671875,26.35076904296875
2.8828125,26.35076904296875
2.8984375,26.34783935546875
2.9140625,26.358489990234375
2.9296875,26.357017517089844
2.9453125,26.357017517089844
2.9609375,26.337539672851562
2.9765625,26.341949462890625
2.9921875,26.35076904296875
3.0078125,26.341583251953125
3.0234375,26.355178833007812
3.0390625,26.35260772705078
3.0546875,26.34929656982422
3.0703125,26.357017517089844
3.0859375,26.34893798828125
3.1015625,26.34893798828125
3.1171875,26.34967041015625
3.1328125,26.35260772705078
3.1484375,26.34673309326172
3.1640625,26.337539672851562
3.1796875,26.341583251953125
3.1953125,26.337539672851562
3.2109375,26.335708618164062
3.2265625,26.335708618164062
3.2421875,26.33496856689453
3.2578125,26.34819793701172
3.2734375,26.34893798828125
3.2890625,26.343055725097656
3.3046875,26.3338623046875
3.3203125,26.341583251953125
3.3359375,26.35076904296875
3.3515625,26.341583251953125
3.3671875,26.341583251953125
3.3828125,26.355552673339844
3.3984375,26.341949462890625
3.4140625,26.33055877685547
3.4296875,26.33203125
3.4453125,26.3338623046875
3.4609375,26.320632934570312
3.4765625,26.325042724609375
3.4921875,26.335708618164062
3.5078125,26.35187530517578
3.5234375,26.327621459960938
3.5390625,26.326889038085938
3.5546875,26.337539672851562
3.5703125,26.335342407226562
3.5859375,26.341583251953125
3.6015625,26.357017517089844
3.6171875,26.341949462890625
3.6328125,26.341583251953125
3.6484375,26.324310302734375
3.6640625,26.341949462890625
3.6796875,26.337539672851562
3.6953125,26.341583251953125
3.7109375,26.3338623046875
3.7265625,26.335342407226562
3.7421875,26.337539672851562
3.7578125,26.336814880371094
3.7734375,26.337539672851562
3.7890625,26.337539672851562
3.8046875,26.341583251953125
3.8203125,26.336814880371094
3.8359375,26.335708618164062
3.8515625,26.32909393310547
3.8671875,26.339752197265625
3.8828125,26.336814880371094
3.8984375,26.340850830078125
3.9140625,26.340118408203125
3.9296875,26.341224670410156
3.9453125,26.3309326171875
3.9609375,26.341224670410156
3.9765625,26.341583251953125
3.9921875,26.357017517089844
4.0078125,26.341224670410156
4.0234375,26.33055877685547
4.0390625,26.331298828125
4.0546875,26.337539672851562
4.0703125,26.3338623046875
4.0859375,26.341583251953125
4.1015625,26.357017517089844
4.1171875,26.34783935546875
4.1328125,26.337539672851562
4.1484375,26.35370635986328
4.1640625,26.34746551513672
4.1796875,26.341949462890625
4.1953125,26.341583251953125
4.2109375,26.35260772705078
4.2265625,26.34746551513672
4.2421875,26.34673309326172
4.2578125,26.343788146972656
4.2734375,26.36583709716797
4.2890625,26.357017517089844
4.3046875,26.339752197265625
4.3203125,26.357017517089844
4.3359375,26.357017517089844
4.3515625,26.34746551513672
4.3671875,26.337539672851562
4.3828125,26.331298828125
4.3984375,26.336814880371094
4.4140625,26.344528198242188
4.4296875,26.341949462890625
4.4453125,26.341583251953125
4.4609375,26.34893798828125
4.4765625,26.3338623046875
4.4921875,26.35076904296875
4.5078125,26.35260772705078
4.5234375,26.337539672851562
4.5390625,26.337539672851562
4.5546875,26.33203125
4.5703125,26.334609985351562
4.5859375,26.337539672851562
4.6015625,26.341583251953125
4.6171875,26.328353881835938
4.6328125,26.3309326171875
4.6484375,26.337539672851562
4.6640625,26.3309326171875
4.6796875,26.3309326171875
4.6953125,26.327621459960938
4.7109375,26.325416564941406
4.7265625,26.331298828125
4.7421875,26.327621459960938
4.7578125,26.328720092773438
4.7734375,26.322113037109375
4.7890625,26.336814880371094
4.8046875,26.322479248046875
4.8203125,26.322479248046875
4.8359375,26.31329345703125
4.8515625,26.319175720214844
4.8671875,26.3309326171875
4.8828125,26.328353881835938
4.8984375,26.322479248046875
4.9140625,26.321739196777344
4.9296875,26.319900512695312
4.9453125,26.309608459472656
4.9609375,26.31512451171875
4.9765625,26.323211669921875
4.9921875,26.325790405273438
5.0078125,26.31586456298828
5.0234375,26.31512451171875
5.0390625,26.304840087890625
5.0546875,26.31659698486328
5.0703125,26.321380615234375
5.0859375,26.323211669921875
5.1015625,26.31329345703125
5.1171875,26.325790405273438
5.1328125,26.322479248046875
5.1484375,26.325790405273438
5.1640625,26.305572509765625
5.1796875,26.31732940673828
5.1953125,26.309608459472656
5.2109375,26.31329345703125
5.2265625,26.305572509765625
5.2421875,26.304840087890625
5.2578125,26.308883666992188
5.2734375,26.29822540283203
5.2890625,26.31549072265625
5.3046875,26.29895782470703
5.3203125,26.308883666992188
5.3359375,26.308883666992188
5.3515625,26.29895782470703
5.3671875,26.309608459472656
5.3828125,26.31145477294922
5.3984375,26.304840087890625
5.4140625,26.31586456298828
5.4296875,26.31476593017578
5.4453125,26.309249877929688
5.4609375,26.309608459472656
5.4765625,26.304840087890625
5.4921875,26.31145477294922
5.5078125,26.30078887939453
5.5234375,26.29895782470703
5.5390625,26.308883666992188
5.5546875,26.308883666992188
5.5703125,26.303367614746094
5.5859375,26.31586456298828
5.6015625,26.29822540283203
5.6171875,26.31476593017578
5.6328125,26.303741455078125
5.6484375,26.307403564453125
5.6640625,26.302993774414062
5.6796875,26.304100036621094
5.6953125,26.302635192871094
5.7109375,26.29822540283203
5.7265625,26.309608459472656
5.7421875,26.31622314453125
5.7578125,26.31329345703125
5.7734375,26.29895782470703
5.7890625,26.304840087890625
5.8046875,26.308883666992188
5.8203125,26.31476593017578
5.8359375,26.304840087890625
5.8515625,26.309608459472656
5.8671875,26.31145477294922
5.8828125,26.31145477294922
5.8984375,26.31549072265625
5.9140625,26.29712677001953
5.9296875,26.31512451171875
5.9453125,26.309608459472656
5.9609375,26.29895782470703
5.9765625,26.305572509765625
5.9921875,26.304840087890625
6.0078125,26.31145477294922
6.0234375,26.309249877929688
6.0390625,26.309608459472656
6.0546875,26.305572509765625
6.0703125,26.31145477294922
6.0859375,26.310714721679688
6.1015625,26.308151245117188
6.1171875,26.305572509765625
6.1328125,26.304840087890625
6.1484375,26.304473876953125
6.1640625,26.31291961669922
6.1796875,26.304840087890625
6.1953125,26.302261352539062
6.2109375,26.31512451171875
6.2265625,26.29895782470703
6.2421875,26.309608459472656
6.2578125,26.31256103515625
6.2734375,26.319175720214844
6.2890625,26.31035614013672
6.3046875,26.304840087890625
6.3203125,26.284996032714844
6.3359375,26.302635192871094
6.3515625,26.31586456298828
6.3671875,26.31476593017578
6.3828125,26.31586456298828
6.3984375,26.305572509765625
6.4140625,26.308151245117188
6.4296875,26.304840087890625
6.4453125,26.304840087890625
6.4609375,26.31145477294922
6.4765625,26.31586456298828
6.4921875,26.31145477294922
6.5078125,26.31476593017578
6.5234375,26.2974853515625
6.5390625,26.294921875
6.5546875,26.309249877929688
6.5703125,26.29528045654297
6.5859375,26.29712677001953
6.6015625,26.30078887939453
6.6171875,26.29895782470703
6.6328125,26.29969024658203
6.6484375,26.307044982910156
6.6640625,26.295654296875
6.6796875,26.303741455078125
6.6953125,26.308151245117188
6.7109375,26.31329345703125
6.7265625,26.309249877929688
6.7421875,26.281692504882812
6.7578125,26.2960205078125
6.7734375,26.298583984375
6.7890625,26.31365966796875
6.8046875,26.295654296875
6.8203125,26.31476593017578
6.8359375,26.288665771484375
6.8515625,26.308883666992188
6.8671875,26.294921875
6.8828125,26.290512084960938
6.8984375,26.307403564453125
6.9140625,26.299331665039062
6.9296875,26.304840087890625
6.9453125,26.303741455078125
6.9609375,26.303741455078125
6.9765625,26.298583984375
6.9921875,26.300064086914062
7.0078125,26.301895141601562
7.0234375,26.300064086914062
7.0390625,26.301895141601562
7.0546875,26.29712677001953
7.0703125,26.294921875
7.0859375,26.28314971923828
7.1015625,26.29712677001953
7.1171875,26.290512084960938
7.1328125,26.27911376953125
7.1484375,26.289405822753906
7.1640625,26.27838134765625
7.1796875,26.291244506835938
7.1953125,26.288307189941406
7.2109375,26.293075561523438
7.2265625,26.286102294921875
7.2421875,26.282791137695312
7.2578125,26.27911376953125
7.2734375,26.294921875
7.2890625,26.28021240234375
7.3046875,26.273971557617188
7.3203125,26.27838134765625
7.3359375,26.28314971923828
7.3515625,26.28131866455078
7.3671875,26.27690887451172
7.3828125,26.273971557617188
7.3984375,26.27690887451172
7.4140625,26.28131866455078
7.4296875,26.27838134765625
7.4453125,26.265884399414062
7.4609375,26.273231506347656
7.4765625,26.27690887451172
7.4921875,26.271392822265625
7.5078125,26.266616821289062
7.5234375,26.273231506347656
7.5390625,26.2633056640625
7.5546875,26.272125244140625
7.5703125,26.271392822265625
7.5859375,26.26294708251953
7.6015625,26.266616821289062
7.6171875,26.271392822265625
7.6328125,26.26220703125
7.6484375,26.256332397460938
7.6640625,26.246414184570312
7.6796875,26.272125244140625
7.6953125,26.254127502441406
7.7109375,26.253028869628906
7.7265625,26.25853729248047
7.7421875,26.2607421875
7.7578125,26.25853729248047
7.7734375,26.26220703125
7.7890625,26.25743865966797
7.8046875,26.2603759765625
7.8203125,26.271392822265625
7.8359375,26.25853729248047
7.8515625,26.26220703125
7.8671875,26.265884399414062
7.8828125,26.2607421875
7.8984375,26.2603759765625
7.9140625,26.257064819335938
7.9296875,26.270294189453125
7.9453125,26.267715454101562
7.9609375,26.26294708251953
7.9765625,26.251182556152344
7.9921875,26.2603759765625
8.0078125,26.252281188964844
8.0234375,26.254127502441406
8.0390625,26.25853729248047
8.0546875,26.26220703125
8.0703125,26.265884399414062
8.0859375,26.261474609375
8.1015625,26.254859924316406
8.1171875,26.26220703125
8.1328125,26.269195556640625
8.1484375,26.256690979003906
8.1640625,26.256690979003906
8.1796875,26.25743865966797
8.1953125,26.25853729248047
8.2109375,26.26110076904297
8.2265625,26.248977661132812
8.2421875,26.250450134277344
8.2578125,26.265884399414062
8.2734375,26.271392822265625
8.2890625,26.270294189453125
8.3046875,26.256690979003906
8.3203125,26.252655029296875
8.3359375,26.26294708251953
8.3515625,26.271392822265625
8.3671875,26.265884399414062
8.3828125,26.265884399414062
8.3984375,26.265884399414062
8.4140625,26.271392822265625
8.4296875,26.265884399414062
8.4453125,26.26184844970703
8.4609375,26.272125244140625
8.4765625,26.273971557617188
8.4921875,26.265884399414062
8.5078125,26.266983032226562
8.5234375,26.2603759765625
8.5390625,26.257064819335938
8.5546875,26.266616821289062
8.5703125,26.2603759765625
8.5859375,26.253753662109375
8.6015625,26.26294708251953
8.6171875,26.254859924316406
8.6328125,26.265884399414062
8.6484375,26.265884399414062
8.6640625,26.2633056640625
8.6796875,26.269195556640625
8.6953125,26.2633056640625
8.7109375,26.265884399414062
8.7265625,26.24456787109375
8.7421875,26.240158081054688
8.7578125,26.256690979003906
8.7734375,26.255233764648438
8.7890625,26.240158081054688
8.8046875,26.241256713867188
8.8203125,26.24236297607422
8.8359375,26.250823974609375
8.8515625,26.247512817382812
8.8671875,26.238327026367188
8.8828125,26.247146606445312
8.8984375,26.24456787109375
8.9140625,26.24456787109375
8.9296875,26.25853729248047
8.9453125,26.251922607421875
8.9609375,26.256690979003906
8.9765625,26.251182556152344
8.9921875,26.24456787109375
9.0078125,26.238327026367188
9.0234375,26.240158081054688
9.0390625,26.235748291015625
9.0546875,26.247146606445312
9.0703125,26.247512817382812
9.0859375,26.240158081054688
9.1015625,26.240158081054688
9.1171875,26.235748291015625
9.1328125,26.256690979003906
9.1484375,26.247512817382812
9.1640625,26.247146606445312
9.1796875,26.238327026367188
9.1953125,26.247146606445312
9.2109375,26.236114501953125
9.2265625,26.256690979003906
9.2421875,26.24346160888672
9.2578125,26.253028869628906
9.2734375,26.254859924316406
9.2890625,26.256332397460938
9.3046875,26.255233764648438
9.3203125,26.248245239257812
9.3359375,26.25853729248047
9.3515625,26.26220703125
9.3671875,26.24787139892578
9.3828125,26.247146606445312
9.3984375,26.2607421875
9.4140625,26.254127502441406
9.4296875,26.254127502441406
9.4453125,26.250823974609375
9.4609375,26.252281188964844
9.4765625,26.239425659179688
9.4921875,26.24456787109375
9.5078125,26.254859924316406
9.5234375,26.2603759765625
9.5390625,26.266616821289062
9.5546875,26.2603759765625
9.5703125,26.254127502441406
9.5859375,26.25853729248047
9.6015625,26.252655029296875
9.6171875,26.26110076904297
9.6328125,26.26220703125
9.6484375,26.240158081054688
9.6640625,26.253028869628906
9.6796875,26.256690979003906
9.6953125,26.258895874023438
9.7109375,26.24346160888672
9.7265625,26.26220703125
9.7421875,26.254127502441406
9.7578125,26.254127502441406
9.7734375,26.24383544921875
9.7890625,26.250823974609375
9.8046875,26.248245239257812
9.8203125,26.254859924316406
9.8359375,26.257064819335938
9.8515625,26.253387451171875
9.8671875,26.254127502441406
9.8828125,26.240158081054688
9.8984375,26.254127502441406
9.9140625,26.240158081054688
9.9296875,26.265884399414062
9.9453125,26.24530792236328
9.9609375,26.257064819335938
9.9765625,26.24420928955078
9.9921875,26.2603759765625
10.0078125,26.257064819335938
10.0234375,26.24456787109375
10.0390625,26.246414184570312
10.0546875,26.24456787109375
10.0703125,26.256690979003906
10.0859375,26.253028869628906
10.1015625,26.254859924316406
10.1171875,26.24456787109375
10.1328125,26.254127502441406
10.1484375,26.254127502441406
10.1640625,26.256690979003906
10.1796875,26.2603759765625
10.1953125,26.25853729248047
10.2109375,26.255966186523438
10.2265625,26.248619079589844
10.2421875,26.247146606445312
10.2578125,26.247512817382812
10.2734375,26.250823974609375
10.2890625,26.251182556152344
10.3046875,26.250823974609375
10.3203125,26.239425659179688
10.3359375,26.25853729248047
10.3515625,26.26110076904297
10.3671875,26.247146606445312
10.3828125,26.247512817382812
10.3984375,26.266616821289062
10.4140625,26.251922607421875
10.4296875,26.272125244140625
10.4453125,26.266616821289062
10.4609375,26.256690979003906
10.4765625,26.257797241210938
10.4921875,26.26110076904297
10.5078125,26.248619079589844
10.5234375,26.253028869628906
10.5390625,26.26220703125
10.5546875,26.26220703125
10.5703125,26.265884399414062
10.5859375,26.239425659179688
10.6015625,26.261474609375
10.6171875,26.26294708251953
10.6328125,26.24383544921875
10.6484375,26.246414184570312
10.6640625,26.256690979003906
10.6796875,26.25853729248047
10.6953125,26.2603759765625
10.7109375,26.253028869628906
10.7265625,26.254127502441406
10.7421875,26.25853729248047
10.7578125,26.261474609375
10.7734375,26.252281188964844
10.7890625,26.24383544921875
10.8046875,26.240524291992188
10.8203125,26.237594604492188
10.8359375,26.233917236328125
10.8515625,26.237953186035156
10.8671875,26.24200439453125
10.8828125,26.235748291015625
10.8984375,26.238693237304688
10.9140625,26.233917236328125
10.9296875,26.232078552246094
10.9453125,26.254486083984375
10.9609375,26.235748291015625
10.9765625,26.22840118408203
10.9921875,26.239425659179688
11.0078125,26.238327026367188
11.0234375,26.232810974121094
11.0390625,26.218849182128906
11.0546875,26.213340759277344
11.0703125,26.2261962890625
11.0859375,26.22913360595703
11.1015625,26.2269287109375
11.1171875,26.20635223388672
11.1328125,26.222518920898438
11.1484375,26.227294921875
11.1640625,26.217002868652344
11.1796875,26.217750549316406
11.1953125,26.211868286132812
11.2109375,26.215171813964844
11.2265625,26.21002960205078
11.2421875,26.20782470703125
11.2578125,26.21002960205078
11.2734375,26.21038818359375
11.2890625,26.200111389160156
11.3046875,26.211868286132812
11.3203125,26.220687866210938
11.3359375,26.21002960205078
11.3515625,26.21002960205078
11.3671875,26.217002868652344
11.3828125,26.21076202392578
11.3984375,26.20708465576172
11.4140625,26.21002960205078
11.4296875,26.20635223388672
11.4453125,26.19385528564453
11.4609375,26.203773498535156
11.4765625,26.20635223388672
11.4921875,26.21002960205078
11.5078125,26.1920166015625
11.5234375,26.201942443847656
11.5390625,26.195701599121094
11.5546875,26.200111389160156
11.5703125,26.20708465576172
11.5859375,26.191650390625
11.6015625,26.199363708496094
11.6171875,26.20818328857422
11.6328125,26.201942443847656
11.6484375,26.20818328857422
11.6640625,26.200111389160156
11.6796875,26.197532653808594
11.6953125,26.196800231933594
11.7109375,26.20818328857422
11.7265625,26.18798065185547
11.7421875,26.200111389160156
11.7578125,26.197158813476562
11.7734375,26.203773498535156
11.7890625,26.195327758789062
11.8046875,26.201942443847656
11.8203125,26.195701599121094
11.8359375,26.184303283691406
11.8515625,26.196800231933594
11.8671875,26.18688201904297
11.8828125,26.200111389160156
11.8984375,26.19091796875
11.9140625,26.198265075683594
11.9296875,26.193496704101562
11.9453125,26.18798065185547
11.9609375,26.1927490234375
11.9765625,26.1898193359375
11.9921875,26.183570861816406
12.0078125,26.194229125976562
12.0234375,26.184303283691406
12.0390625,26.178787231445312
12.0546875,26.18798065185547
12.0703125,26.178062438964844
12.0859375,26.18871307373047
12.1015625,26.18871307373047
12.1171875,26.19091796875
12.1328125,26.181724548339844
12.1484375,26.1920166015625
12.1640625,26.200111389160156
12.1796875,26.197158813476562
12.1953125,26.186134338378906
12.2109375,26.182472229003906
12.2265625,26.18688201904297
12.2421875,26.187240600585938
12.2578125,26.18688201904297
12.2734375,26.20561981201172
12.2890625,26.185035705566406
12.3046875,26.197158813476562
12.3203125,26.187240600585938
12.3359375,26.199363708496094
12.3515625,26.20635223388672
12.3671875,26.18688201904297
12.3828125,26.191650390625
12.3984375,26.196060180664062
12.4140625,26.182472229003906
12.4296875,26.195327758789062
12.4453125,26.191650390625
12.4609375,26.18871307373047
12.4765625,26.198638916015625
12.4921875,26.200111389160156
12.5078125,26.19385528564453
12.5234375,26.198265075683594
12.5390625,26.20635223388672
12.5546875,26.200111389160156
12.5703125,26.1927490234375
12.5859375,26.197906494140625
12.6015625,26.203773498535156
12.6171875,26.20635223388672
12.6328125,26.213340759277344
12.6484375,26.197532653808594
12.6640625,26.199363708496094
12.6796875,26.20893096923828
12.6953125,26.20745849609375
12.7109375,26.215171813964844
12.7265625,26.218849182128906
12.7421875,26.203773498535156
12.7578125,26.21002960205078
12.7734375,26.20452117919922
12.7890625,26.211868286132812
12.8046875,26.20818328857422
12.8203125,26.200111389160156
12.8359375,26.198638916015625
12.8515625,26.200111389160156
12.8671875,26.203773498535156
12.8828125,26.201942443847656
12.8984375,26.197158813476562
12.9140625,26.20635223388672
12.9296875,26.1927490234375
12.9453125,26.197532653808594
12.9609375,26.20561981201172
12.9765625,26.196800231933594
12.9921875,26.197532653808594
13.0078125,26.19495391845703
13.0234375,26.19091796875
13.0390625,26.193496704101562
13.0546875,26.180625915527344
13.0703125,26.195327758789062
13.0859375,26.19091796875
13.1015625,26.191650390625
13.1171875,26.184303283691406
13.1328125,26.193496704101562
13.1484375,26.1927490234375
13.1640625,26.176589965820312
13.1796875,26.1927490234375
13.1953125,26.17144775390625
13.2109375,26.184303283691406
13.2265625,26.197532653808594
13.2421875,26.193496704101562
13.2578125,26.18798065185547
13.2734375,26.19239044189453
13.2890625,26.17327880859375
13.3046875,26.182472229003906
13.3203125,26.17731475830078
13.3359375,26.17327880859375
13.3515625,26.17731475830078
13.3671875,26.180999755859375
13.3828125,26.182830810546875
13.3984375,26.184303283691406
13.4140625,26.17731475830078
13.4296875,26.164833068847656
13.4453125,26.17731475830078
13.4609375,26.17327880859375
13.4765625,26.164833068847656
13.4921875,26.182830810546875
13.5078125,26.175857543945312
13.5234375,26.17327880859375
13.5390625,26.17731475830078
13.5546875,26.17327880859375
13.5703125,26.19091796875
13.5859375,26.182472229003906
13.6015625,26.180999755859375
13.6171875,26.17731475830078
13.6328125,26.17731475830078
13.6484375,26.182472229003906
13.6640625,26.17731475830078
13.6796875,26.17327880859375
13.6953125,26.17327880859375
13.7109375,26.169601440429688
13.7265625,26.17731475830078
13.7421875,26.17327880859375
13.7578125,26.180999755859375
13.7734375,26.17327880859375
13.7890625,26.180999755859375
13.8046875,26.182472229003906
13.8203125,26.164833068847656
13.8359375,26.182472229003906
13.8515625,26.17731475830078
13.8671875,26.15857696533203
13.8828125,26.161521911621094
13.8984375,26.166664123535156
13.9140625,26.164085388183594
13.9296875,26.180999755859375
13.9453125,26.17327880859375
13.9609375,26.169601440429688
13.9765625,26.17218017578125
13.9921875,26.168495178222656
14.0078125,26.164833068847656
14.0234375,26.180625915527344
14.0390625,26.168495178222656
14.0546875,26.17218017578125
14.0703125,26.161521911621094
14.0859375,26.168495178222656
14.1015625,26.164833068847656
14.1171875,26.17218017578125
14.1328125,26.168495178222656
14.1484375,26.168495178222656
14.1640625,26.17365264892578
14.1796875,26.169967651367188
14.1953125,26.168495178222656
14.2109375,26.168495178222656
14.2265625,26.164833068847656
14.2421875,26.17144775390625
14.2578125,26.168495178222656
14.2734375,26.180999755859375
14.2890625,26.17218017578125
14.3046875,26.168495178222656
14.3203125,26.17218017578125
14.3359375,26.168495178222656
14.3515625,26.181724548339844
14.3671875,26.17475128173828
14.3828125,26.175857543945312
14.3984375,26.17731475830078
14.4140625,26.17327880859375
14.4296875,26.180999755859375
14.4453125,26.176589965820312
14.4609375,26.17327880859375
14.4765625,26.17144775390625
14.4921875,26.168495178222656
14.5078125,26.178421020507812
14.5234375,26.182472229003906
14.5390625,26.168495178222656
14.5546875,26.184303283691406
14.5703125,26.183570861816406
14.5859375,26.17731475830078
14.6015625,26.1927490234375
14.6171875,26.1927490234375
14.6328125,26.1927490234375
14.6484375,26.182472229003906
14.6640625,26.182472229003906
14.6796875,26.186134338378906
14.6953125,26.17731475830078
14.7109375,26.17365264892578
14.7265625,26.166664123535156
14.7421875,26.17144775390625
14.7578125,26.164833068847656
14.7734375,26.17731475830078
14.7890625,26.166664123535156
14.8046875,26.182472229003906
14.8203125,26.17180633544922
14.8359375,26.176589965820312
14.8515625,26.178062438964844
14.8671875,26.17327880859375
14.8828125,26.17327880859375
14.8984375,26.163360595703125
14.9140625,26.168495178222656
14.9296875,26.179893493652344
14.9453125,26.164085388183594
14.9609375,26.163360595703125
14.9765625,26.17144775390625
14.9921875,26.163360595703125
15.0078125,26.160781860351562
15.0234375,26.164833068847656
15.0390625,26.17218017578125
15.0546875,26.165557861328125
15.0703125,26.160423278808594
15.0859375,26.165931701660156
15.1015625,26.162254333496094
15.1171875,26.163360595703125
15.1328125,26.161521911621094
15.1484375,26.15160369873047
15.1640625,26.15160369873047
15.1796875,26.150497436523438
15.1953125,26.147193908691406
15.2109375,26.163360595703125
15.2265625,26.160049438476562
15.2421875,26.151962280273438
15.2578125,26.146820068359375
15.2734375,26.158218383789062
15.2890625,26.15416717529297
15.3046875,26.147193908691406
15.3203125,26.135421752929688
15.3359375,26.15160369873047
15.3515625,26.15967559814453
15.3671875,26.146446228027344
15.3828125,26.146820068359375
15.3984375,26.129554748535156
15.4140625,26.142410278320312
15.4296875,26.13690185546875
15.4453125,26.132118225097656
15.4609375,26.130279541015625
15.4765625,26.13800048828125
15.4921875,26.14093780517578
15.5078125,26.15380859375
15.5234375,26.148651123046875
15.5390625,26.149024963378906
15.5546875,26.143142700195312
15.5703125,26.141311645507812
15.5859375,26.143142700195312
15.6015625,26.132858276367188
15.6171875,26.143142700195312
15.6328125,26.13873291015625
15.6484375,26.13873291015625
15.6640625,26.144241333007812
15.6796875,26.13800048828125
15.6953125,26.13983154296875
15.7109375,26.150497436523438
15.7265625,26.13873291015625
15.7421875,26.143142700195312
15.7578125,26.129913330078125
15.7734375,26.150856018066406
15.7890625,26.140579223632812
15.8046875,26.13800048828125
15.8203125,26.13579559326172
15.8359375,26.13983154296875
15.8515625,26.149024963378906
15.8671875,26.140579223632812
15.8828125,26.143142700195312
15.8984375,26.141311645507812
15.9140625,26.129554748535156
15.9296875,26.140579223632812
15.9453125,26.148651123046875
15.9609375,26.141677856445312
15.9765625,26.13800048828125
15.9921875,26.129180908203125
16.0078125,26.13396453857422
16.0234375,26.140579223632812
16.0390625,26.125503540039062
16.0546875,26.140579223632812
16.0703125,26.131011962890625
16.0859375,26.133590698242188
16.1015625,26.125503540039062
16.1171875,26.132118225097656
16.1328125,26.135421752929688
16.1484375,26.140579223632812
16.1640625,26.134689331054688
16.1796875,26.13873291015625
16.1953125,26.142410278320312
16.2109375,26.14093780517578
16.2265625,26.13837432861328
16.2421875,26.127708435058594
16.2578125,26.13690185546875
16.2734375,26.125869750976562
16.2890625,26.129554748535156
16.3046875,26.143882751464844
16.3203125,26.133216857910156
16.3359375,26.144241333007812
16.3515625,26.141311645507812
16.3671875,26.132118225097656
16.3828125,26.129554748535156
16.3984375,26.130279541015625
16.4140625,26.13396453857422
16.4296875,26.13652801513672
16.4453125,26.132858276367188
16.4609375,26.130279541015625
16.4765625,26.126243591308594
16.4921875,26.132118225097656
16.5078125,26.141311645507812
16.5234375,26.148651123046875
16.5390625,26.150856018066406
16.5546875,26.145721435546875
16.5703125,26.13983154296875
16.5859375,26.145347595214844
16.6015625,26.143142700195312
16.6171875,26.154541015625
16.6328125,26.144989013671875
16.6484375,26.154541015625
16.6640625,26.149757385253906
16.6796875,26.143882751464844
16.6953125,26.1563720703125
16.7109375,26.15160369873047
16.7265625,26.163360595703125
16.7421875,26.148651123046875
16.7578125,26.140579223632812
16.7734375,26.143142700195312
16.7890625,26.13800048828125
16.8046875,26.15160369873047
16.8203125,26.154541015625
16.8359375,26.148651123046875
16.8515625,26.145347595214844
16.8671875,26.143142700195312
16.8828125,26.13800048828125
16.8984375,26.150497436523438
16.9140625,26.15601348876953
16.9296875,26.13983154296875
16.9453125,26.13652801513672
16.9609375,26.151962280273438
16.9765625,26.12439727783203
16.9921875,26.13579559326172
17.0078125,26.161521911621094
17.0234375,26.134689331054688
17.0390625,26.13947296142578
17.0546875,26.13690185546875
17.0703125,26.145347595214844
17.0859375,26.14203643798828
17.1015625,26.140579223632812
17.1171875,26.150497436523438
17.1328125,26.131385803222656
17.1484375,26.13690185546875
17.1640625,26.120361328125
17.1796875,26.143882751464844
17.1953125,26.135421752929688
17.2109375,26.129913330078125
17.2265625,26.126243591308594
17.2421875,26.13396453857422
17.2578125,26.12256622314453
17.2734375,26.125503540039062
17.2890625,26.111915588378906
17.3046875,26.130653381347656
17.3203125,26.128448486328125
17.3359375,26.125503540039062
17.3515625,26.127708435058594
17.3671875,26.125144958496094
17.3828125,26.126602172851562
17.3984375,26.12439727783203
17.4140625,26.13762664794922
17.4296875,26.123672485351562
17.4453125,26.123672485351562
17.4609375,26.115219116210938
17.4765625,26.141311645507812
17.4921875,26.125869750976562
17.5078125,26.126602172851562
17.5234375,26.11815643310547
17.5390625,26.130279541015625
17.5546875,26.127349853515625
17.5703125,26.12109375
17.5859375,26.115951538085938
17.6015625,26.124771118164062
17.6171875,26.12073516845703
17.6328125,26.132118225097656
17.6484375,26.11962890625
17.6640625,26.126602172851562
17.6796875,26.1221923828125
17.6953125,26.1214599609375
17.7109375,26.127708435058594
17.7265625,26.11962890625
17.7421875,26.113372802734375
17.7578125,26.130653381347656
17.7734375,26.13396453857422
17.7890625,26.13579559326172
17.8046875,26.12439727783203
17.8203125,26.130279541015625
17.8359375,26.11632537841797
17.8515625,26.115951538085938
17.8671875,26.122940063476562
17.8828125,26.120361328125
17.8984375,26.128807067871094
17.9140625,26.130653381347656
17.9296875,26.127708435058594
17.9453125,26.120361328125
17.9609375,26.11998748779297
17.9765625,26.125869750976562
17.9921875,26.115951538085938
18.0078125,26.129913330078125
18.0234375,26.13837432861328
18.0390625,26.129913330078125
18.0546875,26.11742401123047
18.0703125,26.114479064941406
18.0859375,26.12256622314453
18.1015625,26.120361328125
18.1171875,26.132858276367188
18.1328125,26.114479064941406
18.1484375,26.129913330078125
18.1640625,26.120361328125
18.1796875,26.11962890625
18.1953125,26.130653381347656
18.2109375,26.11632537841797
18.2265625,26.11962890625
18.2421875,26.13947296142578
18.2578125,26.12329864501953
18.2734375,26.111915588378906
18.2890625,26.12109375
18.3046875,26.12073516845703
18.3203125,26.122940063476562
18.3359375,26.13396453857422
18.3515625,26.125144958496094
18.3671875,26.117782592773438
18.3828125,26.12439727783203
18.3984375,26.123672485351562
18.4140625,26.12073516845703
18.4296875,26.1221923828125
18.4453125,26.123672485351562
18.4609375,26.113746643066406
18.4765625,26.1192626953125
18.4921875,26.117050170898438
18.5078125,26.117050170898438
18.5234375,26.125503540039062
18.5390625,26.114852905273438
18.5546875,26.123672485351562
18.5703125,26.12256622314453
18.5859375,26.124771118164062
18.6015625,26.1221923828125
18.6171875,26.132118225097656
18.6328125,26.117782592773438
18.6484375,26.11815643310547
18.6640625,26.115577697753906
18.6796875,26.110809326171875
18.6953125,26.1221923828125
18.7109375,26.12109375
18.7265625,26.117050170898438
18.7421875,26.120361328125
18.7578125,26.129554748535156
18.7734375,26.125503540039062
18.7890625,26.126976013183594
18.8046875,26.110069274902344
18.8203125,26.127708435058594
18.8359375,26.11742401123047
18.8515625,26.126243591308594
18.8671875,26.12073516845703
18.8828125,26.1214599609375
18.8984375,26.126243591308594
18.9140625,26.132118225097656
18.9296875,26.134689331054688
18.9453125,26.113372802734375
18.9609375,26.123672485351562
18.9765625,26.127708435058594
18.9921875,26.124771118164062
19.0078125,26.11815643310547
19.0234375,26.12256622314453
19.0390625,26.11632537841797
19.0546875,26.11962890625
19.0703125,26.129913330078125
19.0859375,26.117782592773438
19.1015625,26.12073516845703
19.1171875,26.126243591308594
19.1328125,26.132118225097656
19.1484375,26.126976013183594
19.1640625,26.120361328125
19.1796875,26.129913330078125
19.1953125,26.120361328125
19.2109375,26.122940063476562
19.2265625,26.1192626953125
19.2421875,26.125144958496094
19.2578125,26.115951538085938
19.2734375,26.12439727783203
19.2890625,26.132118225097656
19.3046875,26.131759643554688
19.3203125,26.129913330078125
19.3359375,26.11815643310547
19.3515625,26.1185302734375
19.3671875,26.120361328125
19.3828125,26.113372802734375
19.3984375,26.122940063476562
19.4140625,26.125144958496094
19.4296875,26.120361328125
19.4453125,26.11632537841797
19.4609375,26.127708435058594
19.4765625,26.12256622314453
19.4921875,26.11632537841797
19.5078125,26.12256622314453
19.5234375,26.112274169921875
19.5390625,26.12073516845703
19.5546875,26.126976013183594
19.5703125,26.113746643066406
19.5859375,26.115219116210938
19.6015625,26.125503540039062
19.6171875,26.122940063476562
19.6328125,26.12439727783203
19.6484375,26.130279541015625
19.6640625,26.13579559326172
19.6796875,26.11632537841797
19.6953125,26.126976013183594
19.7109375,26.128448486328125
19.7265625,26.123672485351562
19.7421875,26.124771118164062
19.7578125,26.112640380859375
19.7734375,26.10419464111328
19.7890625,26.12439727783203
19.8046875,26.110443115234375
19.8203125,26.114120483398438
19.8359375,26.112274169921875
19.8515625,26.11888885498047
19.8671875,26.110443115234375
19.8828125,26.11962890625
19.8984375,26.114120483398438
19.9140625,26.11998748779297
19.9296875,26.114852905273438
19.9453125,26.113372802734375
19.9609375,26.11998748779297
19.9765625,26.11888885498047
19.9921875,26.114479064941406
20.0078125,26.11632537841797
20.0234375,26.1185302734375
20.0390625,26.125144958496094
20.0546875,26.111167907714844
20.0703125,26.114120483398438
20.0859375,26.108604431152344
20.1015625,26.113014221191406
20.1171875,26.120361328125
20.1328125,26.114479064941406
20.1484375,26.10419464111328
20.1640625,26.114479064941406
20.1796875,26.115219116210938
20.1953125,26.117050170898438
20.2109375,26.11962890625
20.2265625,26.09868621826172
20.2421875,26.108604431152344
20.2578125,26.10162353515625
20.2734375,26.116683959960938
20.2890625,26.11962890625
20.3046875,26.095375061035156
20.3203125,26.100143432617188
20.3359375,26.111167907714844
20.3515625,26.09868621826172
20.3671875,26.111541748046875
20.3828125,26.110443115234375
20.3984375,26.112274169921875
20.4140625,26.100143432617188
20.4296875,26.097213745117188
20.4453125,26.111167907714844
20.4609375,26.098312377929688
20.4765625,26.099044799804688
20.4921875,26.107505798339844
20.5078125,26.097213745117188
20.5234375,26.096481323242188
20.5390625,26.10419464111328
20.5546875,26.107505798339844
20.5703125,26.109710693359375
20.5859375,26.095733642578125
20.6015625,26.10455322265625
20.6171875,26.10234832763672
20.6328125,26.095001220703125
20.6484375,26.093528747558594
20.6640625,26.092071533203125
20.6796875,26.10162353515625
20.6953125,26.108604431152344
20.7109375,26.110443115234375
20.7265625,26.108230590820312
20.7421875,26.10419464111328
20.7578125,26.110443115234375
20.7734375,26.10051727294922
20.7890625,26.10419464111328
20.8046875,26.114852905273438
20.8203125,26.10455322265625
20.8359375,26.097938537597656
20.8515625,26.10162353515625
20.8671875,26.113014221191406
20.8828125,26.111167907714844
20.8984375,26.09868621826172
20.9140625,26.115951538085938
20.9296875,26.115951538085938
20.9453125,26.111167907714844
20.9609375,26.114479064941406
20.9765625,26.10419464111328
20.9921875,26.113014221191406
21.0078125,26.106033325195312
21.0234375,26.107864379882812
21.0390625,26.10162353515625
21.0546875,26.111541748046875
21.0703125,26.09868621826172
21.0859375,26.095375061035156
21.1015625,26.117050170898438
21.1171875,26.12073516845703
21.1328125,26.10419464111328
21.1484375,26.110809326171875
21.1640625,26.10419464111328
21.1796875,26.106033325195312
21.1953125,26.114479064941406
21.2109375,26.108604431152344
21.2265625,26.11998748779297
21.2421875,26.12256622314453
21.2578125,26.10419464111328
21.2734375,26.115951538085938
21.2890625,26.10162353515625
21.3046875,26.1185302734375
21.3203125,26.108963012695312
21.3359375,26.09868621826172
21.3515625,26.09868621826172
21.3671875,26.115951538085938
21.3828125,26.112274169921875
21.3984375,26.114120483398438
21.4140625,26.110443115234375
21.4296875,26.114479064941406
21.4453125,26.110443115234375
21.4609375,26.106033325195312
21.4765625,26.10345458984375
21.4921875,26.107864379882812
21.5078125,26.10051727294922
21.5234375,26.10345458984375
21.5390625,26.107505798339844
21.5546875,26.10419464111328
21.5703125,26.10455322265625
21.5859375,26.095375061035156
21.6015625,26.10162353515625
21.6171875,26.088394165039062
21.6328125,26.10419464111328
21.6484375,26.10345458984375
21.6640625,26.10419464111328
21.6796875,26.10345458984375
21.6953125,26.111167907714844
21.7109375,26.10345458984375
21.7265625,26.10162353515625
21.7421875,26.09978485107422
21.7578125,26.092071533203125
21.7734375,26.110443115234375
21.7890625,26.108230590820312
21.8046875,26.10162353515625
21.8203125,26.10419464111328
21.8359375,26.092071533203125
21.8515625,26.095375061035156
21.8671875,26.107505798339844
21.8828125,26.095375061035156
21.8984375,26.10345458984375
21.9140625,26.10419464111328
21.9296875,26.097213745117188
21.9453125,26.10162353515625
21.9609375,26.095001220703125
21.9765625,26.10455322265625
21.9921875,26.10051727294922
22.0078125,26.10162353515625
22.0234375,26.105300903320312
22.0390625,26.114479064941406
22.0546875,26.10051727294922
22.0703125,26.09868621826172
22.0859375,26.115219116210938
22.1015625,26.112274169921875
22.1171875,26.10455322265625
22.1328125,26.12329864501953
22.1484375,26.10419464111328
22.1640625,26.114120483398438
22.1796875,26.10419464111328
22.1953125,26.114120483398438
22.2109375,26.109710693359375
22.2265625,26.110809326171875
22.2421875,26.10345458984375
22.2578125,26.111167907714844
22.2734375,26.109710693359375
22.2890625,26.095001220703125
22.3046875,26.114479064941406
22.3203125,26.109710693359375
22.3359375,26.120361328125
22.3515625,26.108604431152344
22.3671875,26.111915588378906
22.3828125,26.1214599609375
22.3984375,26.12256622314453
22.4140625,26.107864379882812
22.4296875,26.114479064941406
22.4453125,26.10419464111328
22.4609375,26.107505798339844
22.4765625,26.113014221191406
22.4921875,26.117050170898438
22.5078125,26.106033325195312
22.5234375,26.10234832763672
22.5390625,26.10419464111328
22.5546875,26.11962890625
22.5703125,26.110443115234375
22.5859375,26.106033325195312
22.6015625,26.11962890625
22.6171875,26.108604431152344
22.6328125,26.113014221191406
22.6484375,26.10455322265625
22.6640625,26.123672485351562
22.6796875,26.114479064941406
22.6953125,26.112640380859375
22.7109375,26.115219116210938
22.7265625,26.10675811767578
22.7421875,26.111167907714844
22.7578125,26.106033325195312
22.7734375,26.12329864501953
22.7890625,26.110443115234375
22.8046875,26.111167907714844
22.8203125,26.111167907714844
22.8359375,26.110443115234375
22.8515625,26.09868621826172
22.8671875,26.09868621826172
22.8828125,26.114120483398438
22.8984375,26.10162353515625
22.9140625,26.110443115234375
22.9296875,26.10419464111328
22.9453125,26.108604431152344
22.9609375,26.110443115234375
22.9765625,26.115951538085938
22.9921875,26.11962890625
23.0078125,26.114479064941406
23.0234375,26.11962890625
23.0390625,26.126976013183594
23.0546875,26.114479064941406
23.0703125,26.108230590820312
23.0859375,26.108604431152344
23.1015625,26.107505798339844
23.1171875,26.106033325195312
23.1328125,26.10419464111328
23.1484375,26.117782592773438
23.1640625,26.10419464111328
23.1796875,26.10345458984375
23.1953125,26.108230590820312
23.2109375,26.10345458984375
23.2265625,26.116683959960938
23.2421875,26.113372802734375
23.2578125,26.114120483398438
23.2734375,26.114120483398438
23.2890625,26.09868621826172
23.3046875,26.111915588378906
23.3203125,26.108963012695312
23.3359375,26.114120483398438
23.3515625,26.111167907714844
23.3671875,26.106033325195312
23.3828125,26.114479064941406
23.3984375,26.10419464111328
23.4140625,26.11815643310547
23.4296875,26.111167907714844
23.4453125,26.114479064941406
23.4609375,26.111167907714844
23.4765625,26.116683959960938
23.4921875,26.124771118164062
23.5078125,26.114120483398438
23.5234375,26.106033325195312
23.5390625,26.111167907714844
23.5546875,26.114479064941406
23.5703125,26.10419464111328
23.5859375,26.111915588378906
23.6015625,26.10419464111328
23.6171875,26.106033325195312
23.6328125,26.10419464111328
23.6484375,26.10162353515625
23.6640625,26.110443115234375
23.6796875,26.098312377929688
23.6953125,26.10345458984375
23.7109375,26.114479064941406
23.7265625,26.114479064941406
23.7421875,26.114479064941406
23.7578125,26.106033325195312
23.7734375,26.113014221191406
23.7890625,26.115951538085938
23.8046875,26.111915588378906
23.8203125,26.108604431152344
23.8359375,26.117050170898438
23.8515625,26.113014221191406
23.8671875,26.125144958496094
23.8828125,26.114479064941406
23.8984375,26.108604431152344
23.9140625,26.108230590820312
23.9296875,26.126976013183594
23.9453125,26.111915588378906
23.9609375,26.116683959960938
23.9765625,26.10419464111328
23.9921875,26.112274169921875
24.0078125,26.116683959960938
24.0234375,26.122940063476562
24.0390625,26.108230590820312
24.0546875,26.123672485351562
24.0703125,26.12439727783203
24.0859375,26.127708435058594
24.1015625,26.1221923828125
24.1171875,26.110809326171875
24.1328125,26.11815643310547
24.1484375,26.116683959960938
24.1640625,26.114479064941406
24.1796875,26.117050170898438
24.1953125,26.11998748779297
24.2109375,26.116683959960938
24.2265625,26.115951538085938
24.2421875,26.11998748779297
24.2578125,26.114120483398438
24.2734375,26.114120483398438
24.2890625,26.117782592773438
24.3046875,26.11962890625
24.3203125,26.124771118164062
24.3359375,26.120361328125
24.3515625,26.114479064941406
24.3671875,26.12183380126953
24.3828125,26.11888885498047
24.3984375,26.095375061035156
24.4140625,26.11962890625
24.4296875,26.113014221191406
24.4453125,26.10234832763672
24.4609375,26.114479064941406
24.4765625,26.111915588378906
24.4921875,26.12329864501953
24.5078125,26.114479064941406
24.5234375,26.110809326171875
24.5390625,26.114120483398438
24.5546875,26.112640380859375
24.5703125,26.12073516845703
24.5859375,26.114479064941406
24.6015625,26.11815643310547
24.6171875,26.122940063476562
24.6328125,26.11815643310547
24.6484375,26.097213745117188
24.6640625,26.10419464111328
24.6796875,26.111915588378906
24.6953125,26.114479064941406
24.7109375,26.106033325195312
24.7265625,26.10162353515625
24.7421875,26.110443115234375
24.7578125,26.10675811767578
24.7734375,26.110809326171875
24.7890625,26.117782592773438
24.8046875,26.117782592773438
24.8203125,26.099044799804688
24.8359375,26.10419464111328
24.8515625,26.117782592773438
24.8671875,26.114479064941406
24.8828125,26.10345458984375
24.8984375,26.114479064941406
24.9140625,26.10419464111328
24.9296875,26.113372802734375
24.9453125,26.12109375
24.9609375,26.10345458984375
24.9765625,26.114479064941406
24.9921875,26.10419464111328
25.0078125,26.108963012695312
25.0234375,26.110443115234375
25.0390625,26.108604431152344
25.0546875,26.116683959960938
25.0703125,26.10345458984375
25.0859375,26.106033325195312
25.1015625,26.10419464111328
25.1171875,26.10345458984375
25.1328125,26.10419464111328
25.1484375,26.099044799804688
25.1640625,26.114479064941406
25.1796875,26.114479064941406
25.1953125,26.110069274902344
25.2109375,26.135421752929688
25.2265625,26.113014221191406
25.2421875,26.108963012695312
25.2578125,26.115951538085938
25.2734375,26.112640380859375
25.2890625,26.113014221191406
25.3046875,26.10345458984375
25.3203125,26.11962890625
25.3359375,26.116683959960938
25.3515625,26.114479064941406
25.3671875,26.11815643310547
25.3828125,26.112274169921875
25.3984375,26.12329864501953
25.4140625,26.120361328125
25.4296875,26.112274169921875
25.4453125,26.107864379882812
25.4609375,26.1214599609375
25.4765625,26.113372802734375
25.4921875,26.108230590820312
25.5078125,26.11632537841797
25.5234375,26.12073516845703
25.5390625,26.115219116210938
25.5546875,26.113014221191406
25.5703125,26.126976013183594
25.5859375,26.12256622314453
25.6015625,26.12256622314453
25.6171875,26.113746643066406
25.6328125,26.12439727783203
25.6484375,26.125503540039062
25.6640625,26.125503540039062
25.6796875,26.12109375
25.6953125,26.122940063476562
25.7109375,26.1221923828125
25.7265625,26.129913330078125
25.7421875,26.127708435058594
25.7578125,26.132492065429688
25.7734375,26.129554748535156
25.7890625,26.13396453857422
25.8046875,26.132118225097656
25.8203125,26.140579223632812
25.8359375,26.150856018066406
25.8515625,26.15343475341797
25.8671875,26.150497436523438
25.8828125,26.147193908691406
25.8984375,26.147193908691406
25.9140625,26.1563720703125
25.9296875,26.143142700195312
25.9453125,26.143142700195312
25.9609375,26.145347595214844
25.9765625,26.143142700195312
25.9921875,26.164085388183594
26.0078125,26.147193908691406
26.0234375,26.15601348876953
26.0390625,26.143142700195312
26.0546875,26.147918701171875
26.0703125,26.150497436523438
26.0859375,26.15160369873047
26.1015625,26.15160369873047
26.1171875,26.160781860351562
26.1328125,26.150856018066406
26.1484375,26.162254333496094
26.1640625,26.151962280273438
26.1796875,26.13947296142578
26.1953125,26.151962280273438
26.2109375,26.150497436523438
26.2265625,26.157470703125
26.2421875,26.140579223632812
26.2578125,26.154541015625
26.2734375,26.15416717529297
26.2890625,26.15601348876953
26.3046875,26.148651123046875
26.3203125,26.147918701171875
26.3359375,26.15416717529297
26.3515625,26.164085388183594
26.3671875,26.150856018066406
26.3828125,26.144989013671875
26.3984375,26.142410278320312
26.4140625,26.13800048828125
26.4296875,26.15160369873047
26.4453125,26.151962280273438
26.4609375,26.143142700195312
26.4765625,26.129913330078125
26.4921875,26.13873291015625
26.5078125,26.133590698242188
26.5234375,26.13983154296875
26.5390625,26.150497436523438
26.5546875,26.135421752929688
26.5703125,26.129913330078125
26.5859375,26.13652801513672
26.6015625,26.13873291015625
26.6171875,26.140579223632812
26.6328125,26.147193908691406
26.6484375,26.143882751464844
26.6640625,26.13800048828125
26.6796875,26.148651123046875
26.6953125,26.13800048828125
26.7109375,26.13652801513672
26.7265625,26.13983154296875
26.7421875,26.13616943359375
26.7578125,26.129913330078125
26.7734375,26.149024963378906
26.7890625,26.13726806640625
26.8046875,26.140579223632812
26.8203125,26.140579223632812
26.8359375,26.128448486328125
26.8515625,26.129554748535156
26.8671875,26.135421752929688
26.8828125,26.129554748535156
26.8984375,26.141311645507812
26.9140625,26.13837432861328
26.9296875,26.147193908691406
26.9453125,26.13652801513672
26.9609375,26.129913330078125
26.9765625,26.141677856445312
26.9921875,26.13579559326172
27.0078125,26.13616943359375
27.0234375,26.132118225097656
27.0390625,26.141311645507812
27.0546875,26.143882751464844
27.0703125,26.13652801513672
27.0859375,26.13579559326172
27.1015625,26.134689331054688
27.1171875,26.13690185546875
27.1328125,26.133590698242188
27.1484375,26.13947296142578
27.1640625,26.130279541015625
27.1796875,26.147193908691406
27.1953125,26.13873291015625
27.2109375,26.13579559326172
27.2265625,26.135421752929688
27.2421875,26.13579559326172
27.2578125,26.135421752929688
27.2734375,26.127708435058594
27.2890625,26.145347595214844
27.3046875,26.125503540039062
27.3203125,26.129554748535156
27.3359375,26.140579223632812
27.3515625,26.132858276367188
27.3671875,26.13983154296875
27.3828125,26.123672485351562
27.3984375,26.128448486328125
27.4140625,26.133216857910156
27.4296875,26.132858276367188
27.4453125,26.140579223632812
27.4609375,26.133590698242188
27.4765625,26.141311645507812
27.4921875,26.131385803222656
27.5078125,26.13396453857422
27.5234375,26.132118225097656
27.5390625,26.126243591308594
27.5546875,26.130279541015625
27.5703125,26.143142700195312
27.5859375,26.145347595214844
27.6015625,26.140579223632812
27.6171875,26.13983154296875
27.6328125,26.13579559326172
27.6484375,26.147193908691406
27.6640625,26.144241333007812
27.6796875,26.13947296142578
27.6953125,26.130279541015625
27.7109375,26.13983154296875
27.7265625,26.13983154296875
27.7421875,26.128448486328125
27.7578125,26.13983154296875
27.7734375,26.134323120117188
27.7890625,26.13396453857422
27.8046875,26.126243591308594
27.8203125,26.125144958496094
27.8359375,26.125869750976562
27.8515625,26.120361328125
27.8671875,26.131385803222656
27.8828125,26.130279541015625
27.8984375,26.129180908203125
27.9140625,26.128448486328125
27.9296875,26.15160369873047
27.9453125,26.13690185546875
27.9609375,26.147552490234375
27.9765625,26.13873291015625
27.9921875,26.151962280273438
28.0078125,26.15160369873047
28.0234375,26.148651123046875
28.0390625,26.143142700195312
28.0546875,26.147193908691406
28.0703125,26.164833068847656
28.0859375,26.147193908691406
28.1015625,26.160049438476562
28.1171875,26.15160369873047
28.1328125,26.15784454345703
28.1484375,26.164833068847656
28.1640625,26.160781860351562
28.1796875,26.17144775390625
28.1953125,26.164833068847656
28.2109375,26.17327880859375
28.2265625,26.164833068847656
28.2421875,26.182830810546875
28.2578125,26.182472229003906
28.2734375,26.182472229003906
28.2890625,26.17327880859375
28.3046875,26.18798065185547
28.3203125,26.182830810546875
28.3359375,26.186508178710938
28.3515625,26.169967651367188
28.3671875,26.180999755859375
28.3828125,26.1890869140625
28.3984375,26.178787231445312
28.4140625,26.196800231933594
28.4296875,26.182472229003906
28.4453125,26.1927490234375
28.4609375,26.175857543945312
28.4765625,26.195327758789062
28.4921875,26.187240600585938
28.5078125,26.18688201904297
28.5234375,26.188339233398438
28.5390625,26.196060180664062
28.5546875,26.183570861816406
28.5703125,26.182830810546875
28.5859375,26.186134338378906
28.6015625,26.185409545898438
28.6171875,26.1927490234375
28.6328125,26.193496704101562
28.6484375,26.1927490234375
28.6640625,26.185409545898438
28.6796875,26.1920166015625
28.6953125,26.18798065185547
28.7109375,26.1890869140625
28.7265625,26.19239044189453
28.7421875,26.18798065185547
28.7578125,26.196060180664062
28.7734375,26.19495391845703
28.7890625,26.191650390625
28.8046875,26.178421020507812
28.8203125,26.182830810546875
28.8359375,26.182098388671875
28.8515625,26.183570861816406
28.8671875,26.18798065185547
28.8828125,26.187240600585938
28.8984375,26.1927490234375
28.9140625,26.178062438964844
28.9296875,26.18798065185547
28.9453125,26.178787231445312
28.9609375,26.186508178710938
28.9765625,26.1927490234375
28.9921875,26.1890869140625
29.0078125,26.168495178222656
29.0234375,26.178062438964844
29.0390625,26.182472229003906
29.0546875,26.179161071777344
29.0703125,26.168495178222656
29.0859375,26.179893493652344
29.1015625,26.179893493652344
29.1171875,26.17327880859375
29.1328125,26.186508178710938
29.1484375,26.178062438964844
29.1640625,26.178421020507812
29.1796875,26.187240600585938
29.1953125,26.17327880859375
29.2109375,26.17327880859375
29.2265625,26.168495178222656
29.2421875,26.182830810546875
29.2578125,26.164833068847656
29.2734375,26.164833068847656
29.2890625,26.17731475830078
29.3046875,26.17327880859375
29.3203125,26.17365264892578
29.3359375,26.17327880859375
29.3515625,26.166664123535156
29.3671875,26.163360595703125
29.3828125,26.165557861328125
29.3984375,26.163360595703125
29.4140625,26.17327880859375
29.4296875,26.170700073242188
29.4453125,26.164833068847656
29.4609375,26.161521911621094
29.4765625,26.164833068847656
29.4921875,26.168495178222656
29.5078125,26.17731475830078
29.5234375,26.17327880859375
29.5390625,26.164833068847656
29.5546875,26.182098388671875
29.5703125,26.17731475830078
29.5859375,26.182098388671875
29.6015625,26.1898193359375
29.6171875,26.17327880859375
29.6328125,26.179519653320312
29.6484375,26.164833068847656
29.6640625,26.164833068847656
29.6796875,26.17731475830078
29.6953125,26.17327880859375
29.7109375,26.182830810546875
29.7265625,26.17180633544922
29.7421875,26.17365264892578
29.7578125,26.17621612548828
29.7734375,26.187606811523438
29.7890625,26.176589965820312
29.8046875,26.18798065185547
29.8203125,26.182472229003906
29.8359375,26.180999755859375
29.8515625,26.17548370361328
29.8671875,26.1927490234375
29.8828125,26.180999755859375
29.8984375,26.178787231445312
29.9140625,26.1927490234375
29.9296875,26.19239044189453
29.9453125,26.182472229003906
29.9609375,26.196800231933594
29.9765625,26.196800231933594
29.9921875,26.201942443847656
30.0078125,26.199363708496094
30.0234375,26.195701599121094
30.0390625,26.1920166015625
30.0546875,26.203048706054688
30.0703125,26.193496704101562
30.0859375,26.200111389160156
30.1015625,26.21076202392578
30.1171875,26.21002960205078
30.1328125,26.211868286132812
30.1484375,26.19385528564453
30.1640625,26.20635223388672
30.1796875,26.213340759277344
30.1953125,26.21002960205078
30.2109375,26.213340759277344
30.2265625,26.224365234375
30.2421875,26.222518920898438
30.2578125,26.22582244873047
30.2734375,26.22509765625
30.2890625,26.22325897216797
30.3046875,26.237220764160156
30.3203125,26.232810974121094
30.3359375,26.232078552246094
30.3515625,26.233917236328125
30.3671875,26.237594604492188
30.3828125,26.237594604492188
30.3984375,26.238327026367188
30.4140625,26.24089813232422
30.4296875,26.232078552246094
30.4453125,26.24383544921875
30.4609375,26.232078552246094
30.4765625,26.239425659179688
30.4921875,26.231338500976562
30.5078125,26.24346160888672
30.5234375,26.215545654296875
30.5390625,26.216278076171875
30.5546875,26.232078552246094
30.5703125,26.24200439453125
30.5859375,26.240158081054688
30.6015625,26.229507446289062
30.6171875,26.234283447265625
30.6328125,26.239051818847656
30.6484375,26.23023223876953
30.6640625,26.232078552246094
30.6796875,26.234642028808594
30.6953125,26.23023223876953
30.7109375,26.223617553710938
30.7265625,26.233184814453125
30.7421875,26.232078552246094
30.7578125,26.233543395996094
30.7734375,26.232810974121094
30.7890625,26.22802734375
30.8046875,26.22325897216797
30.8203125,26.211868286132812
30.8359375,26.230979919433594
30.8515625,26.21002960205078
30.8671875,26.228775024414062
30.8828125,26.214065551757812
30.8984375,26.218849182128906
30.9140625,26.228775024414062
30.9296875,26.22802734375
30.9453125,26.222518920898438
30.9609375,26.213699340820312
30.9765625,26.21002960205078
30.9921875,26.21149444580078
31.0078125,26.222518920898438
31.0234375,26.220687866210938
31.0390625,26.220687866210938
31.0546875,26.215171813964844
31.0703125,26.21259307861328
31.0859375,26.232810974121094
31.1015625,26.211868286132812
31.1171875,26.218109130859375
31.1328125,26.219955444335938
31.1484375,26.203048706054688
31.1640625,26.21002960205078
31.1796875,26.20452117919922
31.1953125,26.215904235839844
31.2109375,26.20452117919922
31.2265625,26.213699340820312
31.2421875,26.215171813964844
31.2578125,26.211868286132812
31.2734375,26.227294921875
