# Time (seconds),f0
0.0078125,953.4412841796875
0.0234375,953.4264526367188
0.0390625,953.4032592773438
0.0546875,953.4213256835938
0.0703125,953.3882446289062
0.0859375,953.4334716796875
0.1015625,953.4217529296875
0.1171875,953.44873046875
0.1328125,953.44287109375
0.1484375,953.4524536132812
0.1640625,953.4270629882812
0.1796875,953.4275512695312
0.1953125,953.5200805664062
0.2109375,953.4202270507812
0.2265625,953.4354248046875
0.2421875,953.4478759765625
0.2578125,953.46630859375
0.2734375,953.4447631835938
0.2890625,953.4635009765625
0.3046875,953.4630126953125
0.3203125,953.4674682617188
0.3359375,953.4436645507812
0.3515625,953.4498291015625
0.3671875,953.5187377929688
0.3828125,953.4810791015625
0.3984375,953.4735717773438
0.4140625,953.5030517578125
0.4296875,953.5297241210938
0.4453125,953.4965209960938
0.4609375,953.5051879882812
0.4765625,953.4874267578125
0.4921875,953.5831298828125
0.5078125,953.5751953125
0.5234375,953.518798828125
0.5390625,953.4954223632812
0.5546875,953.5230102539062
0.5703125,953.5333862304688
0.5859375,953.5382080078125
0.6015625,953.5587768554688
0.6171875,953.6061401367188
0.6328125,953.522216796875
0.6484375,953.5592651367188
0.6640625,953.5308227539062
0.6796875,953.4952392578125
0.6953125,953.517333984375
0.7109375,953.4630126953125
0.7265625,953.5369873046875
0.7421875,953.4674682617188
0.7578125,953.4924926757812
0.7734375,953.528076171875
0.7890625,953.5192260742188
0.8046875,953.4694213867188
0.8203125,953.5018310546875
0.8359375,953.4373779296875
0.8515625,953.4523315429688
0.8671875,953.4580078125
0.8828125,953.4884643554688
0.8984375,953.439208984375
0.9140625,953.4895629882812
0.9296875,953.4521484375
0.9453125,953.4186401367188
0.9609375,953.4244995117188
0.9765625,953.408935546875
0.9921875,953.3823852539062
1.0078125,953.3977661132812
1.0234375,953.4088745117188
1.0390625,953.3792114257812
1.0546875,953.3837280273438
1.0703125,953.3644409179688
1.0859375,953.3477172851562
1.1015625,953.3653564453125
1.1171875,953.3485717773438
1.1328125,953.3797607421875
1.1484375,953.3590698242188
1.1640625,953.353515625
1.1796875,953.3516235351562
1.1953125,953.3309936523438
1.2109375,953.3491821289062
1.2265625,953.328125
1.2421875,953.3493041992188
1.2578125,953.3424072265625
1.2734375,953.3279418945312
1.2890625,953.3255004882812
1.3046875,953.327392578125
1.3203125,953.3170776367188
1.3359375,953.319091796875
1.3515625,953.3245239257812
1.3671875,953.3173828125
1.3828125,953.3189086914062
1.3984375,953.3295288085938
1.4140625,953.3248291015625
1.4296875,953.3246459960938
1.4453125,953.315185546875
1.4609375,953.32421875
1.4765625,953.3239135742188
1.4921875,953.3200073242188
1.5078125,953.3314819335938
1.5234375,953.31591796875
1.5390625,953.3229370117188
1.5546875,953.3224487304688
1.5703125,953.3165283203125
1.5859375,953.3148193359375
1.6015625,953.2935180664062
1.6171875,953.3071899414062
1.6328125,953.3164672851562
1.6484375,953.3118286132812
1.6640625,953.31591796875
1.6796875,953.314453125
1.6953125,953.31005859375
1.7109375,953.3145141601562
1.7265625,953.3131713867188
1.7421875,953.3273315429688
1.7578125,953.3165893554688
1.7734375,953.3111572265625
1.7890625,953.320068359375
1.8046875,953.3207397460938
1.8203125,953.2979736328125
1.8359375,953.31201171875
1.8515625,953.2966918945312
1.8671875,953.3058471679688
1.8828125,953.3125
1.8984375,953.30859375
1.9140625,953.3117065429688
1.9296875,953.3125610351562
1.9453125,953.3192138671875
1.9609375,953.3065185546875
1.9765625,953.2885131835938
1.9921875,953.31005859375
2.0078125,953.3179321289062
2.0234375,953.2951049804688
2.0390625,953.3017578125
2.0546875,953.2877807617188
2.0703125,953.30810546875
2.0859375,953.2891845703125
2.1015625,953.3169555664062
2.1171875,953.2880859375
2.1328125,953.3081665039062
2.1484375,953.3466796875
2.1640625,953.3194580078125
2.1796875,953.3536376953125
2.1953125,953.3572998046875
2.2109375,953.3790283203125
2.2265625,953.349609375
2.2421875,953.4158325195312
2.2578125,953.3703002929688
2.2734375,953.432373046875
2.2890625,953.4295654296875
2.3046875,953.4299926757812
2.3203125,953.3930053710938
2.3359375,953.44482421875
2.3515625,953.4064331054688
2.3671875,953.4713745117188
2.3828125,953.4595947265625
2.3984375,953.4689331054688
2.4140625,953.4688720703125
2.4296875,953.4771118164062
2.4453125,953.4685668945312
2.4609375,953.4290161132812
2.4765625,953.4082641601562
2.4921875,953.45068359375
2.5078125,953.4498901367188
2.5234375,953.5161743164062
2.5390625,953.4122924804688
2.5546875,953.4610595703125
2.5703125,953.45458984375
2.5859375,953.4966430664062
2.6015625,953.4080810546875
2.6171875,953.5026245117188
2.6328125,953.4642944335938
2.6484375,953.4887084960938
2.6640625,953.482177734375
2.6796875,953.5189819335938
2.6953125,953.4295043945312
2.7109375,953.5018310546875
2.7265625,953.481201171875
2.7421875,953.4495239257812
2.7578125,953.4548950195312
2.7734375,953.4833374023438
2.7890625,953.4616088867188
2.8046875,953.4583129882812
2.8203125,953.5090942382812
2.8359375,953.4826049804688
2.8515625,953.4446411132812
2.8671875,953.5107421875
2.8828125,953.4778442382812
2.8984375,953.491455078125
2.9140625,953.5210571289062
2.9296875,953.5115966796875
2.9453125,953.4794921875
2.9609375,953.495361328125
2.9765625,953.4577026367188
2.9921875,953.524658203125
3.0078125,953.5226440429688
3.0234375,953.5040893554688
3.0390625,953.4661254882812
3.0546875,953.4653930664062
3.0703125,953.4412841796875
3.0859375,953.4339599609375
3.1015625,953.4611206054688
3.1171875,953.4447631835938
3.1328125,953.43896484375
3.1484375,953.4268798828125
3.1640625,953.4142456054688
3.1796875,953.4342041015625
3.1953125,953.4135131835938
3.2109375,953.3931884765625
3.2265625,953.3905029296875
3.2421875,953.3857421875
3.2578125,953.3744506835938
3.2734375,953.3712768554688
3.2890625,953.3501586914062
3.3046875,953.35498046875
3.3203125,953.37841796875
3.3359375,953.3511352539062
3.3515625,953.3428955078125
3.3671875,953.3478393554688
3.3828125,953.3363037109375
3.3984375,953.3215942382812
3.4140625,953.3170776367188
3.4296875,953.3256225585938
3.4453125,953.3377075195312
3.4609375,953.3298950195312
3.4765625,953.318115234375
3.4921875,953.3187866210938
3.5078125,953.3150024414062
3.5234375,953.2938232421875
3.5390625,953.317138671875
3.5546875,953.3165283203125
3.5703125,953.3134155273438
3.5859375,953.3089599609375
3.6015625,953.3155517578125
3.6171875,953.3143310546875
3.6328125,953.3145141601562
3.6484375,953.31201171875
3.6640625,953.3170166015625
3.6796875,953.3084716796875
3.6953125,953.3072509765625
3.7109375,953.32177734375
3.7265625,953.2847290039062
3.7421875,953.2813720703125
3.7578125,953.2802124023438
3.7734375,953.2916870117188
3.7890625,953.309326171875
3.8046875,953.3207397460938
3.8203125,953.283935546875
3.8359375,953.3108520507812
3.8515625,953.2872314453125
3.8671875,953.3064575195312
3.8828125,953.2767944335938
3.8984375,953.283203125
3.9140625,953.2789916992188
3.9296875,953.2935180664062
3.9453125,953.3048095703125
3.9609375,953.3086547851562
3.9765625,953.2897338867188
3.9921875,953.3097534179688
4.0078125,953.2850341796875
4.0234375,953.316162109375
4.0390625,953.300537109375
4.0546875,953.303466796875
4.0703125,953.2899780273438
4.0859375,953.319091796875
4.1015625,953.3189697265625
4.1171875,953.2824096679688
4.1328125,953.2862548828125
4.1484375,953.2941284179688
4.1640625,953.2890625
4.1796875,953.2947387695312
4.1953125,953.2801513671875
4.2109375,953.2890625
4.2265625,953.302734375
4.2421875,953.311279296875
4.2578125,953.3118286132812
4.2734375,953.3081665039062
4.2890625,953.3375854492188
4.3046875,953.3447265625
4.3203125,953.3473510742188
4.3359375,953.38427734375
4.3515625,953.3711547851562
4.3671875,953.34375
4.3828125,953.4569091796875
4.3984375,953.4822998046875
4.4140625,953.4476928710938
4.4296875,953.4518432617188
4.4453125,953.4688720703125
4.4609375,953.473388671875
4.4765625,953.3981323242188
4.4921875,953.415283203125
4.5078125,953.4683227539062
4.5234375,953.487060546875
4.5390625,953.5230102539062
4.5546875,953.54833984375
4.5703125,953.4498901367188
4.5859375,953.5371704101562
4.6015625,953.4061279296875
4.6171875,953.4782104492188
4.6328125,953.5101928710938
4.6484375,953.5490112304688
4.6640625,953.4930419921875
4.6796875,953.4829711914062
4.6953125,953.4747924804688
4.7109375,953.49755859375
4.7265625,953.4326171875
4.7421875,953.485595703125
4.7578125,953.5079956054688
4.7734375,953.5026245117188
4.7890625,953.5025024414062
4.8046875,953.4737548828125
4.8203125,953.5322265625
4.8359375,953.4982299804688
4.8515625,953.4649658203125
4.8671875,953.447021484375
4.8828125,953.529296875
4.8984375,953.5543823242188
4.9140625,953.5059814453125
4.9296875,953.48828125
4.9453125,953.517578125
4.9609375,953.489013671875
4.9765625,953.4678955078125
4.9921875,953.542724609375
5.0078125,953.5352172851562
5.0234375,953.550048828125
5.0390625,953.5162963867188
5.0546875,953.4566040039062
5.0703125,953.5283203125
5.0859375,953.4847412109375
5.1015625,953.489990234375
5.1171875,953.4774169921875
5.1328125,953.466064453125
5.1484375,953.4020385742188
5.1640625,953.5394897460938
5.1796875,953.5198364257812
5.1953125,953.4634399414062
5.2109375,953.4210205078125
5.2265625,953.4161987304688
5.2421875,953.507080078125
5.2578125,953.4559936523438
5.2734375,953.4005737304688
5.2890625,953.4453735351562
5.3046875,953.4078979492188
5.3203125,953.4002075195312
5.3359375,953.3950805664062
5.3515625,953.3904418945312
5.3671875,953.3956298828125
5.3828125,953.3751831054688
5.3984375,953.3702392578125
5.4140625,953.3703002929688
5.4296875,953.376220703125
5.4453125,953.3552856445312
5.4609375,953.3603515625
5.4765625,953.365966796875
5.4921875,953.3638916015625
5.5078125,953.3635864257812
5.5234375,953.3468627929688
5.5390625,953.3461303710938
5.5546875,953.3483276367188
5.5703125,953.3436279296875
5.5859375,953.344482421875
5.6015625,953.3434448242188
5.6171875,953.3482055664062
5.6328125,953.3460083007812
5.6484375,953.3167724609375
5.6640625,953.3185424804688
5.6796875,953.338623046875
5.6953125,953.3250732421875
5.7109375,953.3240966796875
5.7265625,953.3173828125
5.7421875,953.3364868164062
5.7578125,953.3168334960938
5.7734375,953.3135986328125
5.7890625,953.3167114257812
5.8046875,953.3212890625
5.8203125,953.3246459960938
5.8359375,953.3167114257812
5.8515625,953.2977294921875
5.8671875,953.3231201171875
5.8828125,953.3101196289062
5.8984375,953.3062133789062
5.9140625,953.2986450195312
5.9296875,953.3207397460938
5.9453125,953.3209228515625
5.9609375,953.3118286132812
5.9765625,953.2946166992188
5.9921875,953.3209228515625
6.0078125,953.3081665039062
6.0234375,953.291748046875
6.0390625,953.3098754882812
6.0546875,953.2962036132812
6.0703125,953.2849731445312
6.0859375,953.3134765625
6.1015625,953.3020629882812
6.1171875,953.3182373046875
6.1328125,953.3114013671875
6.1484375,953.3082885742188
6.1640625,953.3126220703125
6.1796875,953.3048095703125
6.1953125,953.3003540039062
6.2109375,953.3013305664062
6.2265625,953.3115234375
6.2421875,953.3058471679688
6.2578125,953.3063354492188
6.2734375,953.3078002929688
6.2890625,953.2816772460938
6.3046875,953.3047485351562
6.3203125,953.3049926757812
6.3359375,953.3045654296875
6.3515625,953.3137817382812
6.3671875,953.30615234375
6.3828125,953.3192749023438
6.3984375,953.3419799804688
6.4140625,953.3842163085938
6.4296875,953.4406127929688
6.4453125,953.4185180664062
6.4609375,953.4764404296875
6.4765625,953.4475708007812
6.4921875,953.4479370117188
6.5078125,953.4282836914062
6.5234375,953.3787231445312
6.5390625,953.45068359375
6.5546875,953.4570922851562
6.5703125,953.474365234375
6.5859375,953.4842529296875
6.6015625,953.5430908203125
6.6171875,953.4935913085938
6.6328125,953.418701171875
6.6484375,953.482177734375
6.6640625,953.50927734375
6.6796875,953.5685424804688
6.6953125,953.528564453125
6.7109375,953.5069580078125
6.7265625,953.5193481445312
6.7421875,953.5843505859375
6.7578125,953.4906616210938
6.7734375,953.4454956054688
6.7890625,953.4588623046875
6.8046875,953.5586547851562
6.8203125,953.5584106445312
6.8359375,953.5383911132812
6.8515625,953.5149536132812
6.8671875,953.5478515625
6.8828125,953.5103759765625
6.8984375,953.55419921875
6.9140625,953.5626831054688
6.9296875,953.5286254882812
6.9453125,953.5746459960938
6.9609375,953.4900512695312
6.9765625,953.5355224609375
6.9921875,953.5421142578125
7.0078125,953.5369873046875
7.0234375,953.4605102539062
7.0390625,953.4910888671875
7.0546875,953.5282592773438
7.0703125,953.517578125
7.0859375,953.48583984375
7.1015625,953.5317993164062
7.1171875,953.4494018554688
7.1328125,953.4934692382812
7.1484375,953.4806518554688
7.1640625,953.5352783203125
7.1796875,953.5559692382812
7.1953125,953.5145874023438
7.2109375,953.511474609375
7.2265625,953.5078125
7.2421875,953.524169921875
7.2578125,953.5010986328125
7.2734375,953.481689453125
7.2890625,953.466552734375
7.3046875,953.462646484375
7.3203125,953.4043579101562
7.3359375,953.4342041015625
7.3515625,953.3966674804688
7.3671875,953.377685546875
7.3828125,953.3697509765625
7.3984375,953.3781127929688
7.4140625,953.36279296875
7.4296875,953.3577880859375
7.4453125,953.365966796875
7.4609375,953.371826171875
7.4765625,953.3563842773438
7.4921875,953.3758544921875
7.5078125,953.3702392578125
7.5234375,953.370849609375
7.5390625,953.3519897460938
7.5546875,953.3442993164062
7.5703125,953.3405151367188
7.5859375,953.3569946289062
7.6015625,953.349609375
7.6171875,953.3399658203125
7.6328125,953.3483276367188
7.6484375,953.3427734375
7.6640625,953.3486328125
7.6796875,953.3488159179688
7.6953125,953.344482421875
7.7109375,953.3471069335938
7.7265625,953.3317260742188
7.7421875,953.3377075195312
7.7578125,953.327880859375
7.7734375,953.3435668945312
7.7890625,953.3412475585938
7.8046875,953.332763671875
7.8203125,953.3442993164062
7.8359375,953.3466186523438
7.8515625,953.319580078125
7.8671875,953.3363037109375
7.8828125,953.3402709960938
7.8984375,953.3284301757812
7.9140625,953.3167724609375
7.9296875,953.3416137695312
7.9453125,953.3212890625
7.9609375,953.3414916992188
7.9765625,953.31591796875
7.9921875,953.3126220703125
8.0078125,953.3335571289062
8.0234375,953.3187866210938
8.0390625,953.3155517578125
8.0546875,953.3106079101562
8.0703125,953.3158569335938
8.0859375,953.2911376953125
8.1015625,953.3192749023438
8.1171875,953.3185424804688
8.1328125,953.2832641601562
8.1484375,953.3186645507812
8.1640625,953.3086547851562
8.1796875,953.3257446289062
8.1953125,953.3064575195312
8.2109375,953.3129272460938
8.2265625,953.3102416992188
8.2421875,953.3125
8.2578125,953.3192138671875
8.2734375,953.316162109375
8.2890625,953.3194580078125
8.3046875,953.32421875
8.3203125,953.3065185546875
8.3359375,953.3126831054688
8.3515625,953.317626953125
8.3671875,953.319091796875
8.3828125,953.2816162109375
8.3984375,953.317138671875
8.4140625,953.2966918945312
8.4296875,953.3204956054688
8.4453125,953.3301391601562
8.4609375,953.3656616210938
8.4765625,953.31982421875
8.4921875,953.3673095703125
8.5078125,953.3971557617188
8.5234375,953.4196166992188
8.5390625,953.4816284179688
8.5546875,953.493408203125
8.5703125,953.5478515625
8.5859375,953.4654541015625
8.6015625,953.4899291992188
8.6171875,953.501220703125
8.6328125,953.5178833007812
8.6484375,953.498779296875
8.6640625,953.5851440429688
8.6796875,953.5703125
8.6953125,953.5582885742188
8.7109375,953.501220703125
8.7265625,953.4644165039062
8.7421875,953.4540405273438
8.7578125,953.54296875
8.7734375,953.5927124023438
8.7890625,953.5692138671875
8.8046875,953.466796875
8.8203125,953.5235595703125
8.8359375,953.5139770507812
8.8515625,953.548583984375
8.8671875,953.515625
8.8828125,953.5220947265625
8.8984375,953.4943237304688
8.9140625,953.5234985351562
8.9296875,953.5399780273438
8.9453125,953.4757080078125
8.9609375,953.5364379882812
8.9765625,953.4772338867188
8.9921875,953.5076904296875
9.0078125,953.4825439453125
9.0234375,953.5101318359375
9.0390625,953.5940551757812
9.0546875,953.5604248046875
9.0703125,953.5466918945312
9.0859375,953.5517578125
9.1015625,953.503662109375
9.1171875,953.4899291992188
9.1328125,953.5291137695312
9.1484375,953.4751586914062
9.1640625,953.4644165039062
9.1796875,953.5040283203125
9.1953125,953.4926147460938
9.2109375,953.5120849609375
9.2265625,953.3911743164062
9.2421875,953.5076904296875
9.2578125,953.4956665039062
9.2734375,953.4935913085938
9.2890625,953.518310546875
9.3046875,953.4525756835938
9.3203125,953.4635620117188
9.3359375,953.4365234375
9.3515625,953.4723510742188
9.3671875,953.4655151367188
9.3828125,953.4329223632812
9.3984375,953.4602661132812
9.4140625,953.4542236328125
9.4296875,953.4415893554688
9.4453125,953.4105834960938
9.4609375,953.4278564453125
9.4765625,953.4027709960938
9.4921875,953.3864135742188
9.5078125,953.3759765625
9.5234375,953.3596801757812
9.5390625,953.3751831054688
9.5546875,953.3751831054688
9.5703125,953.3689575195312
9.5859375,953.3574829101562
9.6015625,953.363037109375
9.6171875,953.3527221679688
9.6328125,953.3628540039062
9.6484375,953.3497924804688
9.6640625,953.3618774414062
9.6796875,953.345703125
9.6953125,953.3422241210938
9.7109375,953.3447265625
9.7265625,953.3485107421875
9.7421875,953.3473510742188
9.7578125,953.3475341796875
9.7734375,953.3368530273438
9.7890625,953.3426513671875
9.8046875,953.343017578125
9.8203125,953.3452758789062
9.8359375,953.3250732421875
9.8515625,953.3235473632812
9.8671875,953.3304443359375
9.8828125,953.3469848632812
9.8984375,953.3283081054688
9.9140625,953.3341064453125
9.9296875,953.3320922851562
9.9453125,953.3231811523438
9.9609375,953.3463745117188
9.9765625,953.3223266601562
9.9921875,953.3460693359375
10.0078125,953.3236694335938
10.0234375,953.3257446289062
10.0390625,953.3292846679688
10.0546875,953.3324584960938
10.0703125,953.3154296875
10.0859375,953.3432006835938
10.1015625,953.3281860351562
10.1171875,953.3461303710938
10.1328125,953.3219604492188
10.1484375,953.3452758789062
10.1640625,953.325439453125
10.1796875,953.3139038085938
10.1953125,953.3436279296875
10.2109375,953.324951171875
10.2265625,953.320068359375
10.2421875,953.3151245117188
10.2578125,953.3323974609375
10.2734375,953.3137817382812
10.2890625,953.3204345703125
10.3046875,953.3324584960938
10.3203125,953.3404541015625
10.3359375,953.3180541992188
10.3515625,953.3447265625
10.3671875,953.3434448242188
10.3828125,953.3179321289062
10.3984375,953.3185424804688
10.4140625,953.3382568359375
10.4296875,953.3173828125
10.4453125,953.3107299804688
10.4609375,953.3153076171875
10.4765625,953.3186645507812
10.4921875,953.3273315429688
10.5078125,953.3405151367188
10.5234375,953.3926391601562
10.5390625,953.403076171875
10.5546875,953.3828735351562
10.5703125,953.3912963867188
10.5859375,953.4536743164062
10.6015625,953.4657592773438
10.6171875,953.4379272460938
10.6328125,953.3878784179688
10.6484375,953.4277954101562
10.6640625,953.4392700195312
10.6796875,953.5135498046875
10.6953125,953.4883422851562
10.7109375,953.451904296875
10.7265625,953.449951171875
10.7421875,953.5138549804688
10.7578125,953.4496459960938
10.7734375,953.4878540039062
10.7890625,953.5150756835938
10.8046875,953.51171875
10.8203125,953.5234985351562
10.8359375,953.4779663085938
10.8515625,953.4927978515625
10.8671875,953.6278686523438
10.8828125,953.5977783203125
10.8984375,953.4888305664062
10.9140625,953.4969482421875
10.9296875,953.470703125
10.9453125,953.5772705078125
10.9609375,953.4917602539062
10.9765625,953.4375610351562
10.9921875,953.514404296875
11.0078125,953.4796752929688
11.0234375,953.530517578125
11.0390625,953.4899291992188
11.0546875,953.4934692382812
11.0703125,953.4268798828125
11.0859375,953.4677734375
11.1015625,953.473388671875
11.1171875,953.4865112304688
11.1328125,953.5142211914062
11.1484375,953.5860595703125
11.1640625,953.4913330078125
11.1796875,953.5115356445312
11.1953125,953.436279296875
11.2109375,953.4845581054688
11.2265625,953.4609985351562
11.2421875,953.4928588867188
11.2578125,953.4778442382812
11.2734375,953.4367065429688
11.2890625,953.4655151367188
11.3046875,953.4712524414062
11.3203125,953.4766235351562
11.3359375,953.4507446289062
11.3515625,953.452880859375
11.3671875,953.4447631835938
11.3828125,953.4126586914062
11.3984375,953.443115234375
11.4140625,953.4063720703125
11.4296875,953.4271850585938
11.4453125,953.3966674804688
11.4609375,953.37646484375
11.4765625,953.3746948242188
11.4921875,953.3681640625
11.5078125,953.368408203125
11.5234375,953.3528442382812
11.5390625,953.3564453125
11.5546875,953.3613891601562
11.5703125,953.3697509765625
11.5859375,953.3798828125
11.6015625,953.3446655273438
11.6171875,953.3478393554688
11.6328125,953.3273315429688
11.6484375,953.3485717773438
11.6640625,953.3482055664062
11.6796875,953.3427124023438
11.6953125,953.33154296875
11.7109375,953.339111328125
11.7265625,953.3283081054688
11.7421875,953.341552734375
11.7578125,953.3229370117188
11.7734375,953.3247680664062
11.7890625,953.3286743164062
11.8046875,953.3367919921875
11.8203125,953.317626953125
11.8359375,953.3221435546875
11.8515625,953.3224487304688
11.8671875,953.3385009765625
11.8828125,953.320068359375
11.8984375,953.321044921875
11.9140625,953.3224487304688
11.9296875,953.3416137695312
11.9453125,953.3209228515625
11.9609375,953.325927734375
11.9765625,953.3110961914062
11.9921875,953.3055419921875
12.0078125,953.3209228515625
12.0234375,953.311767578125
12.0390625,953.3117065429688
12.0546875,953.3092651367188
12.0703125,953.3345336914062
12.0859375,953.3167724609375
12.1015625,953.3119506835938
12.1171875,953.32568359375
12.1328125,953.3172607421875
12.1484375,953.3172607421875
12.1640625,953.2904663085938
12.1796875,953.2938232421875
12.1953125,953.3226928710938
12.2109375,953.3173828125
12.2265625,953.3126831054688
12.2421875,953.2941284179688
12.2578125,953.3129272460938
12.2734375,953.3143310546875
12.2890625,953.3173828125
12.3046875,953.3173828125
12.3203125,953.3077392578125
12.3359375,953.3082885742188
12.3515625,953.3219604492188
12.3671875,953.3104248046875
12.3828125,953.3115234375
12.3984375,953.3091430664062
12.4140625,953.3115234375
12.4296875,953.32373046875
12.4453125,953.3142700195312
12.4609375,953.3179321289062
12.4765625,953.3256225585938
12.4921875,953.3395385742188
12.5078125,953.3137817382812
12.5234375,953.3179321289062
12.5390625,953.3209838867188
12.5546875,953.3712158203125
12.5703125,953.4005126953125
12.5859375,953.4761352539062
12.6015625,953.44482421875
12.6171875,953.4046020507812
12.6328125,953.425048828125
12.6484375,953.430419921875
12.6640625,953.5001831054688
12.6796875,953.436767578125
12.6953125,953.537109375
12.7109375,953.474609375
12.7265625,953.5103149414062
12.7421875,953.5383911132812
12.7578125,953.4920654296875
12.7734375,953.5361328125
12.7890625,953.4828491210938
12.8046875,953.5082397460938
12.8203125,953.6527099609375
12.8359375,953.5432739257812
12.8515625,953.5374145507812
12.8671875,953.535888671875
12.8828125,953.5289916992188
12.8984375,953.5514526367188
12.9140625,953.557861328125
12.9296875,953.5714111328125
12.9453125,953.5203857421875
12.9609375,953.4808349609375
12.9765625,953.6435546875
12.9921875,953.57177734375
13.0078125,953.5494384765625
13.0234375,953.6119995117188
13.0390625,953.5533447265625
13.0546875,953.5394897460938
13.0703125,953.4947509765625
13.0859375,953.5810546875
13.1015625,953.5305786132812
13.1171875,953.5411987304688
13.1328125,953.534423828125
13.1484375,953.6113891601562
13.1640625,953.4883422851562
13.1796875,953.5330200195312
13.1953125,953.4694213867188
13.2109375,953.5149536132812
13.2265625,953.4557495117188
13.2421875,953.4806518554688
13.2578125,953.4985961914062
13.2734375,953.4979248046875
13.2890625,953.5633544921875
13.3046875,953.5338745117188
13.3203125,953.4952392578125
13.3359375,953.5224609375
13.3515625,953.5117797851562
13.3671875,953.4688110351562
13.3828125,953.4869995117188
13.3984375,953.478515625
13.4140625,953.4693603515625
13.4296875,953.4867553710938
13.4453125,953.4581298828125
13.4609375,953.4395751953125
13.4765625,953.4322509765625
13.4921875,953.4021606445312
13.5078125,953.3876953125
13.5234375,953.3904418945312
13.5390625,953.4002685546875
13.5546875,953.3999633789062
13.5703125,953.3906860351562
13.5859375,953.380615234375
13.6015625,953.3797607421875
13.6171875,953.3689575195312
13.6328125,953.357421875
13.6484375,953.3698120117188
13.6640625,953.3728637695312
13.6796875,953.3587036132812
13.6953125,953.3619995117188
13.7109375,953.3618774414062
13.7265625,953.3463134765625
13.7421875,953.3651123046875
13.7578125,953.3600463867188
13.7734375,953.3566284179688
13.7890625,953.3681030273438
13.8046875,953.3370971679688
13.8203125,953.3360595703125
13.8359375,953.3362426757812
13.8515625,953.3527221679688
13.8671875,953.3565673828125
13.8828125,953.3341674804688
13.8984375,953.3580322265625
13.9140625,953.3345336914062
13.9296875,953.3561401367188
13.9453125,953.3335571289062
13.9609375,953.3404541015625
13.9765625,953.33154296875
13.9921875,953.3309326171875
14.0078125,953.3474731445312
14.0234375,953.3463745117188
14.0390625,953.3284912109375
14.0546875,953.3341064453125
14.0703125,953.3204345703125
14.0859375,953.3468017578125
14.1015625,953.3351440429688
14.1171875,953.3285522460938
14.1328125,953.3208618164062
14.1484375,953.3146362304688
14.1640625,953.3092651367188
14.1796875,953.3209838867188
14.1953125,953.3117065429688
14.2109375,953.3204345703125
14.2265625,953.3092651367188
14.2421875,953.3145751953125
14.2578125,953.3262329101562
14.2734375,953.3130493164062
14.2890625,953.3158569335938
14.3046875,953.3153076171875
14.3203125,953.3148803710938
14.3359375,953.3150024414062
14.3515625,953.3185424804688
14.3671875,953.3223266601562
14.3828125,953.3109741210938
14.3984375,953.294921875
14.4140625,953.3131713867188
14.4296875,953.3162231445312
14.4453125,953.308349609375
14.4609375,953.3049926757812
14.4765625,953.3131103515625
14.4921875,953.3295288085938
14.5078125,953.3312377929688
14.5234375,953.3764038085938
14.5390625,953.3760986328125
14.5546875,953.4027709960938
14.5703125,953.4320068359375
14.5859375,953.48974609375
14.6015625,953.4996948242188
14.6171875,953.4888305664062
14.6328125,953.5442504882812
14.6484375,953.4884643554688
14.6640625,953.482421875
14.6796875,953.5287475585938
14.6953125,953.4948120117188
14.7109375,953.4671630859375
14.7265625,953.6455078125
14.7421875,953.5904541015625
14.7578125,953.5181274414062
14.7734375,953.5333862304688
14.7890625,953.5416259765625
14.8046875,953.5206298828125
14.8203125,953.5675659179688
14.8359375,953.5436401367188
14.8515625,953.5337524414062
14.8671875,953.5739135742188
14.8828125,953.5606079101562
14.8984375,953.5187377929688
14.9140625,953.575439453125
14.9296875,953.5589599609375
14.9453125,953.6141357421875
14.9609375,953.5805053710938
14.9765625,953.6691284179688
14.9921875,953.5580444335938
15.0078125,953.544677734375
15.0234375,953.5735473632812
15.0390625,953.5176391601562
15.0546875,953.6271362304688
15.0703125,953.5205078125
15.0859375,953.6298217773438
15.1015625,953.5449829101562
15.1171875,953.6001586914062
15.1328125,953.5574951171875
15.1484375,953.5609130859375
15.1640625,953.5374755859375
15.1796875,953.5227661132812
15.1953125,953.481689453125
15.2109375,953.542724609375
15.2265625,953.535888671875
15.2421875,953.5733642578125
15.2578125,953.5534057617188
15.2734375,953.511474609375
15.2890625,953.481201171875
15.3046875,953.4841918945312
15.3203125,953.5020751953125
15.3359375,953.5006103515625
15.3515625,953.4373779296875
15.3671875,953.4707641601562
15.3828125,953.4229736328125
15.3984375,953.4110717773438
15.4140625,953.3992919921875
15.4296875,953.4031982421875
15.4453125,953.407470703125
15.4609375,953.4110717773438
15.4765625,953.3849487304688
15.4921875,953.3843383789062
15.5078125,953.3872680664062
15.5234375,953.3575439453125
15.5390625,953.3661499023438
15.5546875,953.372802734375
15.5703125,953.3759765625
15.5859375,953.3756103515625
15.6015625,953.3709106445312
15.6171875,953.3583374023438
15.6328125,953.3519897460938
15.6484375,953.3614501953125
15.6640625,953.3536987304688
15.6796875,953.3678588867188
15.6953125,953.3352661132812
15.7109375,953.3673095703125
15.7265625,953.3616333007812
15.7421875,953.3424072265625
15.7578125,953.3409423828125
15.7734375,953.3690185546875
15.7890625,953.3637084960938
15.8046875,953.3453979492188
15.8203125,953.35546875
15.8359375,953.3675537109375
15.8515625,953.343017578125
15.8671875,953.3607788085938
15.8828125,953.3617553710938
15.8984375,953.3321533203125
15.9140625,953.337158203125
15.9296875,953.3363037109375
15.9453125,953.3377075195312
15.9609375,953.3604736328125
15.9765625,953.3546142578125
15.9921875,953.3438720703125
16.0078125,953.3408203125
16.0234375,953.3340454101562
16.0390625,953.335205078125
16.0546875,953.341552734375
16.0703125,953.3279418945312
16.0859375,953.3348999023438
16.1015625,953.3359985351562
16.1171875,953.3414916992188
16.1328125,953.321533203125
16.1484375,953.3405151367188
16.1640625,953.3262939453125
16.1796875,953.3268432617188
16.1953125,953.3159790039062
16.2109375,953.3145141601562
16.2265625,953.3097534179688
16.2421875,953.31396484375
16.2578125,953.3247680664062
16.2734375,953.3717651367188
16.2890625,953.405517578125
16.3046875,953.3970336914062
16.3203125,953.3794555664062
16.3359375,953.3921508789062
16.3515625,953.3693237304688
16.3671875,953.4049072265625
16.3828125,953.391357421875
16.3984375,953.3812866210938
16.4140625,953.390625
16.4296875,953.3720092773438
16.4453125,953.3851928710938
16.4609375,953.3715209960938
16.4765625,953.3804321289062
16.4921875,953.3764038085938
16.5078125,953.3795776367188
16.5234375,953.3697509765625
16.5390625,953.3742065429688
16.5546875,953.3706665039062
16.5703125,953.3681030273438
16.5859375,953.3760986328125
16.6015625,953.364501953125
16.6171875,953.3638916015625
16.6328125,953.37841796875
16.6484375,953.376953125
16.6640625,953.3665161132812
16.6796875,953.3661499023438
16.6953125,953.3665161132812
16.7109375,953.376708984375
16.7265625,953.3672485351562
16.7421875,953.3887939453125
16.7578125,953.36669921875
16.7734375,953.373046875
16.7890625,953.38232421875
16.8046875,953.373046875
16.8203125,953.3773803710938
16.8359375,953.3745727539062
16.8515625,953.3829345703125
16.8671875,953.3739013671875
16.8828125,953.3643798828125
16.8984375,953.3784790039062
16.9140625,953.3652954101562
16.9296875,953.378662109375
16.9453125,953.386474609375
16.9609375,953.3751831054688
16.9765625,953.3630981445312
16.9921875,953.3735961914062
17.0078125,953.3739624023438
17.0234375,953.3751831054688
17.0390625,953.3756713867188
17.0546875,953.3770751953125
17.0703125,953.3804321289062
17.0859375,953.360595703125
17.1015625,953.3797607421875
17.1171875,953.3619384765625
17.1328125,953.356689453125
17.1484375,953.3551635742188
17.1640625,953.3605346679688
17.1796875,953.3590698242188
17.1953125,953.359375
17.2109375,953.3804321289062
17.2265625,953.3499755859375
17.2421875,953.3677368164062
17.2578125,953.3577270507812
17.2734375,953.3654174804688
17.2890625,953.3612060546875
17.3046875,953.3518676757812
17.3203125,953.352294921875
17.3359375,953.3650512695312
17.3515625,953.4030151367188
17.3671875,953.3750610351562
17.3828125,953.355224609375
17.3984375,953.3697509765625
17.4140625,953.4041748046875
17.4296875,953.376953125
17.4453125,953.4030151367188
17.4609375,953.3905029296875
17.4765625,953.38671875
17.4921875,953.3864135742188
17.5078125,953.3854370117188
17.5234375,953.3837890625
17.5390625,953.3844604492188
17.5546875,953.3798828125
17.5703125,953.3860473632812
17.5859375,953.3951416015625
17.6015625,953.3887329101562
17.6171875,953.3821411132812
17.6328125,953.3968505859375
17.6484375,953.3756103515625
17.6640625,953.3751220703125
17.6796875,953.3829956054688
17.6953125,953.4065551757812
17.7109375,953.4044189453125
17.7265625,953.3832397460938
17.7421875,953.3932495117188
17.7578125,953.3942260742188
17.7734375,953.400146484375
17.7890625,953.4114379882812
17.8046875,953.4031982421875
17.8203125,953.3856811523438
17.8359375,953.4090576171875
17.8515625,953.4096069335938
17.8671875,953.4119873046875
17.8828125,953.3883666992188
17.8984375,953.41015625
17.9140625,953.413818359375
17.9296875,953.4137573242188
17.9453125,953.3950805664062
17.9609375,953.4219970703125
17.9765625,953.4191284179688
17.9921875,953.3949584960938
18.0078125,953.4028930664062
18.0234375,953.39794921875
18.0390625,953.4000854492188
18.0546875,953.4194946289062
18.0703125,953.4064331054688
18.0859375,953.4007568359375
18.1015625,953.387939453125
18.1171875,953.3875732421875
18.1328125,953.40625
18.1484375,953.4065551757812
18.1640625,953.3968505859375
18.1796875,953.4076538085938
18.1953125,953.39990234375
18.2109375,953.3912353515625
18.2265625,953.3739624023438
18.2421875,953.3910522460938
18.2578125,953.3973999023438
18.2734375,953.3924560546875
18.2890625,953.396240234375
18.3046875,953.3963012695312
18.3203125,953.3889770507812
18.3359375,953.3901977539062
18.3515625,953.3778076171875
18.3671875,953.38232421875
18.3828125,953.3797607421875
18.3984375,953.3917236328125
18.4140625,953.3811645507812
18.4296875,953.3948364257812
18.4453125,953.3696899414062
18.4609375,953.3751220703125
18.4765625,953.388427734375
18.4921875,953.3783569335938
18.5078125,953.3878784179688
18.5234375,953.39794921875
18.5390625,953.3881225585938
18.5546875,953.3906860351562
18.5703125,953.3751220703125
18.5859375,953.3674926757812
18.6015625,953.3842163085938
18.6171875,953.3566284179688
18.6328125,953.361328125
18.6484375,953.3865356445312
18.6640625,953.3764038085938
18.6796875,953.390625
18.6953125,953.3751220703125
18.7109375,953.3694458007812
18.7265625,953.3779296875
18.7421875,953.3787231445312
18.7578125,953.3793334960938
18.7734375,953.3814086914062
18.7890625,953.396240234375
18.8046875,953.3760986328125
18.8203125,953.3767700195312
18.8359375,953.3622436523438
18.8515625,953.3685913085938
18.8671875,953.3804321289062
18.8828125,953.3656005859375
18.8984375,953.3734130859375
18.9140625,953.364990234375
18.9296875,953.3623046875
18.9453125,953.36083984375
18.9609375,953.3786010742188
18.9765625,953.3731079101562
18.9921875,953.3760986328125
19.0078125,953.373779296875
19.0234375,953.3713989257812
19.0390625,953.3553466796875
19.0546875,953.3630981445312
19.0703125,953.3688354492188
19.0859375,953.3829345703125
19.1015625,953.3566284179688
19.1171875,953.378662109375
19.1328125,953.3527221679688
19.1484375,953.3694458007812
19.1640625,953.3501586914062
19.1796875,953.3624267578125
19.1953125,953.3610229492188
19.2109375,953.3477783203125
19.2265625,953.3541870117188
19.2421875,953.3732299804688
19.2578125,953.3560180664062
19.2734375,953.3729248046875
19.2890625,953.3829345703125
19.3046875,953.4065551757812
19.3203125,953.3834838867188
19.3359375,953.3665161132812
19.3515625,953.380615234375
19.3671875,953.394287109375
19.3828125,953.4010009765625
19.3984375,953.4002685546875
19.4140625,953.400146484375
19.4296875,953.4212036132812
19.4453125,953.4391479492188
19.4609375,953.4132080078125
19.4765625,953.376220703125
19.4921875,953.4107666015625
19.5078125,953.4326171875
19.5234375,953.3744506835938
19.5390625,953.3893432617188
19.5546875,953.413818359375
19.5703125,953.408203125
19.5859375,953.3963623046875
19.6015625,953.3782348632812
19.6171875,953.3908081054688
19.6328125,953.4086303710938
19.6484375,953.4112548828125
19.6640625,953.4016723632812
19.6796875,953.4083251953125
19.6953125,953.4096069335938
19.7109375,953.4074096679688
19.7265625,953.4136352539062
19.7421875,953.4112548828125
19.7578125,953.4035034179688
19.7734375,953.405517578125
19.7890625,953.4266357421875
19.8046875,953.4066772460938
19.8203125,953.4071655273438
19.8359375,953.3993530273438
19.8515625,953.4144287109375
19.8671875,953.3896484375
19.8828125,953.414794921875
19.8984375,953.4199829101562
19.9140625,953.4100341796875
19.9296875,953.3956298828125
19.9453125,953.3895263671875
19.9609375,953.4016723632812
19.9765625,953.4104614257812
19.9921875,953.4132690429688
20.0078125,953.39208984375
20.0234375,953.4078979492188
20.0390625,953.3923950195312
20.0546875,953.4104614257812
20.0703125,953.4009399414062
20.0859375,953.4074096679688
20.1015625,953.4075317382812
20.1171875,953.4048461914062
20.1328125,953.3910522460938
20.1484375,953.3826293945312
20.1640625,953.3938598632812
20.1796875,953.3944091796875
20.1953125,953.3973388671875
20.2109375,953.3905029296875
20.2265625,953.3927001953125
20.2421875,953.3909912109375
20.2578125,953.3851318359375
20.2734375,953.3890991210938
20.2890625,953.384033203125
20.3046875,953.3837890625
20.3203125,953.3770141601562
20.3359375,953.3845825195312
20.3515625,953.40234375
20.3671875,953.3956298828125
20.3828125,953.3770141601562
20.3984375,953.3803100585938
20.4140625,953.3675537109375
20.4296875,953.3878173828125
20.4453125,953.3704223632812
20.4609375,953.3782348632812
20.4765625,953.38623046875
20.4921875,953.3834228515625
20.5078125,953.3828125
20.5234375,953.3801879882812
20.5390625,953.3798217773438
20.5546875,953.3685913085938
20.5703125,953.359130859375
20.5859375,953.3887939453125
20.6015625,953.385498046875
20.6171875,953.3744506835938
20.6328125,953.3809204101562
20.6484375,953.3652954101562
20.6640625,953.3812255859375
20.6796875,953.3803100585938
20.6953125,953.3563232421875
20.7109375,953.3674926757812
20.7265625,953.3712768554688
20.7421875,953.3724975585938
20.7578125,953.3819580078125
20.7734375,953.373046875
20.7890625,953.3860473632812
20.8046875,953.3604736328125
20.8203125,953.3611450195312
20.8359375,953.380615234375
20.8515625,953.3702392578125
20.8671875,953.3602905273438
20.8828125,953.3622436523438
20.8984375,953.3594970703125
20.9140625,953.372314453125
20.9296875,953.353271484375
20.9453125,953.353515625
20.9609375,953.3599243164062
20.9765625,953.3536987304688
20.9921875,953.3541259765625
21.0078125,953.3394165039062
21.0234375,953.3701171875
21.0390625,953.3599243164062
21.0546875,953.3579711914062
21.0703125,953.35498046875
21.0859375,953.3546752929688
21.1015625,953.357177734375
21.1171875,953.3490600585938
21.1328125,953.3419799804688
21.1484375,953.355224609375
21.1640625,953.3379516601562
21.1796875,953.3400268554688
21.1953125,953.3451538085938
21.2109375,953.3532104492188
21.2265625,953.352294921875
21.2421875,953.3546752929688
21.2578125,953.35302734375
21.2734375,953.3321533203125
21.2890625,953.3232421875
21.3046875,953.3524780273438
21.3203125,953.329833984375
21.3359375,953.3290405273438
21.3515625,953.323486328125
21.3671875,953.3281860351562
21.3828125,953.3526611328125
21.3984375,953.3176879882812
21.4140625,953.3223266601562
21.4296875,953.3289794921875
21.4453125,953.350830078125
21.4609375,953.3292846679688
21.4765625,953.3568725585938
21.4921875,953.3609008789062
21.5078125,953.3800659179688
21.5234375,953.407958984375
21.5390625,953.4240112304688
21.5546875,953.4337158203125
21.5703125,953.4013671875
21.5859375,953.4220581054688
21.6015625,953.4945068359375
21.6171875,953.4777221679688
21.6328125,953.394287109375
21.6484375,953.4260864257812
21.6640625,953.45458984375
21.6796875,953.471435546875
21.6953125,953.4325561523438
21.7109375,953.4036254882812
21.7265625,953.397705078125
21.7421875,953.4124145507812
21.7578125,953.4367065429688
21.7734375,953.4114379882812
21.7890625,953.4193725585938
21.8046875,953.4026489257812
21.8203125,953.3973388671875
21.8359375,953.398193359375
21.8515625,953.410888671875
21.8671875,953.3990478515625
21.8828125,953.4150390625
21.8984375,953.41796875
21.9140625,953.4188232421875
21.9296875,953.391845703125
21.9453125,953.40185546875
21.9609375,953.40234375
21.9765625,953.4268798828125
21.9921875,953.3994140625
22.0078125,953.3956909179688
22.0234375,953.4100341796875
22.0390625,953.3966674804688
22.0546875,953.3955078125
22.0703125,953.4165649414062
22.0859375,953.3990478515625
22.1015625,953.4186401367188
22.1171875,953.4037475585938
22.1328125,953.3954467773438
22.1484375,953.407470703125
22.1640625,953.4093017578125
22.1796875,953.3927001953125
22.1953125,953.3980102539062
22.2109375,953.415771484375
22.2265625,953.4104614257812
22.2421875,953.3909301757812
22.2578125,953.3848876953125
22.2734375,953.3947143554688
22.2890625,953.3892211914062
22.3046875,953.3880004882812
22.3203125,953.3983154296875
22.3359375,953.3949584960938
22.3515625,953.390380859375
22.3671875,953.4107666015625
22.3828125,953.4113159179688
22.3984375,953.403564453125
22.4140625,953.40771484375
22.4296875,953.4061279296875
22.4453125,953.4027709960938
22.4609375,953.4047241210938
22.4765625,953.39794921875
22.4921875,953.4030151367188
22.5078125,953.404052734375
22.5234375,953.3937377929688
22.5390625,953.3878173828125
22.5546875,953.3934326171875
22.5703125,953.3906860351562
22.5859375,953.4087524414062
22.6015625,953.407958984375
22.6171875,953.4060668945312
22.6328125,953.3871459960938
22.6484375,953.4014892578125
22.6640625,953.3948974609375
22.6796875,953.3792724609375
22.6953125,953.393310546875
22.7109375,953.3973999023438
22.7265625,953.39599609375
22.7421875,953.4100341796875
22.7578125,953.395751953125
22.7734375,953.400390625
22.7890625,953.4016723632812
22.8046875,953.40234375
22.8203125,953.385498046875
22.8359375,953.3776245117188
22.8515625,953.3850708007812
22.8671875,953.39990234375
22.8828125,953.388427734375
22.8984375,953.3934326171875
22.9140625,953.3856811523438
22.9296875,953.3905029296875
22.9453125,953.3917236328125
22.9609375,953.381591796875
22.9765625,953.3892822265625
22.9921875,953.3833618164062
23.0078125,953.3681640625
23.0234375,953.3966064453125
23.0390625,953.38671875
23.0546875,953.3875732421875
23.0703125,953.4127197265625
23.0859375,953.40185546875
23.1015625,953.4005126953125
23.1171875,953.3867797851562
23.1328125,953.393798828125
23.1484375,953.3692626953125
23.1640625,953.3986206054688
23.1796875,953.4004516601562
23.1953125,953.3984985351562
23.2109375,953.381591796875
23.2265625,953.3910522460938
23.2421875,953.3677978515625
23.2578125,953.3934936523438
23.2734375,953.3817749023438
23.2890625,953.3883666992188
23.3046875,953.3817749023438
23.3203125,953.3819580078125
23.3359375,953.3753051757812
23.3515625,953.3751220703125
23.3671875,953.37890625
23.3828125,953.3692626953125
23.3984375,953.36083984375
23.4140625,953.3736572265625
23.4296875,953.3853759765625
23.4453125,953.3936767578125
23.4609375,953.3673706054688
23.4765625,953.3667602539062
23.4921875,953.3705444335938
23.5078125,953.3809204101562
23.5234375,953.3790283203125
23.5390625,953.3714599609375
23.5546875,953.376953125
23.5703125,953.3594970703125
23.5859375,953.3578491210938
23.6015625,953.3590698242188
23.6171875,953.3704223632812
23.6328125,953.3720703125
23.6484375,953.378173828125
23.6640625,953.373779296875
23.6796875,953.3884887695312
23.6953125,953.384033203125
23.7109375,953.3947143554688
23.7265625,953.3870849609375
23.7421875,953.3829345703125
23.7578125,953.3885498046875
23.7734375,953.4136352539062
23.7890625,953.3884887695312
23.8046875,953.3966064453125
23.8203125,953.4002075195312
23.8359375,953.4164428710938
23.8515625,953.3928833007812
23.8671875,953.3955078125
23.8828125,953.3968505859375
23.8984375,953.3976440429688
23.9140625,953.380126953125
23.9296875,953.404296875
23.9453125,953.3898315429688
23.9609375,953.3997192382812
23.9765625,953.3776245117188
23.9921875,953.380615234375
24.0078125,953.3753051757812
24.0234375,953.3938598632812
24.0390625,953.3870239257812
24.0546875,953.3878173828125
24.0703125,953.3956298828125
24.0859375,953.3946533203125
24.1015625,953.3739013671875
24.1171875,953.3794555664062
24.1328125,953.3888549804688
24.1484375,953.3873291015625
24.1640625,953.3958129882812
24.1796875,953.4136352539062
24.1953125,953.4490966796875
24.2109375,953.419677734375
24.2265625,953.418701171875
24.2421875,953.4351196289062
24.2578125,953.4130859375
24.2734375,953.4163208007812
24.2890625,953.4143676757812
24.3046875,953.4288940429688
24.3203125,953.4456176757812
24.3359375,953.423828125
24.3515625,953.3959350585938
24.3671875,953.382568359375
24.3828125,953.3934936523438
24.3984375,953.3959350585938
24.4140625,953.3878784179688
24.4296875,953.3872680664062
24.4453125,953.3888549804688
24.4609375,953.3876953125
24.4765625,953.3889770507812
24.4921875,953.3896484375
24.5078125,953.3792724609375
24.5234375,953.377685546875
24.5390625,953.3828125
24.5546875,953.3633422851562
24.5703125,953.3828735351562
24.5859375,953.38037109375
24.6015625,953.3775634765625
24.6171875,953.3622436523438
24.6328125,953.3619995117188
24.6484375,953.3673706054688
24.6640625,953.3641357421875
24.6796875,953.3641357421875
24.6953125,953.3624877929688
24.7109375,953.3560180664062
24.7265625,953.358154296875
24.7421875,953.3592529296875
24.7578125,953.3617553710938
24.7734375,953.357421875
24.7890625,953.3610229492188
24.8046875,953.3709716796875
24.8203125,953.3733520507812
24.8359375,953.3604736328125
24.8515625,953.3521118164062
24.8671875,953.358642578125
24.8828125,953.353271484375
24.8984375,953.3489379882812
24.9140625,953.357421875
24.9296875,953.3528442382812
24.9453125,953.3343505859375
24.9609375,953.3353881835938
24.9765625,953.3568725585938
24.9921875,953.3345336914062
25.0078125,953.3336791992188
25.0234375,953.3592529296875
25.0390625,953.3577270507812
25.0546875,953.3541259765625
25.0703125,953.3460693359375
25.0859375,953.3234252929688
25.1015625,953.3367919921875
25.1171875,953.3407592773438
25.1328125,953.33935546875
25.1484375,953.3237915039062
25.1640625,953.3247680664062
25.1796875,953.3346557617188
25.1953125,953.323486328125
25.2109375,953.3268432617188
25.2265625,953.3390502929688
25.2421875,953.328125
25.2578125,953.3262329101562
25.2734375,953.331787109375
25.2890625,953.3139038085938
25.3046875,953.3214721679688
25.3203125,953.3370361328125
25.3359375,953.3317260742188
25.3515625,953.3223876953125
25.3671875,953.322998046875
25.3828125,953.3305053710938
25.3984375,953.3305053710938
25.4140625,953.3221435546875
25.4296875,953.3189697265625
25.4453125,953.3364868164062
25.4609375,953.3270874023438
25.4765625,953.3253173828125
25.4921875,953.3629760742188
25.5078125,953.3558349609375
25.5234375,953.3672485351562
25.5390625,953.4038696289062
25.5546875,953.4105224609375
25.5703125,953.4537353515625
25.5859375,953.4169921875
25.6015625,953.5072631835938
25.6171875,953.4361572265625
25.6328125,953.4813232421875
25.6484375,953.4571533203125
25.6640625,953.477783203125
25.6796875,953.490234375
25.6953125,953.5188598632812
25.7109375,953.504638671875
25.7265625,953.5061645507812
25.7421875,953.443115234375
25.7578125,953.4852905273438
25.7734375,953.4144287109375
25.7890625,953.443115234375
25.8046875,953.4119262695312
25.8203125,953.44921875
25.8359375,953.4920043945312
25.8515625,953.4371948242188
25.8671875,953.481689453125
25.8828125,953.407958984375
25.8984375,953.37451171875
25.9140625,953.4235229492188
25.9296875,953.4403076171875
25.9453125,953.4352416992188
25.9609375,953.46826171875
25.9765625,953.4484252929688
25.9921875,953.4546508789062
26.0078125,953.5076904296875
26.0234375,953.4430541992188
26.0390625,953.522705078125
26.0546875,953.4385986328125
26.0703125,953.4559936523438
26.0859375,953.4494018554688
26.1015625,953.461669921875
26.1171875,953.4548950195312
26.1328125,953.4464111328125
26.1484375,953.4476318359375
26.1640625,953.44677734375
26.1796875,953.434814453125
26.1953125,953.4541015625
26.2109375,953.4666137695312
26.2265625,953.4457397460938
26.2421875,953.4469604492188
26.2578125,953.4205932617188
26.2734375,953.4087524414062
26.2890625,953.39794921875
26.3046875,953.3983154296875
26.3203125,953.3794555664062
26.3359375,953.3860473632812
26.3515625,953.3943481445312
26.3671875,953.3873291015625
26.3828125,953.3778686523438
26.3984375,953.3746948242188
26.4140625,953.3865966796875
26.4296875,953.3638305664062
26.4453125,953.3717041015625
26.4609375,953.3690185546875
26.4765625,953.38671875
26.4921875,953.3681640625
26.5078125,953.3704223632812
26.5234375,953.3626098632812
26.5390625,953.3665161132812
26.5546875,953.3685913085938
26.5703125,953.3675537109375
26.5859375,953.3651123046875
26.6015625,953.3716430664062
26.6171875,953.3857421875
26.6328125,953.3670043945312
26.6484375,953.3582763671875
26.6640625,953.361083984375
26.6796875,953.36328125
26.6953125,953.3546752929688
26.7109375,953.3403930664062
26.7265625,953.332763671875
26.7421875,953.3453979492188
26.7578125,953.3583374023438
26.7734375,953.3301391601562
26.7890625,953.3395385742188
26.8046875,953.3460083007812
26.8203125,953.3331298828125
26.8359375,953.331787109375
26.8515625,953.3499755859375
26.8671875,953.3087768554688
26.8828125,953.3574829101562
26.8984375,953.3326416015625
26.9140625,953.3325805664062
26.9296875,953.3363647460938
26.9453125,953.352294921875
26.9609375,953.33544921875
26.9765625,953.3366088867188
26.9921875,953.3311767578125
27.0078125,953.3432006835938
27.0234375,953.3260498046875
27.0390625,953.341064453125
27.0546875,953.3255004882812
27.0703125,953.3263549804688
27.0859375,953.3274536132812
27.1015625,953.3295288085938
27.1171875,953.3296508789062
27.1328125,953.3351440429688
27.1484375,953.3287353515625
27.1640625,953.3268432617188
27.1796875,953.3273315429688
27.1953125,953.3296508789062
27.2109375,953.3345336914062
27.2265625,953.3215942382812
27.2421875,953.326171875
27.2578125,953.3355102539062
27.2734375,953.3346557617188
27.2890625,953.3465576171875
27.3046875,953.4034423828125
27.3203125,953.3698120117188
27.3359375,953.3646850585938
27.3515625,953.3556518554688
27.3671875,953.4077758789062
27.3828125,953.382080078125
27.3984375,953.4396362304688
27.4140625,953.4317016601562
27.4296875,953.4172973632812
27.4453125,953.4261474609375
27.4609375,953.456298828125
27.4765625,953.5122680664062
27.4921875,953.4183349609375
27.5078125,953.4473266601562
27.5234375,953.4551391601562
27.5390625,953.4725341796875
27.5546875,953.4450073242188
27.5703125,953.4703979492188
27.5859375,953.483642578125
27.6015625,953.44677734375
27.6171875,953.5079345703125
27.6328125,953.4160766601562
27.6484375,953.4749145507812
27.6640625,953.4545288085938
27.6796875,953.448486328125
27.6953125,953.4476318359375
27.7109375,953.4839477539062
27.7265625,953.4494018554688
27.7421875,953.518310546875
27.7578125,953.4381103515625
27.7734375,953.4231567382812
27.7890625,953.43359375
27.8046875,953.48779296875
27.8203125,953.4844970703125
27.8359375,953.5057373046875
27.8515625,953.5084838867188
27.8671875,953.501220703125
27.8828125,953.5008544921875
27.8984375,953.4481201171875
27.9140625,953.4878540039062
27.9296875,953.4652099609375
27.9453125,953.4536743164062
27.9609375,953.4474487304688
27.9765625,953.4324951171875
27.9921875,953.4715576171875
28.0078125,953.4556274414062
28.0234375,953.4422607421875
28.0390625,953.4721069335938
28.0546875,953.4244384765625
28.0703125,953.4342651367188
28.0859375,953.4920043945312
28.1015625,953.4403686523438
28.1171875,953.4364013671875
28.1328125,953.419189453125
28.1484375,953.4087524414062
28.1640625,953.40966796875
28.1796875,953.4093017578125
28.1953125,953.413818359375
28.2109375,953.3950805664062
28.2265625,953.4051513671875
28.2421875,953.388671875
28.2578125,953.3860473632812
28.2734375,953.393310546875
28.2890625,953.3973388671875
28.3046875,953.4010009765625
28.3203125,953.3734741210938
28.3359375,953.3811645507812
28.3515625,953.3580322265625
28.3671875,953.3890380859375
28.3828125,953.366455078125
28.3984375,953.3846435546875
28.4140625,953.3857421875
28.4296875,953.3672485351562
28.4453125,953.37890625
28.4609375,953.3884887695312
28.4765625,953.3780517578125
28.4921875,953.3665161132812
28.5078125,953.3776245117188
28.5234375,953.3662109375
28.5390625,953.3786010742188
28.5546875,953.3833618164062
28.5703125,953.37451171875
28.5859375,953.3587036132812
28.6015625,953.3794555664062
28.6171875,953.3805541992188
28.6328125,953.3617553710938
28.6484375,953.3783569335938
28.6640625,953.3518676757812
28.6796875,953.3600463867188
28.6953125,953.3602905273438
28.7109375,953.3390502929688
28.7265625,953.3680419921875
28.7421875,953.3583984375
28.7578125,953.3478393554688
28.7734375,953.363037109375
28.7890625,953.3377685546875
28.8046875,953.361328125
28.8203125,953.36083984375
28.8359375,953.3603515625
28.8515625,953.337646484375
28.8671875,953.3588256835938
28.8828125,953.36865234375
28.8984375,953.35498046875
28.9140625,953.3409423828125
28.9296875,953.3435668945312
28.9453125,953.3525390625
28.9609375,953.3387451171875
28.9765625,953.3402709960938
28.9921875,953.3594970703125
29.0078125,953.3369140625
29.0234375,953.34326171875
29.0390625,953.34716796875
29.0546875,953.3599243164062
29.0703125,953.3565673828125
29.0859375,953.3590698242188
29.1015625,953.34130859375
29.1171875,953.3306274414062
29.1328125,953.3589477539062
29.1484375,953.3429565429688
29.1640625,953.3560791015625
29.1796875,953.3624267578125
29.1953125,953.3619995117188
29.2109375,953.3291015625
29.2265625,953.3167114257812
29.2421875,953.3590698242188
29.2578125,953.3360595703125
29.2734375,953.3825073242188
29.2890625,953.39794921875
29.3046875,953.399169921875
29.3203125,953.3932495117188
29.3359375,953.3583374023438
29.3515625,953.380859375
29.3671875,953.3810424804688
29.3828125,953.3787841796875
29.3984375,953.4112548828125
29.4140625,953.4155883789062
29.4296875,953.41015625
29.4453125,953.403564453125
29.4609375,953.4102172851562
29.4765625,953.4318237304688
29.4921875,953.4203491210938
29.5078125,953.4178466796875
29.5234375,953.4450073242188
29.5390625,953.394287109375
29.5546875,953.4415893554688
29.5703125,953.433349609375
29.5859375,953.4309692382812
29.6015625,953.421630859375
29.6171875,953.4443359375
29.6328125,953.452392578125
29.6484375,953.4305419921875
29.6640625,953.4298095703125
29.6796875,953.4172973632812
29.6953125,953.4387817382812
29.7109375,953.4483642578125
29.7265625,953.4303588867188
29.7421875,953.4274291992188
29.7578125,953.4591064453125
29.7734375,953.4414672851562
29.7890625,953.4273071289062
29.8046875,953.4423217773438
29.8203125,953.4467163085938
29.8359375,953.4387817382812
29.8515625,953.440673828125
29.8671875,953.4605102539062
29.8828125,953.45458984375
29.8984375,953.4360961914062
29.9140625,953.4484252929688
29.9296875,953.4346923828125
29.9453125,953.4093017578125
29.9609375,953.419677734375
29.9765625,953.430908203125
29.9921875,953.4237060546875
30.0078125,953.4127197265625
30.0234375,953.4288330078125
30.0390625,953.42138671875
30.0546875,953.4164428710938
30.0703125,953.4185180664062
30.0859375,953.4121704101562
30.1015625,953.4110717773438
30.1171875,953.417236328125
30.1328125,953.423583984375
30.1484375,953.4228515625
30.1640625,953.4046020507812
30.1796875,953.4074096679688
30.1953125,953.4054565429688
30.2109375,953.405517578125
30.2265625,953.4151611328125
30.2421875,953.42333984375
30.2578125,953.4107666015625
30.2734375,953.4119873046875
30.2890625,953.4108276367188
30.3046875,953.3889770507812
30.3203125,953.3948974609375
30.3359375,953.3926391601562
30.3515625,953.403564453125
30.3671875,953.413818359375
30.3828125,953.4072265625
30.3984375,953.3929443359375
30.4140625,953.3974609375
30.4296875,953.4016723632812
30.4453125,953.3965454101562
30.4609375,953.399169921875
30.4765625,953.4010620117188
30.4921875,953.4066772460938
30.5078125,953.4029541015625
30.5234375,953.403076171875
30.5390625,953.40234375
30.5546875,953.4052124023438
30.5703125,953.39404296875
30.5859375,953.3820190429688
30.6015625,953.3928833007812
30.6171875,953.3784790039062
30.6328125,953.380615234375
30.6484375,953.3988647460938
30.6640625,953.3915405273438
30.6796875,953.3949584960938
30.6953125,953.3930053710938
30.7109375,953.3836669921875
30.7265625,953.388671875
