# Time (seconds),f0
0.0078125,27.996726989746094
0.0234375,28.00848388671875
0.0390625,28.013992309570312
0.0546875,28.00848388671875
0.0703125,28.012161254882812
0.0859375,28.001510620117188
0.1015625,28.00812530517578
0.1171875,28.019882202148438
0.1328125,28.001869201660156
0.1484375,28.019508361816406
0.1640625,28.00554656982422
0.1796875,28.00995635986328
0.1953125,28.013992309570312
0.2109375,28.014366149902344
0.2265625,28.012161254882812
0.2421875,27.998931884765625
0.2578125,28.001136779785156
0.2734375,28.00848388671875
0.2890625,27.998199462890625
0.3046875,28.014739990234375
0.3203125,28.00812530517578
0.3359375,28.002967834472656
0.3515625,27.998199462890625
0.3671875,27.991943359375
0.3828125,27.9912109375
0.3984375,28.00775146484375
0.4140625,28.00922393798828
0.4296875,28.001869201660156
0.4453125,28.00592041015625
0.4609375,28.00554656982422
0.4765625,28.00371551513672
0.4921875,28.018043518066406
0.5078125,28.00848388671875
0.5234375,28.00481414794922
0.5390625,28.019149780273438
0.5546875,28.020248413085938
0.5703125,28.00775146484375
0.5859375,28.00554656982422
0.6015625,28.003341674804688
0.6171875,28.00995635986328
0.6328125,28.014366149902344
0.6484375,28.00922393798828
0.6640625,28.001869201660156
0.6796875,28.001869201660156
0.6953125,28.00554656982422
0.7109375,28.016197204589844
0.7265625,28.00554656982422
0.7421875,28.003341674804688
0.7578125,28.018043518066406
0.7734375,28.018043518066406
0.7890625,28.014366149902344
0.8046875,28.001510620117188
0.8203125,28.000030517578125
0.8359375,28.00922393798828
0.8515625,28.00922393798828
0.8671875,28.016197204589844
0.8828125,28.016197204589844
0.8984375,28.005172729492188
0.9140625,28.0235595703125
0.9296875,28.019882202148438
0.9453125,28.018043518066406
0.9609375,28.018402099609375
0.9765625,28.018043518066406
0.9921875,28.018043518066406
1.0078125,28.015838623046875
1.0234375,28.00481414794922
1.0390625,28.019882202148438
1.0546875,28.013992309570312
1.0703125,28.013259887695312
1.0859375,28.001869201660156
1.1015625,28.013992309570312
1.1171875,28.013992309570312
1.1328125,28.02391815185547
1.1484375,28.012535095214844
1.1640625,28.00922393798828
1.1796875,28.00922393798828
1.1953125,28.0272216796875
1.2109375,28.013992309570312
1.2265625,28.024658203125
1.2421875,28.013633728027344
1.2578125,28.018775939941406
1.2734375,28.016197204589844
1.2890625,28.01178741455078
1.3046875,28.01178741455078
1.3203125,28.000030517578125
1.3359375,28.017303466796875
1.3515625,28.019149780273438
1.3671875,28.018043518066406
1.3828125,28.020248413085938
1.3984375,28.010330200195312
1.4140625,28.00812530517578
1.4296875,28.020980834960938
1.4453125,28.027969360351562
1.4609375,28.017303466796875
1.4765625,27.998931884765625
1.4921875,27.998931884765625
1.5078125,28.001869201660156
1.5234375,28.01068878173828
1.5390625,27.997459411621094
1.5546875,28.00848388671875
1.5703125,28.00958251953125
1.5859375,28.020248413085938
1.6015625,28.001869201660156
1.6171875,28.001869201660156
1.6328125,28.011062622070312
1.6484375,27.995620727539062
1.6640625,27.997459411621094
1.6796875,28.001869201660156
1.6953125,27.991943359375
1.7109375,27.995620727539062
1.7265625,28.001869201660156
1.7421875,28.001869201660156
1.7578125,27.995620727539062
1.7734375,27.998931884765625
1.7890625,27.996726989746094
1.8046875,27.99304962158203
1.8203125,27.9912109375
1.8359375,27.997459411621094
1.8515625,28.001869201660156
1.8671875,28.00592041015625
1.8828125,27.995620727539062
1.8984375,27.998931884765625
1.9140625,27.997459411621094
1.9296875,28.001869201660156
1.9453125,27.995620727539062
1.9609375,27.99304962158203
1.9765625,28.00775146484375
1.9921875,27.98828125
2.0078125,27.99048614501953
2.0234375,28.002967834472656
2.0390625,27.991943359375
2.0546875,27.996726989746094
2.0703125,27.997459411621094
2.0859375,27.998199462890625
2.1015625,27.99304962158203
2.1171875,28.00371551513672
2.1328125,28.00848388671875
2.1484375,27.995620727539062
2.1640625,27.998199462890625
2.1796875,27.991943359375
2.1953125,28.001510620117188
2.2109375,28.013633728027344
2.2265625,27.991943359375
2.2421875,27.97467803955078
2.2578125,27.980560302734375
2.2734375,27.995620727539062
2.2890625,27.9901123046875
2.3046875,27.991943359375
2.3203125,27.995620727539062
2.3359375,27.9893798828125
2.3515625,27.99304962158203
2.3671875,27.9893798828125
2.3828125,27.995254516601562
2.3984375,28.00554656982422
2.4140625,27.995620727539062
2.4296875,28.004440307617188
2.4453125,28.00775146484375
2.4609375,27.9901123046875
2.4765625,27.995620727539062
2.4921875,27.99304962158203
2.5078125,27.9912109375
2.5234375,27.98828125
2.5390625,27.982025146484375
2.5546875,27.984230041503906
2.5703125,27.982025146484375
2.5859375,27.984230041503906
2.6015625,28.001136779785156
2.6171875,27.99304962158203
2.6328125,28.000762939453125
2.6484375,28.00848388671875
2.6640625,27.9912109375
2.6796875,27.982391357421875
2.6953125,27.998199462890625
2.7109375,27.995620727539062
2.7265625,27.99158477783203
2.7421875,27.991943359375
2.7578125,27.995620727539062
2.7734375,27.987533569335938
2.7890625,27.98828125
2.8046875,27.9912109375
2.8203125,27.977981567382812
2.8359375,27.991943359375
2.8515625,27.986434936523438
2.8671875,27.9893798828125
2.8828125,27.984970092773438
2.8984375,27.985702514648438
2.9140625,27.98863983154297
2.9296875,27.987533569335938
2.9453125,27.986434936523438
2.9609375,27.995620727539062
2.9765625,27.97357177734375
2.9921875,27.96953582763672
3.0078125,27.97467803955078
3.0234375,27.97650909423828
3.0390625,27.982765197753906
3.0546875,27.97394561767578
3.0703125,27.97209930419922
3.0859375,27.977981567382812
3.1015625,27.986434936523438
3.1171875,27.97541046142578
3.1328125,27.97209930419922
3.1484375,27.968063354492188
3.1640625,27.967330932617188
3.1796875,27.977981567382812
3.1953125,27.962921142578125
3.2109375,27.976150512695312
3.2265625,27.97430419921875
3.2421875,27.967330932617188
3.2578125,27.97247314453125
3.2734375,27.97247314453125
3.2890625,27.97064208984375
3.3046875,27.969161987304688
3.3203125,27.961822509765625
3.3359375,27.961822509765625
3.3515625,27.963653564453125
3.3671875,27.960342407226562
3.3828125,27.959976196289062
3.3984375,27.961074829101562
3.4140625,27.966232299804688
3.4296875,27.949325561523438
3.4453125,27.9537353515625
3.4609375,27.948593139648438
3.4765625,27.95189666748047
3.4921875,27.93902587890625
3.5078125,27.9537353515625
3.5234375,27.960342407226562
3.5390625,27.950424194335938
3.5546875,27.944183349609375
3.5703125,27.940505981445312
3.5859375,27.93792724609375
3.6015625,27.939773559570312
3.6171875,27.93609619140625
3.6328125,27.93829345703125
3.6484375,27.943809509277344
3.6640625,27.931312561035156
3.6796875,27.942337036132812
3.6953125,27.9566650390625
3.7109375,27.93646240234375
3.7265625,27.93609619140625
3.7421875,27.93609619140625
3.7578125,27.942337036132812
3.7734375,27.949325561523438
3.7890625,27.932411193847656
3.8046875,27.947845458984375
3.8203125,27.93646240234375
3.8359375,27.93866729736328
3.8515625,27.940872192382812
3.8671875,27.940505981445312
3.8828125,27.943077087402344
3.8984375,27.942337036132812
3.9140625,27.940872192382812
3.9296875,27.944541931152344
3.9453125,27.940505981445312
3.9609375,27.93536376953125
3.9765625,27.93498992919922
3.9921875,27.949325561523438
4.0078125,27.93792724609375
4.0234375,27.93792724609375
4.0390625,27.928375244140625
4.0546875,27.93425750732422
4.0703125,27.933517456054688
4.0859375,27.931312561035156
4.1015625,27.930953979492188
4.1171875,27.932785034179688
4.1328125,27.93719482421875
4.1484375,27.93315887451172
4.1640625,27.93792724609375
4.1796875,27.93682098388672
4.1953125,27.93756866455078
4.2109375,27.940872192382812
4.2265625,27.93756866455078
4.2421875,27.950424194335938
4.2578125,27.940505981445312
4.2734375,27.93609619140625
4.2890625,27.93829345703125
4.3046875,27.93498992919922
4.3203125,27.948219299316406
4.3359375,27.939773559570312
4.3515625,27.929847717285156
4.3671875,27.93498992919922
4.3828125,27.93609619140625
4.3984375,27.93498992919922
4.4140625,27.93939971923828
4.4296875,27.940872192382812
4.4453125,27.942337036132812
4.4609375,27.93682098388672
4.4765625,27.93609619140625
4.4921875,27.93866729736328
4.5078125,27.93609619140625
4.5234375,27.926902770996094
4.5390625,27.949325561523438
4.5546875,27.948593139648438
4.5703125,27.94013214111328
4.5859375,27.946014404296875
4.6015625,27.943435668945312
4.6171875,27.940505981445312
4.6328125,27.930206298828125
4.6484375,27.93646240234375
4.6640625,27.93609619140625
4.6796875,27.933517456054688
4.6953125,27.933517456054688
4.7109375,27.934616088867188
4.7265625,27.929847717285156
4.7421875,27.925064086914062
4.7578125,27.923965454101562
4.7734375,27.920654296875
4.7890625,27.926544189453125
4.8046875,27.923965454101562
4.8203125,27.925437927246094
4.8359375,27.91992950439453
4.8515625,27.92138671875
4.8671875,27.926544189453125
4.8828125,27.92359161376953
4.8984375,27.925437927246094
4.9140625,27.91992950439453
4.9296875,27.9188232421875
4.9453125,27.934616088867188
4.9609375,27.91808319091797
4.9765625,27.920654296875
4.9921875,27.929847717285156
5.0078125,27.925437927246094
5.0234375,27.91735076904297
5.0390625,27.91992950439453
5.0546875,27.9202880859375
5.0703125,27.91992950439453
5.0859375,27.9202880859375
5.1015625,27.915145874023438
5.1171875,27.914047241210938
5.1328125,27.913673400878906
5.1484375,27.913314819335938
5.1640625,27.905227661132812
5.1796875,27.914772033691406
5.1953125,27.915878295898438
5.2109375,27.906700134277344
5.2265625,27.914413452148438
5.2421875,27.907424926757812
5.2578125,27.914047241210938
5.2734375,27.911109924316406
5.2890625,27.90229034423828
5.3046875,27.910003662109375
5.3203125,27.911834716796875
5.3359375,27.906700134277344
5.3515625,27.90264892578125
5.3671875,27.906326293945312
5.3828125,27.895675659179688
5.3984375,27.896774291992188
5.4140625,27.906326293945312
5.4296875,27.90264892578125
5.4453125,27.8853759765625
5.4609375,27.90338897705078
5.4765625,27.898605346679688
5.4921875,27.893470764160156
5.5078125,27.896034240722656
5.5234375,27.88465118408203
5.5390625,27.888687133789062
5.5546875,27.893096923828125
5.5703125,27.893096923828125
5.5859375,27.89897918701172
5.6015625,27.876556396484375
5.6171875,27.891624450683594
5.6328125,27.88465118408203
5.6484375,27.90008544921875
5.6640625,27.88721466064453
5.6796875,27.887954711914062
5.6953125,27.90264892578125
5.7109375,27.90485382080078
5.7265625,27.891624450683594
5.7421875,27.894927978515625
5.7578125,27.907058715820312
5.7734375,27.907058715820312
5.7890625,27.90081787109375
5.8046875,27.897132873535156
5.8203125,27.888687133789062
5.8359375,27.897506713867188
5.8515625,27.90374755859375
5.8671875,27.906700134277344
5.8828125,27.898605346679688
5.8984375,27.892364501953125
5.9140625,27.90485382080078
5.9296875,27.896408081054688
5.9453125,27.906700134277344
5.9609375,27.907058715820312
5.9765625,27.906700134277344
5.9921875,27.90485382080078
6.0078125,27.910736083984375
6.0234375,27.914772033691406
6.0390625,27.90374755859375
6.0546875,27.898605346679688
6.0703125,27.898605346679688
6.0859375,27.90485382080078
6.1015625,27.908157348632812
6.1171875,27.89897918701172
6.1328125,27.913673400878906
6.1484375,27.906700134277344
6.1640625,27.907058715820312
6.1796875,27.897132873535156
6.1953125,27.891624450683594
6.2109375,27.898605346679688
6.2265625,27.90264892578125
6.2421875,27.906700134277344
6.2578125,27.892364501953125
6.2734375,27.915878295898438
6.2890625,27.910736083984375
6.3046875,27.90338897705078
6.3203125,27.90264892578125
6.3359375,27.910736083984375
6.3515625,27.88574981689453
6.3671875,27.906700134277344
6.3828125,27.908157348632812
6.3984375,27.90264892578125
6.4140625,27.90485382080078
6.4296875,27.90485382080078
6.4453125,27.90081787109375
6.4609375,27.89897918701172
6.4765625,27.90264892578125
6.4921875,27.90485382080078
6.5078125,27.90118408203125
6.5234375,27.90264892578125
6.5390625,27.907424926757812
6.5546875,27.906700134277344
6.5703125,27.908905029296875
6.5859375,27.896408081054688
6.6015625,27.90081787109375
6.6171875,27.90081787109375
6.6328125,27.891624450683594
6.6484375,27.88721466064453
6.6640625,27.894927978515625
6.6796875,27.908157348632812
6.6953125,27.893470764160156
6.7109375,27.90264892578125
6.7265625,27.896408081054688
6.7421875,27.893470764160156
6.7578125,27.892364501953125
6.7734375,27.906326293945312
6.7890625,27.90081787109375
6.8046875,27.893470764160156
6.8203125,27.90485382080078
6.8359375,27.90595245361328
6.8515625,27.888687133789062
6.8671875,27.88721466064453
6.8828125,27.880599975585938
6.8984375,27.886856079101562
6.9140625,27.873985290527344
6.9296875,27.873985290527344
6.9453125,27.886856079101562
6.9609375,27.873985290527344
6.9765625,27.889785766601562
6.9921875,27.874725341796875
7.0078125,27.88427734375
7.0234375,27.878395080566406
7.0390625,27.862960815429688
7.0546875,27.873985290527344
7.0703125,27.858917236328125
7.0859375,27.869216918945312
7.1015625,27.86737060546875
7.1171875,27.856719970703125
7.1328125,27.873252868652344
7.1484375,27.853408813476562
7.1640625,27.878395080566406
7.1796875,27.855613708496094
7.1953125,27.859291076660156
7.2109375,27.859649658203125
7.2265625,27.858917236328125
7.2421875,27.86737060546875
7.2578125,27.86663818359375
7.2734375,27.86553955078125
7.2890625,27.855613708496094
7.3046875,27.859649658203125
7.3203125,27.86663818359375
7.3359375,27.869949340820312
7.3515625,27.875457763671875
7.3671875,27.859649658203125
7.3828125,27.856719970703125
7.3984375,27.839080810546875
7.4140625,27.84937286376953
7.4296875,27.852676391601562
7.4453125,27.855613708496094
7.4609375,27.845321655273438
7.4765625,27.855613708496094
7.4921875,27.855613708496094
7.5078125,27.853782653808594
7.5234375,27.8489990234375
7.5390625,27.855613708496094
7.5546875,27.859291076660156
7.5703125,27.869216918945312
7.5859375,27.859649658203125
7.6015625,27.859291076660156
7.6171875,27.86553955078125
7.6328125,27.859291076660156
7.6484375,27.86370086669922
7.6640625,27.855613708496094
7.6796875,27.852676391601562
7.6953125,27.855613708496094
7.7109375,27.85047149658203
7.7265625,27.859649658203125
7.7421875,27.86480712890625
7.7578125,27.860023498535156
7.7734375,27.86737060546875
7.7890625,27.859649658203125
7.8046875,27.853782653808594
7.8203125,27.860023498535156
7.8359375,27.8861083984375
7.8515625,27.856719970703125
7.8671875,27.871047973632812
7.8828125,27.86846923828125
7.8984375,27.859649658203125
7.9140625,27.875457763671875
7.9296875,27.853782653808594
7.9453125,27.875457763671875
7.9609375,27.872146606445312
7.9765625,27.873626708984375
7.9921875,27.855613708496094
8.0078125,27.861495971679688
8.0234375,27.859649658203125
8.0390625,27.86737060546875
8.0546875,27.86773681640625
8.0703125,27.86737060546875
8.0859375,27.86846923828125
8.1015625,27.86553955078125
8.1171875,27.871047973632812
8.1328125,27.875457763671875
8.1484375,27.875457763671875
8.1640625,27.858917236328125
8.1796875,27.873626708984375
8.1953125,27.86553955078125
8.2109375,27.86737060546875
8.2265625,27.86846923828125
8.2421875,27.86663818359375
8.2578125,27.855613708496094
8.2734375,27.8489990234375
8.2890625,27.86553955078125
8.3046875,27.860023498535156
8.3203125,27.850830078125
8.3359375,27.856719970703125
8.3515625,27.85009765625
8.3671875,27.861129760742188
8.3828125,27.858917236328125
8.3984375,27.8489990234375
8.4140625,27.855987548828125
8.4296875,27.859649658203125
8.4453125,27.859649658203125
8.4609375,27.859291076660156
8.4765625,27.86480712890625
8.4921875,27.842758178710938
8.5078125,27.84716796875
8.5234375,27.845321655273438
8.5390625,27.836502075195312
8.5546875,27.836502075195312
8.5703125,27.836502075195312
8.5859375,27.845687866210938
8.6015625,27.840179443359375
8.6171875,27.852676391601562
8.6328125,27.842384338378906
8.6484375,27.836502075195312
8.6640625,27.84606170654297
8.6796875,27.83245849609375
8.6953125,27.842010498046875
8.7109375,27.838348388671875
8.7265625,27.84937286376953
8.7421875,27.836502075195312
8.7578125,27.824745178222656
8.7734375,27.824012756347656
8.7890625,27.807479858398438
8.8046875,27.821807861328125
8.8203125,27.823272705078125
8.8359375,27.836502075195312
8.8515625,27.822914123535156
8.8671875,27.816299438476562
8.8828125,27.818862915039062
8.8984375,27.817031860351562
8.9140625,27.836502075195312
8.9296875,27.824012756347656
8.9453125,27.83283233642578
8.9609375,27.8118896484375
8.9765625,27.818862915039062
8.9921875,27.81665802001953
9.0078125,27.823272705078125
9.0234375,27.820335388183594
9.0390625,27.818862915039062
9.0546875,27.820335388183594
9.0703125,27.817398071289062
9.0859375,27.819961547851562
9.1015625,27.820709228515625
9.1171875,27.819229125976562
9.1328125,27.823272705078125
9.1484375,27.821807861328125
9.1640625,27.820335388183594
9.1796875,27.805633544921875
9.1953125,27.803802490234375
9.2109375,27.817031860351562
9.2265625,27.817398071289062
9.2421875,27.8148193359375
9.2578125,27.823638916015625
9.2734375,27.81298828125
9.2890625,27.817398071289062
9.3046875,27.811141967773438
9.3203125,27.817398071289062
9.3359375,27.819229125976562
9.3515625,27.818862915039062
9.3671875,27.804527282714844
9.3828125,27.80011749267578
9.3984375,27.807838439941406
9.4140625,27.808212280273438
9.4296875,27.822540283203125
9.4453125,27.820335388183594
9.4609375,27.824745178222656
9.4765625,27.820335388183594
9.4921875,27.83283233642578
9.5078125,27.83098602294922
9.5234375,27.819229125976562
9.5390625,27.808578491210938
9.5546875,27.816299438476562
9.5703125,27.817031860351562
9.5859375,27.81334686279297
9.6015625,27.817398071289062
9.6171875,27.822540283203125
9.6328125,27.818862915039062
9.6484375,27.817031860351562
9.6640625,27.824745178222656
9.6796875,27.821807861328125
9.6953125,27.822540283203125
9.7109375,27.820335388183594
9.7265625,27.820335388183594
9.7421875,27.822914123535156
9.7578125,27.826576232910156
9.7734375,27.824012756347656
9.7890625,27.83062744140625
9.8046875,27.836502075195312
9.8203125,27.83026123046875
9.8359375,27.836502075195312
9.8515625,27.823638916015625
9.8671875,27.83283233642578
9.8828125,27.826950073242188
9.8984375,27.827682495117188
9.9140625,27.822914123535156
9.9296875,27.836502075195312
9.9453125,27.819229125976562
9.9609375,27.83283233642578
9.9765625,27.823638916015625
9.9921875,27.821807861328125
10.0078125,27.836502075195312
10.0234375,27.822540283203125
10.0390625,27.821807861328125
10.0546875,27.819229125976562
10.0703125,27.819229125976562
10.0859375,27.821067810058594
10.1015625,27.822914123535156
10.1171875,27.823638916015625
10.1328125,27.82988739013672
10.1484375,27.836502075195312
10.1640625,27.816299438476562
10.1796875,27.826217651367188
10.1953125,27.825477600097656
10.2109375,27.819229125976562
10.2265625,27.818862915039062
10.2421875,27.818862915039062
10.2578125,27.806732177734375
10.2734375,27.816299438476562
10.2890625,27.820709228515625
10.3046875,27.816299438476562
10.3203125,27.803802490234375
10.3359375,27.801589965820312
10.3515625,27.821067810058594
10.3671875,27.809310913085938
10.3828125,27.813720703125
10.3984375,27.818862915039062
10.4140625,27.808937072753906
10.4296875,27.816299438476562
10.4453125,27.8155517578125
10.4609375,27.81298828125
10.4765625,27.819229125976562
10.4921875,27.81519317626953
10.5078125,27.806732177734375
10.5234375,27.798660278320312
10.5390625,27.800491333007812
10.5546875,27.81078338623047
10.5703125,27.808212280273438
10.5859375,27.808212280273438
10.6015625,27.807106018066406
10.6171875,27.800491333007812
10.6328125,27.816299438476562
10.6484375,27.811141967773438
10.6640625,27.811141967773438
10.6796875,27.811141967773438
10.6953125,27.800865173339844
10.7109375,27.802322387695312
10.7265625,27.808212280273438
10.7421875,27.793502807617188
10.7578125,27.787994384765625
10.7734375,27.805633544921875
10.7890625,27.80011749267578
10.8046875,27.784683227539062
10.8203125,27.789093017578125
10.8359375,27.788734436035156
10.8515625,27.787994384765625
10.8671875,27.782852172851562
10.8828125,27.78137969970703
10.8984375,27.785789489746094
10.9140625,27.793502807617188
10.9296875,27.784683227539062
10.9453125,27.772560119628906
10.9609375,27.787635803222656
10.9765625,27.791671752929688
10.9921875,27.769996643066406
11.0078125,27.786163330078125
11.0234375,27.774765014648438
11.0390625,27.769996643066406
11.0546875,27.769996643066406
11.0703125,27.781021118164062
11.0859375,27.781021118164062
11.1015625,27.764114379882812
11.1171875,27.78137969970703
11.1328125,27.781021118164062
11.1484375,27.767044067382812
11.1640625,27.785430908203125
11.1796875,27.769996643066406
11.1953125,27.772933959960938
11.2109375,27.77806854248047
11.2265625,27.77696990966797
11.2421875,27.77696990966797
11.2578125,27.77991485595703
11.2734375,27.776611328125
11.2890625,27.786888122558594
11.3046875,27.785789489746094
11.3203125,27.781021118164062
11.3359375,27.76483917236328
11.3515625,27.772560119628906
11.3671875,27.78137969970703
11.3828125,27.78137969970703
11.3984375,27.77623748779297
11.4140625,27.772933959960938
11.4296875,27.785057067871094
11.4453125,27.766685485839844
11.4609375,27.769996643066406
11.4765625,27.769996643066406
11.4921875,27.77806854248047
11.5078125,27.786888122558594
11.5234375,27.770721435546875
11.5390625,27.781753540039062
11.5546875,27.785057067871094
11.5703125,27.776611328125
11.5859375,27.7784423828125
11.6015625,27.77623748779297
11.6171875,27.785057067871094
11.6328125,27.785057067871094
11.6484375,27.783226013183594
11.6640625,27.77623748779297
11.6796875,27.768150329589844
11.6953125,27.7784423828125
11.7109375,27.77623748779297
11.7265625,27.7791748046875
11.7421875,27.7784423828125
11.7578125,27.772933959960938
11.7734375,27.7791748046875
11.7890625,27.774765014648438
11.8046875,27.788734436035156
11.8203125,27.768890380859375
11.8359375,27.768890380859375
11.8515625,27.772560119628906
11.8671875,27.785057067871094
11.8828125,27.776611328125
11.8984375,27.7784423828125
11.9140625,27.768890380859375
11.9296875,27.785789489746094
11.9453125,27.781753540039062
11.9609375,27.76483917236328
11.9765625,27.782852172851562
11.9921875,27.769996643066406
12.0078125,27.78064727783203
12.0234375,27.773658752441406
12.0390625,27.769996643066406
12.0546875,27.764114379882812
12.0703125,27.76300811767578
12.0859375,27.776611328125
12.1015625,27.767791748046875
12.1171875,27.764114379882812
12.1328125,27.768524169921875
12.1484375,27.76153564453125
12.1640625,27.764114379882812
12.1796875,27.765945434570312
12.1953125,27.76483917236328
12.2109375,27.769996643066406
12.2265625,27.769996643066406
12.2421875,27.764114379882812
12.2578125,27.767791748046875
12.2734375,27.755294799804688
12.2890625,27.764114379882812
12.3046875,27.768150329589844
12.3203125,27.76080322265625
12.3359375,27.764480590820312
12.3515625,27.7802734375
12.3671875,27.766685485839844
12.3828125,27.77806854248047
12.3984375,27.764114379882812
12.4140625,27.768524169921875
12.4296875,27.769996643066406
12.4453125,27.776611328125
12.4609375,27.764114379882812
12.4765625,27.76153564453125
12.4921875,27.764480590820312
12.5078125,27.764114379882812
12.5234375,27.769996643066406
12.5390625,27.764114379882812
12.5546875,27.769996643066406
12.5703125,27.754920959472656
12.5859375,27.766311645507812
12.6015625,27.754920959472656
12.6171875,27.754920959472656
12.6328125,27.754920959472656
12.6484375,27.750511169433594
12.6640625,27.755294799804688
12.6796875,27.751251220703125
12.6953125,27.769996643066406
12.7109375,27.750152587890625
12.7265625,27.757125854492188
12.7421875,27.752357482910156
12.7578125,27.753814697265625
12.7734375,27.754188537597656
12.7890625,27.754188537597656
12.8046875,27.754188537597656
12.8203125,27.75786590576172
12.8359375,27.751251220703125
12.8515625,27.75786590576172
12.8671875,27.754920959472656
12.8828125,27.74720001220703
12.8984375,27.753456115722656
12.9140625,27.7442626953125
12.9296875,27.755294799804688
12.9453125,27.7413330078125
12.9609375,27.747573852539062
12.9765625,27.7449951171875
12.9921875,27.754188537597656
13.0078125,27.755294799804688
13.0234375,27.753456115722656
13.0390625,27.767044067382812
13.0546875,27.75786590576172
13.0703125,27.752357482910156
13.0859375,27.7442626953125
13.1015625,27.75859832763672
13.1171875,27.75897216796875
13.1328125,27.767791748046875
13.1484375,27.749404907226562
13.1640625,27.751251220703125
13.1796875,27.76042938232422
13.1953125,27.754188537597656
13.2109375,27.750511169433594
13.2265625,27.75676727294922
13.2421875,27.765213012695312
13.2578125,27.763381958007812
13.2734375,27.76483917236328
13.2890625,27.766685485839844
13.3046875,27.767791748046875
13.3203125,27.768524169921875
13.3359375,27.7791748046875
13.3515625,27.769996643066406
13.3671875,27.767417907714844
13.3828125,27.78137969970703
13.3984375,27.769996643066406
13.4140625,27.776611328125
13.4296875,27.77623748779297
13.4453125,27.76483917236328
13.4609375,27.768890380859375
13.4765625,27.77696990966797
13.4921875,27.768890380859375
13.5078125,27.781021118164062
13.5234375,27.776611328125
13.5390625,27.785057067871094
13.5546875,27.772933959960938
13.5703125,27.76483917236328
13.5859375,27.77623748779297
13.6015625,27.768150329589844
13.6171875,27.764480590820312
13.6328125,27.766685485839844
13.6484375,27.769996643066406
13.6640625,27.769996643066406
13.6796875,27.769996643066406
13.6953125,27.773658752441406
13.7109375,27.769996643066406
13.7265625,27.763381958007812
13.7421875,27.754920959472656
13.7578125,27.773658752441406
13.7734375,27.772933959960938
13.7890625,27.767044067382812
13.8046875,27.785057067871094
13.8203125,27.766685485839844
13.8359375,27.769996643066406
13.8515625,27.785430908203125
13.8671875,27.769996643066406
13.8828125,27.770721435546875
13.8984375,27.776611328125
13.9140625,27.78137969970703
13.9296875,27.76483917236328
13.9453125,27.769996643066406
13.9609375,27.76483917236328
13.9765625,27.769996643066406
13.9921875,27.76483917236328
14.0078125,27.776611328125
14.0234375,27.76483917236328
14.0390625,27.76080322265625
14.0546875,27.78137969970703
14.0703125,27.76263427734375
14.0859375,27.766685485839844
14.1015625,27.77623748779297
14.1171875,27.76300811767578
14.1328125,27.751251220703125
14.1484375,27.772933959960938
14.1640625,27.768890380859375
14.1796875,27.764114379882812
14.1953125,27.768524169921875
14.2109375,27.772933959960938
14.2265625,27.767044067382812
14.2421875,27.750511169433594
14.2578125,27.764114379882812
14.2734375,27.764114379882812
14.2890625,27.76483917236328
14.3046875,27.763381958007812
14.3203125,27.769996643066406
14.3359375,27.766311645507812
14.3515625,27.763381958007812
14.3671875,27.764114379882812
14.3828125,27.754920959472656
14.3984375,27.769996643066406
14.4140625,27.75897216796875
14.4296875,27.757125854492188
14.4453125,27.750511169433594
14.4609375,27.75676727294922
14.4765625,27.764114379882812
14.4921875,27.754188537597656
14.5078125,27.763381958007812
14.5234375,27.767044067382812
14.5390625,27.767044067382812
14.5546875,27.751251220703125
14.5703125,27.750885009765625
14.5859375,27.769996643066406
14.6015625,27.749404907226562
14.6171875,27.755294799804688
14.6328125,27.748306274414062
14.6484375,27.746841430664062
14.6640625,27.74169158935547
14.6796875,27.748306274414062
14.6953125,27.750885009765625
14.7109375,27.749778747558594
14.7265625,27.74610137939453
14.7421875,27.74095916748047
14.7578125,27.7442626953125
14.7734375,27.74536895751953
14.7890625,27.739852905273438
14.8046875,27.751609802246094
14.8203125,27.7442626953125
14.8359375,27.738380432128906
14.8515625,27.749778747558594
14.8671875,27.737655639648438
14.8828125,27.733245849609375
14.8984375,27.735443115234375
14.9140625,27.747573852539062
14.9296875,27.74022674560547
14.9453125,27.738754272460938
14.9609375,27.742431640625
14.9765625,27.72552490234375
14.9921875,27.728103637695312
15.0078125,27.72479248046875
15.0234375,27.732872009277344
15.0390625,27.722946166992188
15.0546875,27.722946166992188
15.0703125,27.72625732421875
15.0859375,27.74353790283203
15.1015625,27.738380432128906
15.1171875,27.731033325195312
15.1328125,27.740585327148438
15.1484375,27.729934692382812
15.1640625,27.72479248046875
15.1796875,27.730308532714844
15.1953125,27.731765747070312
15.2109375,27.72735595703125
15.2265625,27.733245849609375
15.2421875,27.732139587402344
15.2578125,27.736923217773438
15.2734375,27.734344482421875
15.2890625,27.74095916748047
15.3046875,27.74720001220703
15.3203125,27.74353790283203
15.3359375,27.750885009765625
15.3515625,27.754188537597656
15.3671875,27.750885009765625
15.3828125,27.754188537597656
15.3984375,27.763381958007812
15.4140625,27.754920959472656
15.4296875,27.7442626953125
15.4453125,27.754188537597656
15.4609375,27.76227569580078
15.4765625,27.76153564453125
15.4921875,27.765213012695312
15.5078125,27.75970458984375
15.5234375,27.75859832763672
15.5390625,27.753456115722656
15.5546875,27.753456115722656
15.5703125,27.76080322265625
15.5859375,27.754920959472656
15.6015625,27.745742797851562
15.6171875,27.750885009765625
15.6328125,27.747573852539062
15.6484375,27.751251220703125
15.6640625,27.751251220703125
15.6796875,27.763381958007812
15.6953125,27.753456115722656
15.7109375,27.750885009765625
15.7265625,27.75786590576172
15.7421875,27.750885009765625
15.7578125,27.767044067382812
15.7734375,27.768150329589844
15.7890625,27.754920959472656
15.8046875,27.767044067382812
15.8203125,27.755294799804688
15.8359375,27.767044067382812
15.8515625,27.754920959472656
15.8671875,27.75676727294922
15.8828125,27.754920959472656
15.8984375,27.764114379882812
15.9140625,27.768150329589844
15.9296875,27.763381958007812
15.9453125,27.773658752441406
15.9609375,27.767417907714844
15.9765625,27.77623748779297
15.9921875,27.769996643066406
16.0078125,27.771095275878906
16.0234375,27.77696990966797
16.0390625,27.76483917236328
16.0546875,27.771827697753906
16.0703125,27.776611328125
16.0859375,27.76483917236328
16.1015625,27.763381958007812
16.1171875,27.765945434570312
16.1328125,27.758224487304688
16.1484375,27.766685485839844
16.1640625,27.76227569580078
16.1796875,27.768150329589844
16.1953125,27.763381958007812
16.2109375,27.764114379882812
16.2265625,27.750511169433594
16.2421875,27.76153564453125
16.2578125,27.750511169433594
16.2734375,27.763381958007812
16.2890625,27.755294799804688
16.3046875,27.754188537597656
16.3203125,27.75897216796875
16.3359375,27.769248962402344
16.3515625,27.747573852539062
16.3671875,27.75897216796875
16.3828125,27.740585327148438
16.3984375,27.750885009765625
16.4140625,27.751983642578125
16.4296875,27.736549377441406
16.4453125,27.742431640625
16.4609375,27.74720001220703
16.4765625,27.751251220703125
16.4921875,27.738380432128906
16.5078125,27.747573852539062
16.5234375,27.740585327148438
16.5390625,27.734718322753906
16.5546875,27.736923217773438
16.5703125,27.740585327148438
16.5859375,27.737281799316406
16.6015625,27.734344482421875
16.6171875,27.736549377441406
16.6328125,27.738021850585938
16.6484375,27.737281799316406
16.6640625,27.740585327148438
16.6796875,27.739486694335938
16.6953125,27.748672485351562
16.7109375,27.739486694335938
16.7265625,27.735443115234375
16.7421875,27.733970642089844
16.7578125,27.72405242919922
16.7734375,27.729934692382812
16.7890625,27.730308532714844
16.8046875,27.72735595703125
16.8203125,27.733612060546875
16.8359375,27.72846221923828
16.8515625,27.729202270507812
16.8671875,27.737655639648438
16.8828125,27.730667114257812
16.8984375,27.730308532714844
16.9140625,27.72589874267578
16.9296875,27.730308532714844
16.9453125,27.730308532714844
16.9609375,27.735443115234375
16.9765625,27.72846221923828
16.9921875,27.72956085205078
17.0078125,27.734344482421875
17.0234375,27.729934692382812
17.0390625,27.742431640625
17.0546875,27.72552490234375
17.0703125,27.72846221923828
17.0859375,27.736175537109375
17.1015625,27.72956085205078
17.1171875,27.734718322753906
17.1328125,27.72735595703125
17.1484375,27.733970642089844
17.1640625,27.742431640625
17.1796875,27.733245849609375
17.1953125,27.740585327148438
17.2109375,27.74279022216797
17.2265625,27.747573852539062
17.2421875,27.745742797851562
17.2578125,27.734718322753906
17.2734375,27.749404907226562
17.2890625,27.745742797851562
17.3046875,27.737655639648438
17.3203125,27.749778747558594
17.3359375,27.750152587890625
17.3515625,27.7449951171875
17.3671875,27.7449951171875
17.3828125,27.74463653564453
17.3984375,27.74610137939453
17.4140625,27.749404907226562
17.4296875,27.738380432128906
17.4453125,27.7442626953125
17.4609375,27.742431640625
17.4765625,27.7442626953125
17.4921875,27.742431640625
17.5078125,27.755294799804688
17.5234375,27.754188537597656
17.5390625,27.754920959472656
17.5546875,27.74095916748047
17.5703125,27.742431640625
17.5859375,27.75676727294922
17.6015625,27.747573852539062
17.6171875,27.749404907226562
17.6328125,27.75786590576172
17.6484375,27.743896484375
17.6640625,27.749404907226562
17.6796875,27.754920959472656
17.6953125,27.767044067382812
17.7109375,27.765213012695312
17.7265625,27.750885009765625
17.7421875,27.754920959472656
17.7578125,27.767044067382812
17.7734375,27.764114379882812
17.7890625,27.764114379882812
17.8046875,27.76042938232422
17.8203125,27.754188537597656
17.8359375,27.75859832763672
17.8515625,27.751251220703125
17.8671875,27.75786590576172
17.8828125,27.770721435546875
17.8984375,27.758224487304688
17.9140625,27.763381958007812
17.9296875,27.75786590576172
17.9453125,27.764114379882812
17.9609375,27.76080322265625
17.9765625,27.754920959472656
17.9921875,27.769996643066406
18.0078125,27.768150329589844
18.0234375,27.766685485839844
18.0390625,27.750511169433594
18.0546875,27.755294799804688
18.0703125,27.754188537597656
18.0859375,27.76190185546875
18.1015625,27.753456115722656
18.1171875,27.74720001220703
18.1328125,27.753082275390625
18.1484375,27.75676727294922
18.1640625,27.750152587890625
18.1796875,27.76042938232422
18.1953125,27.752357482910156
18.2109375,27.749404907226562
18.2265625,27.747573852539062
18.2421875,27.757492065429688
18.2578125,27.738380432128906
18.2734375,27.74463653564453
18.2890625,27.737281799316406
18.3046875,27.740585327148438
18.3203125,27.742431640625
18.3359375,27.743896484375
18.3515625,27.747573852539062
18.3671875,27.743896484375
18.3828125,27.7431640625
18.3984375,27.734718322753906
18.4140625,27.739852905273438
18.4296875,27.740585327148438
18.4453125,27.730308532714844
18.4609375,27.728103637695312
18.4765625,27.72772979736328
18.4921875,27.722946166992188
18.5078125,27.739852905273438
18.5234375,27.737281799316406
18.5390625,27.729934692382812
18.5546875,27.731765747070312
18.5703125,27.72735595703125
18.5859375,27.72405242919922
18.6015625,27.72442626953125
18.6171875,27.730667114257812
18.6328125,27.732872009277344
18.6484375,27.72442626953125
18.6640625,27.718910217285156
18.6796875,27.717803955078125
18.6953125,27.72735595703125
18.7109375,27.715232849121094
18.7265625,27.718910217285156
18.7421875,27.72369384765625
18.7578125,27.721115112304688
18.7734375,27.715232849121094
18.7890625,27.730308532714844
18.8046875,27.714500427246094
18.8203125,27.718177795410156
18.8359375,27.719284057617188
18.8515625,27.72515106201172
18.8671875,27.715972900390625
18.8828125,27.728103637695312
18.8984375,27.721847534179688
18.9140625,27.714126586914062
18.9296875,27.719284057617188
18.9453125,27.722213745117188
18.9609375,27.718177795410156
18.9765625,27.715232849121094
18.9921875,27.735076904296875
19.0078125,27.736549377441406
19.0234375,27.722946166992188
19.0390625,27.72772979736328
19.0546875,27.714500427246094
19.0703125,27.72589874267578
19.0859375,27.72332000732422
19.1015625,27.72442626953125
19.1171875,27.719284057617188
19.1328125,27.72589874267578
19.1484375,27.721847534179688
19.1640625,27.721115112304688
19.1796875,27.72589874267578
19.1953125,27.72956085205078
19.2109375,27.730308532714844
19.2265625,27.730308532714844
19.2421875,27.735076904296875
19.2578125,27.719284057617188
19.2734375,27.721847534179688
19.2890625,27.718910217285156
19.3046875,27.72442626953125
19.3203125,27.715972900390625
19.3359375,27.722946166992188
19.3515625,27.72479248046875
19.3671875,27.719642639160156
19.3828125,27.718910217285156
19.3984375,27.72589874267578
19.4140625,27.72589874267578
19.4296875,27.721115112304688
19.4453125,27.72589874267578
19.4609375,27.722946166992188
19.4765625,27.728103637695312
19.4921875,27.728103637695312
19.5078125,27.740585327148438
19.5234375,27.731033325195312
19.5390625,27.730308532714844
19.5546875,27.722946166992188
19.5703125,27.730308532714844
19.5859375,27.732139587402344
19.6015625,27.72405242919922
19.6171875,27.72479248046875
19.6328125,27.730667114257812
19.6484375,27.715232849121094
19.6640625,27.722946166992188
19.6796875,27.72699737548828
19.6953125,27.721847534179688
19.7109375,27.718910217285156
19.7265625,27.72772979736328
19.7421875,27.72332000732422
19.7578125,27.721847534179688
19.7734375,27.719642639160156
19.7890625,27.712669372558594
19.8046875,27.70384979248047
19.8203125,27.712295532226562
19.8359375,27.722946166992188
19.8515625,27.71082305908203
19.8671875,27.714500427246094
19.8828125,27.715232849121094
19.8984375,27.722213745117188
19.9140625,27.717079162597656
19.9296875,27.700164794921875
19.9453125,27.7086181640625
19.9609375,27.703102111816406
19.9765625,27.7078857421875
19.9921875,27.71082305908203
20.0078125,27.703102111816406
20.0234375,27.695388793945312
20.0390625,27.7078857421875
20.0546875,27.686935424804688
20.0703125,27.68951416015625
20.0859375,27.699798583984375
20.1015625,27.7071533203125
20.1171875,27.70384979248047
20.1328125,27.694656372070312
20.1484375,27.700164794921875
20.1640625,27.685104370117188
20.1796875,27.704574584960938
20.1953125,27.69171905517578
20.2109375,27.671875
20.2265625,27.681427001953125
20.2421875,27.68914794921875
20.2578125,27.68914794921875
20.2734375,27.685836791992188
20.2890625,27.6737060546875
20.3046875,27.681053161621094
20.3203125,27.679595947265625
20.3359375,27.6715087890625
20.3515625,27.6707763671875
20.3671875,27.684364318847656
20.3828125,27.68951416015625
20.3984375,27.672607421875
20.4140625,27.681800842285156
20.4296875,27.676284790039062
20.4453125,27.67040252685547
20.4609375,27.677017211914062
20.4765625,27.68987274169922
20.4921875,27.676284790039062
20.5078125,27.684005737304688
20.5234375,27.677017211914062
20.5390625,27.679954528808594
20.5546875,27.681053161621094
20.5703125,27.675918579101562
20.5859375,27.681427001953125
20.6015625,27.684005737304688
20.6171875,27.675918579101562
20.6328125,27.68951416015625
20.6484375,27.681427001953125
20.6640625,27.684005737304688
20.6796875,27.683258056640625
20.6953125,27.675918579101562
20.7109375,27.680328369140625
20.7265625,27.680328369140625
20.7421875,27.676284790039062
20.7578125,27.685104370117188
20.7734375,27.69171905517578
20.7890625,27.687667846679688
20.8046875,27.685104370117188
20.8203125,27.68951416015625
20.8359375,27.695388793945312
20.8515625,27.687667846679688
20.8671875,27.694656372070312
20.8828125,27.685836791992188
20.8984375,27.692825317382812
20.9140625,27.68914794921875
20.9296875,27.678489685058594
20.9453125,27.687667846679688
20.9609375,27.685836791992188
20.9765625,27.701644897460938
20.9921875,27.698333740234375
21.0078125,27.695388793945312
21.0234375,27.687667846679688
21.0390625,27.695388793945312
21.0546875,27.700897216796875
21.0703125,27.704208374023438
21.0859375,27.7078857421875
21.1015625,27.700897216796875
21.1171875,27.7078857421875
21.1328125,27.702377319335938
21.1484375,27.704574584960938
21.1640625,27.72148895263672
21.1796875,27.714500427246094
21.1953125,27.703102111816406
21.2109375,27.700897216796875
21.2265625,27.70825958251953
21.2421875,27.700897216796875
21.2578125,27.712295532226562
21.2734375,27.7078857421875
21.2890625,27.715972900390625
21.3046875,27.68987274169922
21.3203125,27.695388793945312
21.3359375,27.7060546875
21.3515625,27.685836791992188
21.3671875,27.704208374023438
21.3828125,27.7086181640625
21.3984375,27.7078857421875
21.4140625,27.700164794921875
21.4296875,27.7078857421875
21.4453125,27.704574584960938
21.4609375,27.69171905517578
21.4765625,27.699798583984375
21.4921875,27.697967529296875
21.5078125,27.686935424804688
21.5234375,27.69062042236328
21.5390625,27.685104370117188
21.5546875,27.69097900390625
21.5703125,27.677017211914062
21.5859375,27.685836791992188
21.6015625,27.699798583984375
21.6171875,27.685836791992188
21.6328125,27.699798583984375
21.6484375,27.685836791992188
21.6640625,27.68951416015625
21.6796875,27.69097900390625
21.6953125,27.700897216796875
21.7109375,27.685836791992188
21.7265625,27.681427001953125
21.7421875,27.676284790039062
21.7578125,27.702377319335938
21.7734375,27.693557739257812
21.7890625,27.682159423828125
21.8046875,27.692825317382812
21.8203125,27.693557739257812
21.8359375,27.702377319335938
21.8515625,27.69097900390625
21.8671875,27.67223358154297
21.8828125,27.683631896972656
21.8984375,27.67407989501953
21.9140625,27.681427001953125
21.9296875,27.67407989501953
21.9453125,27.667098999023438
21.9609375,27.66857147216797
21.9765625,27.65679931640625
21.9921875,27.675186157226562
22.0078125,27.65570068359375
22.0234375,27.663414001464844
22.0390625,27.665992736816406
22.0546875,27.65679931640625
22.0703125,27.661209106445312
22.0859375,27.67040252685547
22.1015625,27.664161682128906
22.1171875,27.664161682128906
22.1328125,27.65900421142578
22.1484375,27.65386962890625
22.1640625,27.663414001464844
22.1796875,27.661582946777344
22.1953125,27.663414001464844
22.2109375,27.663414001464844
22.2265625,27.662315368652344
22.2421875,27.661209106445312
22.2578125,27.661956787109375
22.2734375,27.660110473632812
22.2890625,27.665260314941406
22.3046875,27.67040252685547
22.3203125,27.664886474609375
22.3359375,27.660110473632812
22.3515625,27.665992736816406
22.3671875,27.65313720703125
22.3828125,27.652389526367188
22.3984375,27.659378051757812
22.4140625,27.651657104492188
22.4296875,27.65496826171875
22.4453125,27.65386962890625
22.4609375,27.661209106445312
22.4765625,27.67040252685547
22.4921875,27.663414001464844
22.5078125,27.665992736816406
22.5234375,27.664886474609375
22.5390625,27.665992736816406
22.5546875,27.667098999023438
22.5703125,27.665992736816406
22.5859375,27.67040252685547
22.6015625,27.65679931640625
22.6171875,27.660110473632812
22.6328125,27.657546997070312
22.6484375,27.663414001464844
22.6640625,27.65203094482422
22.6796875,27.675918579101562
22.6953125,27.67407989501953
22.7109375,27.664886474609375
22.7265625,27.663414001464844
22.7421875,27.67040252685547
22.7578125,27.647621154785156
22.7734375,27.667098999023438
22.7890625,27.67223358154297
22.8046875,27.65203094482422
22.8203125,27.667098999023438
22.8359375,27.67040252685547
22.8515625,27.67298126220703
22.8671875,27.663414001464844
22.8828125,27.6707763671875
22.8984375,27.664161682128906
22.9140625,27.65679931640625
22.9296875,27.660110473632812
22.9453125,27.661209106445312
22.9609375,27.67040252685547
22.9765625,27.665992736816406
22.9921875,27.660110473632812
23.0078125,27.664161682128906
23.0234375,27.647621154785156
23.0390625,27.659378051757812
23.0546875,27.660476684570312
23.0703125,27.65203094482422
23.0859375,27.663414001464844
23.1015625,27.649459838867188
23.1171875,27.65313720703125
23.1328125,27.65203094482422
23.1484375,27.65386962890625
23.1640625,27.658279418945312
23.1796875,27.65386962890625
23.1953125,27.648353576660156
23.2109375,27.65644073486328
23.2265625,27.643211364746094
23.2421875,27.65644073486328
23.2578125,27.645774841308594
23.2734375,27.647621154785156
23.2890625,27.660110473632812
23.3046875,27.651657104492188
23.3203125,27.660110473632812
23.3359375,27.647621154785156
23.3515625,27.6365966796875
23.3671875,27.646148681640625
23.3828125,27.647621154785156
23.3984375,27.643211364746094
23.4140625,27.643943786621094
23.4296875,27.646148681640625
23.4453125,27.645050048828125
23.4609375,27.634750366210938
23.4765625,27.632186889648438
23.4921875,27.645050048828125
23.5078125,27.635498046875
23.5234375,27.65313720703125
23.5390625,27.63916015625
23.5546875,27.639907836914062
23.5703125,27.639907836914062
23.5859375,27.631446838378906
23.6015625,27.63695526123047
23.6171875,27.627410888671875
23.6328125,27.629981994628906
23.6484375,27.643943786621094
23.6640625,27.632186889648438
23.6796875,27.632186889648438
23.6953125,27.622268676757812
23.7109375,27.629608154296875
23.7265625,27.63695526123047
23.7421875,27.634017944335938
23.7578125,27.627410888671875
23.7734375,27.627410888671875
23.7890625,27.63439178466797
23.8046875,27.624473571777344
23.8203125,27.632186889648438
23.8359375,27.614181518554688
23.8515625,27.627410888671875
23.8671875,27.61675262451172
23.8828125,27.611244201660156
23.8984375,27.613807678222656
23.9140625,27.613075256347656
23.9296875,27.61931610107422
23.9453125,27.623367309570312
23.9609375,27.62262725830078
23.9765625,27.607559204101562
23.9921875,27.61895751953125
24.0078125,27.61748504638672
24.0234375,27.628509521484375
24.0390625,27.613807678222656
24.0546875,27.628135681152344
24.0703125,27.61859130859375
24.0859375,27.607559204101562
24.1015625,27.61785888671875
24.1171875,27.61785888671875
24.1328125,27.613075256347656
24.1484375,27.61859130859375
24.1640625,27.616012573242188
24.1796875,27.622268676757812
24.1953125,27.611244201660156
24.2109375,27.625198364257812
24.2265625,27.614181518554688
24.2421875,27.627410888671875
24.2578125,27.628135681152344
24.2734375,27.62152099609375
24.2890625,27.611244201660156
24.3046875,27.631446838378906
24.3203125,27.628135681152344
24.3359375,27.61785888671875
24.3515625,27.610496520996094
24.3671875,27.632545471191406
24.3828125,27.622268676757812
24.3984375,27.627037048339844
24.4140625,27.61859130859375
24.4296875,27.631446838378906
24.4453125,27.624832153320312
24.4609375,27.61968994140625
24.4765625,27.61859130859375
24.4921875,27.631446838378906
24.5078125,27.629608154296875
24.5234375,27.631446838378906
24.5390625,27.626678466796875
24.5546875,27.6365966796875
24.5703125,27.63329315185547
24.5859375,27.633651733398438
24.6015625,27.63512420654297
24.6171875,27.639907836914062
24.6328125,27.627410888671875
24.6484375,27.614181518554688
24.6640625,27.63695526123047
24.6796875,27.625198364257812
24.6953125,27.628135681152344
24.7109375,27.631088256835938
24.7265625,27.628135681152344
24.7421875,27.628509521484375
24.7578125,27.624099731445312
24.7734375,27.6365966796875
24.7890625,27.631088256835938
24.8046875,27.629608154296875
24.8203125,27.628509521484375
24.8359375,27.639907836914062
24.8515625,27.61859130859375
24.8671875,27.625198364257812
24.8828125,27.624099731445312
24.8984375,27.628135681152344
24.9140625,27.628135681152344
24.9296875,27.614906311035156
24.9453125,27.628883361816406
24.9609375,27.628509521484375
24.9765625,27.625198364257812
24.9921875,27.62152099609375
25.0078125,27.62372589111328
25.0234375,27.626678466796875
25.0390625,27.625198364257812
25.0546875,27.622268676757812
25.0703125,27.624832153320312
25.0859375,27.614181518554688
25.1015625,27.628135681152344
25.1171875,27.611244201660156
25.1328125,27.622268676757812
25.1484375,27.604629516601562
25.1640625,27.61675262451172
25.1796875,27.607559204101562
25.1953125,27.611244201660156
25.2109375,27.611244201660156
25.2265625,27.597640991210938
25.2421875,27.61748504638672
25.2578125,27.606460571289062
25.2734375,27.608665466308594
25.2890625,27.604629516601562
25.3046875,27.624099731445312
25.3203125,27.6002197265625
25.3359375,27.606834411621094
25.3515625,27.60167694091797
25.3671875,27.595436096191406
25.3828125,27.60205078125
25.3984375,27.59801483154297
25.4140625,27.604629516601562
25.4296875,27.598373413085938
25.4453125,27.609397888183594
25.4609375,27.60205078125
25.4765625,27.604629516601562
25.4921875,27.610496520996094
25.5078125,27.60167694091797
25.5234375,27.611244201660156
25.5390625,27.58588409423828
25.5546875,27.597640991210938
25.5703125,27.59984588623047
25.5859375,27.59911346435547
25.6015625,27.587722778320312
25.6171875,27.586990356445312
25.6328125,27.596542358398438
25.6484375,27.591026306152344
25.6640625,27.577796936035156
25.6796875,27.58588409423828
25.6953125,27.581832885742188
25.7109375,27.592498779296875
25.7265625,27.589195251464844
25.7421875,27.58588409423828
25.7578125,27.586990356445312
25.7734375,27.60425567626953
25.7890625,27.58403778076172
25.8046875,27.58478546142578
25.8203125,27.578903198242188
25.8359375,27.576324462890625
25.8515625,27.586990356445312
25.8671875,27.58514404296875
25.8828125,27.6009521484375
25.8984375,27.570449829101562
25.9140625,27.570449829101562
25.9296875,27.575965881347656
25.9453125,27.58514404296875
25.9609375,27.575218200683594
25.9765625,27.58478546142578
25.9921875,27.58514404296875
26.0078125,27.587722778320312
26.0234375,27.573387145996094
26.0390625,27.58514404296875
26.0546875,27.571556091308594
26.0703125,27.570083618164062
26.0859375,27.575965881347656
26.1015625,27.57080841064453
26.1171875,27.570083618164062
26.1328125,27.5675048828125
26.1484375,27.58220672607422
26.1640625,27.5675048828125
26.1796875,27.575218200683594
26.1953125,27.571914672851562
26.2109375,27.5675048828125
26.2265625,27.58588409423828
26.2421875,27.574119567871094
26.2578125,27.577423095703125
26.2734375,27.5667724609375
26.2890625,27.571556091308594
26.3046875,27.58220672607422
26.3203125,27.58220672607422
26.3359375,27.57080841064453
26.3515625,27.577423095703125
26.3671875,27.573760986328125
26.3828125,27.573760986328125
26.3984375,27.57080841064453
26.4140625,27.58220672607422
26.4296875,27.575218200683594
26.4453125,27.58403778076172
26.4609375,27.576324462890625
26.4765625,27.58403778076172
26.4921875,27.591026306152344
26.5078125,27.579269409179688
26.5234375,27.58844757080078
26.5390625,27.573387145996094
26.5546875,27.58220672607422
26.5703125,27.594703674316406
26.5859375,27.58293914794922
26.6015625,27.58220672607422
26.6171875,27.58514404296875
26.6328125,27.6031494140625
26.6484375,27.58844757080078
26.6640625,27.58037567138672
26.6796875,27.587722778320312
26.6953125,27.58514404296875
26.7109375,27.586990356445312
26.7265625,27.571556091308594
26.7421875,27.60205078125
26.7578125,27.595062255859375
26.7734375,27.593963623046875
26.7890625,27.59984588623047
26.8046875,27.579269409179688
26.8203125,27.577796936035156
26.8359375,27.587722778320312
26.8515625,27.575965881347656
26.8671875,27.58220672607422
26.8828125,27.59911346435547
26.8984375,27.60608673095703
26.9140625,27.591026306152344
26.9296875,27.586990356445312
26.9453125,27.591026306152344
26.9609375,27.591758728027344
26.9765625,27.593963623046875
26.9921875,27.591026306152344
27.0078125,27.58220672607422
27.0234375,27.58514404296875
27.0390625,27.58514404296875
27.0546875,27.58514404296875
27.0703125,27.59984588623047
27.0859375,27.592857360839844
27.1015625,27.587722778320312
27.1171875,27.593963623046875
27.1328125,27.576324462890625
27.1484375,27.58514404296875
27.1640625,27.58514404296875
27.1796875,27.58514404296875
27.1953125,27.58258056640625
27.2109375,27.586990356445312
27.2265625,27.58514404296875
27.2421875,27.58037567138672
27.2578125,27.58514404296875
27.2734375,27.575965881347656
27.2890625,27.589195251464844
27.3046875,27.586990356445312
27.3203125,27.579627990722656
27.3359375,27.58293914794922
27.3515625,27.588088989257812
27.3671875,27.586990356445312
27.3828125,27.571914672851562
27.3984375,27.56529998779297
27.4140625,27.586990356445312
27.4296875,27.592498779296875
27.4453125,27.59911346435547
27.4609375,27.58514404296875
27.4765625,27.58220672607422
27.4921875,27.575218200683594
27.5078125,27.58037567138672
27.5234375,27.58514404296875
27.5390625,27.571914672851562
27.5546875,27.58403778076172
27.5703125,27.577423095703125
27.5859375,27.571182250976562
27.6015625,27.58403778076172
27.6171875,27.56714630126953
27.6328125,27.58147430419922
27.6484375,27.58147430419922
27.6640625,27.586990356445312
27.6796875,27.573760986328125
27.6953125,27.5675048828125
27.7109375,27.56714630126953
27.7265625,27.586990356445312
27.7421875,27.571914672851562
27.7578125,27.58403778076172
27.7734375,27.58514404296875
27.7890625,27.589553833007812
27.8046875,27.586990356445312
27.8203125,27.58514404296875
27.8359375,27.591026306152344
27.8515625,27.587722778320312
27.8671875,27.58403778076172
27.8828125,27.58293914794922
27.8984375,27.58514404296875
27.9140625,27.58403778076172
27.9296875,27.58293914794922
27.9453125,27.571556091308594
27.9609375,27.578903198242188
27.9765625,27.60205078125
27.9921875,27.595436096191406
28.0078125,27.586990356445312
28.0234375,27.59984588623047
28.0390625,27.59911346435547
28.0546875,27.591026306152344
28.0703125,27.58588409423828
28.0859375,27.589920043945312
28.1015625,27.59911346435547
28.1171875,27.58844757080078
28.1328125,27.596168518066406
28.1484375,27.593605041503906
28.1640625,27.60608673095703
28.1796875,27.606834411621094
28.1953125,27.589553833007812
28.2109375,27.614547729492188
28.2265625,27.609039306640625
28.2421875,27.604629516601562
28.2578125,27.605361938476562
28.2734375,27.59984588623047
28.2890625,27.60167694091797
28.3046875,27.595436096191406
28.3203125,27.58624267578125
28.3359375,27.596168518066406
28.3515625,27.607559204101562
28.3671875,27.593231201171875
28.3828125,27.59911346435547
28.3984375,27.6038818359375
28.4140625,27.58588409423828
28.4296875,27.593605041503906
28.4453125,27.599472045898438
28.4609375,27.608665466308594
28.4765625,27.611244201660156
28.4921875,27.597640991210938
28.5078125,27.597640991210938
28.5234375,27.58624267578125
28.5390625,27.606834411621094
28.5546875,27.604629516601562
28.5703125,27.61785888671875
28.5859375,27.609397888183594
28.6015625,27.604629516601562
28.6171875,27.61748504638672
28.6328125,27.604629516601562
28.6484375,27.608291625976562
28.6640625,27.60608673095703
28.6796875,27.604629516601562
28.6953125,27.593963623046875
28.7109375,27.609397888183594
28.7265625,27.604629516601562
28.7421875,27.602783203125
28.7578125,27.587722778320312
28.7734375,27.604629516601562
28.7890625,27.604629516601562
28.8046875,27.610496520996094
28.8203125,27.613075256347656
28.8359375,27.607192993164062
28.8515625,27.607559204101562
28.8671875,27.60167694091797
28.8828125,27.6002197265625
28.8984375,27.612701416015625
28.9140625,27.609397888183594
28.9296875,27.614181518554688
28.9453125,27.611244201660156
28.9609375,27.624099731445312
28.9765625,27.606460571289062
28.9921875,27.613449096679688
29.0078125,27.61895751953125
29.0234375,27.610496520996094
29.0390625,27.608291625976562
29.0546875,27.60425567626953
29.0703125,27.611244201660156
29.0859375,27.609397888183594
29.1015625,27.610496520996094
29.1171875,27.612342834472656
29.1328125,27.609397888183594
29.1484375,27.604629516601562
29.1640625,27.601318359375
29.1796875,27.608665466308594
29.1953125,27.611244201660156
29.2109375,27.610496520996094
29.2265625,27.604629516601562
29.2421875,27.591026306152344
29.2578125,27.60167694091797
29.2734375,27.59911346435547
29.2890625,27.59984588623047
29.3046875,27.604629516601562
29.3203125,27.602783203125
29.3359375,27.589920043945312
29.3515625,27.586990356445312
29.3671875,27.60205078125
29.3828125,27.58588409423828
29.3984375,27.586990356445312
29.4140625,27.58514404296875
29.4296875,27.58588409423828
29.4453125,27.592857360839844
29.4609375,27.60167694091797
29.4765625,27.58588409423828
29.4921875,27.587722778320312
29.5078125,27.59984588623047
29.5234375,27.596908569335938
29.5390625,27.58844757080078
29.5546875,27.58478546142578
29.5703125,27.58293914794922
29.5859375,27.59984588623047
29.6015625,27.59911346435547
29.6171875,27.591026306152344
29.6328125,27.591026306152344
29.6484375,27.595062255859375
29.6640625,27.58514404296875
29.6796875,27.592857360839844
29.6953125,27.575218200683594
29.7109375,27.589920043945312
29.7265625,27.58588409423828
29.7421875,27.58403778076172
29.7578125,27.586990356445312
29.7734375,27.586990356445312
29.7890625,27.58403778076172
29.8046875,27.586990356445312
29.8203125,27.575965881347656
29.8359375,27.58220672607422
29.8515625,27.571914672851562
29.8671875,27.5675048828125
29.8828125,27.58037567138672
29.8984375,27.592857360839844
29.9140625,27.589195251464844
29.9296875,27.58220672607422
29.9453125,27.574119567871094
29.9609375,27.586990356445312
29.9765625,27.59911346435547
29.9921875,27.58293914794922
30.0078125,27.58588409423828
30.0234375,27.58220672607422
30.0390625,27.58403778076172
30.0546875,27.59911346435547
30.0703125,27.58514404296875
30.0859375,27.58588409423828
30.1015625,27.58624267578125
30.1171875,27.58844757080078
30.1328125,27.577796936035156
30.1484375,27.59801483154297
30.1640625,27.58220672607422
30.1796875,27.58220672607422
30.1953125,27.574119567871094
30.2109375,27.58403778076172
30.2265625,27.578170776367188
30.2421875,27.58293914794922
30.2578125,27.58514404296875
30.2734375,27.571182250976562
30.2890625,27.573760986328125
30.3046875,27.577796936035156
30.3203125,27.586990356445312
30.3359375,27.58514404296875
30.3515625,27.58624267578125
30.3671875,27.58514404296875
30.3828125,27.595062255859375
30.3984375,27.59911346435547
30.4140625,27.589195251464844
30.4296875,27.59911346435547
30.4453125,27.573387145996094
30.4609375,27.586990356445312
30.4765625,27.586990356445312
30.4921875,27.57080841064453
30.5078125,27.58588409423828
30.5234375,27.59984588623047
30.5390625,27.58220672607422
30.5546875,27.58514404296875
30.5703125,27.58478546142578
30.5859375,27.60608673095703
30.6015625,27.58588409423828
30.6171875,27.592132568359375
30.6328125,27.575965881347656
30.6484375,27.577796936035156
30.6640625,27.58220672607422
30.6796875,27.58514404296875
30.6953125,27.58478546142578
30.7109375,27.578903198242188
30.7265625,27.58147430419922
30.7421875,27.58403778076172
30.7578125,27.569351196289062
30.7734375,27.571556091308594
30.7890625,27.56529998779297
30.8046875,27.573387145996094
30.8203125,27.571556091308594
30.8359375,27.5675048828125
30.8515625,27.571556091308594
30.8671875,27.574119567871094
30.8828125,27.573387145996094
30.8984375,27.58403778076172
30.9140625,27.573760986328125
30.9296875,27.568603515625
30.9453125,27.568603515625
30.9609375,27.560890197753906
30.9765625,27.56383514404297
30.9921875,27.565673828125
31.0078125,27.556121826171875
31.0234375,27.5675048828125
31.0390625,27.556121826171875
31.0546875,27.560157775878906
31.0703125,27.56383514404297
31.0859375,27.5660400390625
31.1015625,27.558326721191406
31.1171875,27.560157775878906
31.1328125,27.54509735107422
31.1484375,27.560531616210938
31.1640625,27.561988830566406
31.1796875,27.54619598388672
31.1953125,27.560890197753906
31.2109375,27.560157775878906
31.2265625,27.55133819580078
31.2421875,27.560157775878906
31.2578125,27.54840087890625
31.2734375,27.545455932617188
31.2890625,27.561988830566406
31.3046875,27.54875946044922
31.3203125,27.54619598388672
31.3359375,27.54840087890625
31.3515625,27.54509735107422
31.3671875,27.54986572265625
31.3828125,27.544349670410156
31.3984375,27.55096435546875
31.4140625,27.539581298828125
31.4296875,27.552810668945312
31.4453125,27.56383514404297
31.4609375,27.545822143554688
31.4765625,27.54840087890625
31.4921875,27.552810668945312
31.5078125,27.557220458984375
31.5234375,27.558326721191406
31.5390625,27.544723510742188
31.5546875,27.54986572265625
31.5703125,27.54913330078125
31.5859375,27.54986572265625
31.6015625,27.54803466796875
31.6171875,27.558326721191406
31.6328125,27.54840087890625
31.6484375,27.556121826171875
31.6640625,27.55316925048828
31.6796875,27.541412353515625
31.6953125,27.56494140625
31.7109375,27.54840087890625
31.7265625,27.544349670410156
31.7421875,27.54619598388672
31.7578125,27.560890197753906
31.7734375,27.544349670410156
31.7890625,27.54840087890625
31.8046875,27.560531616210938
31.8203125,27.55060577392578
31.8359375,27.560890197753906
31.8515625,27.560157775878906
31.8671875,27.561988830566406
31.8828125,27.569351196289062
31.8984375,27.5675048828125
31.9140625,27.545455932617188
31.9296875,27.556121826171875
31.9453125,27.555747985839844
31.9609375,27.554275512695312
31.9765625,27.54986572265625
31.9921875,27.56383514404297
32.0078125,27.561988830566406
32.0234375,27.54840087890625
32.0390625,27.572280883789062
32.0546875,27.561988830566406
32.0703125,27.560157775878906
32.0859375,27.561988830566406
32.1015625,27.571914672851562
32.1171875,27.56273651123047
32.1328125,27.557220458984375
32.1484375,27.560157775878906
32.1640625,27.568603515625
32.1796875,27.560890197753906
32.1953125,27.560157775878906
32.2109375,27.573760986328125
32.2265625,27.57080841064453
32.2421875,27.5675048828125
32.2578125,27.56456756591797
32.2734375,27.571182250976562
32.2890625,27.558685302734375
32.3046875,27.560531616210938
32.3203125,27.560157775878906
32.3359375,27.556854248046875
32.3515625,27.560157775878906
32.3671875,27.553916931152344
32.3828125,27.54875946044922
32.3984375,27.545455932617188
32.4140625,27.561988830566406
32.4296875,27.571914672851562
32.4453125,27.56273651123047
32.4609375,27.556121826171875
32.4765625,27.556121826171875
32.4921875,27.560890197753906
32.5078125,27.54840087890625
32.5234375,27.56273651123047
32.5390625,27.558326721191406
32.5546875,27.553543090820312
32.5703125,27.54692840576172
32.5859375,27.54950714111328
32.6015625,27.560157775878906
32.6171875,27.55316925048828
32.6328125,27.560157775878906
32.6484375,27.539939880371094
32.6640625,27.55023193359375
32.6796875,27.544349670410156
32.6953125,27.54986572265625
32.7109375,27.560531616210938
32.7265625,27.541412353515625
32.7421875,27.537002563476562
32.7578125,27.53186798095703
32.7734375,27.544349670410156
32.7890625,27.542518615722656
32.8046875,27.54875946044922
32.8203125,27.54840087890625
32.8359375,27.53186798095703
32.8515625,27.55060577392578
32.8671875,27.54730224609375
32.8828125,27.539939880371094
32.8984375,27.54803466796875
32.9140625,27.544349670410156
32.9296875,27.537002563476562
32.9453125,27.54875946044922
32.9609375,27.537002563476562
32.9765625,27.54875946044922
32.9921875,27.542518615722656
33.0078125,27.543991088867188
33.0234375,27.537734985351562
33.0390625,27.526351928710938
33.0546875,27.534805297851562
33.0703125,27.536277770996094
33.0859375,27.537002563476562
33.1015625,27.538108825683594
33.1171875,27.5322265625
33.1328125,27.526351928710938
33.1484375,27.5322265625
33.1640625,27.534805297851562
33.1796875,27.53369903564453
33.1953125,27.518638610839844
33.2109375,27.522674560546875
33.2265625,27.5303955078125
33.2421875,27.526710510253906
33.2578125,27.522300720214844
33.2734375,27.525985717773438
33.2890625,27.523048400878906
33.3046875,27.527084350585938
33.3203125,27.521202087402344
33.3359375,27.519363403320312
33.3515625,27.519363403320312
33.3671875,27.521202087402344
33.3828125,27.51679229736328
33.3984375,27.517532348632812
33.4140625,27.511276245117188
33.4296875,27.506507873535156
33.4453125,27.51202392578125
33.4609375,27.51202392578125
33.4765625,27.519363403320312
33.4921875,27.521202087402344
33.5078125,27.51385498046875
33.5234375,27.527084350585938
33.5390625,27.526710510253906
33.5546875,27.505767822265625
33.5703125,27.521942138671875
33.5859375,27.521202087402344
33.6015625,27.516433715820312
33.6171875,27.519363403320312
33.6328125,27.51348114013672
33.6484375,27.52855682373047
33.6640625,27.5303955078125
33.6796875,27.521202087402344
33.6953125,27.524505615234375
33.7109375,27.528915405273438
33.7265625,27.534072875976562
33.7421875,27.539581298828125
33.7578125,27.5303955078125
33.7734375,27.524505615234375
33.7890625,27.526710510253906
33.8046875,27.539581298828125
33.8203125,27.539581298828125
33.8359375,27.537376403808594
33.8515625,27.520469665527344
33.8671875,27.540313720703125
33.8828125,27.521942138671875
33.8984375,27.5296630859375
33.9140625,27.525985717773438
33.9296875,27.534805297851562
33.9453125,27.522300720214844
33.9609375,27.53002166748047
33.9765625,27.536277770996094
33.9921875,27.545822143554688
34.0078125,27.543251037597656
34.0234375,27.537734985351562
34.0390625,27.5333251953125
34.0546875,27.54692840576172
34.0703125,27.53553009033203
34.0859375,27.5333251953125
34.1015625,27.537734985351562
34.1171875,27.538482666015625
34.1328125,27.53369903564453
34.1484375,27.54840087890625
34.1640625,27.52745819091797
34.1796875,27.536636352539062
34.1953125,27.539581298828125
34.2109375,27.524147033691406
34.2265625,27.523048400878906
34.2421875,27.5303955078125
34.2578125,27.524147033691406
34.2734375,27.522674560546875
34.2890625,27.5333251953125
34.3046875,27.5333251953125
34.3203125,27.543991088867188
34.3359375,27.5296630859375
34.3515625,27.5333251953125
34.3671875,27.536636352539062
34.3828125,27.53443145751953
34.3984375,27.5296630859375
34.4140625,27.528915405273438
34.4296875,27.526710510253906
34.4453125,27.523773193359375
34.4609375,27.527084350585938
34.4765625,27.53369903564453
34.4921875,27.5303955078125
34.5078125,27.51238250732422
34.5234375,27.526710510253906
34.5390625,27.524147033691406
34.5546875,27.525611877441406
34.5703125,27.52928924560547
34.5859375,27.524147033691406
34.6015625,27.534072875976562
34.6171875,27.51385498046875
34.6328125,27.52928924560547
34.6484375,27.51679229736328
34.6640625,27.518638610839844
34.6796875,27.517532348632812
34.6953125,27.51679229736328
34.7109375,27.5296630859375
34.7265625,27.519363403320312
34.7421875,27.520469665527344
34.7578125,27.534805297851562
34.7734375,27.53443145751953
34.7890625,27.51238250732422
34.8046875,27.519363403320312
34.8203125,27.51679229736328
34.8359375,27.507614135742188
34.8515625,27.520469665527344
34.8671875,27.51238250732422
34.8828125,27.518997192382812
34.8984375,27.51679229736328
34.9140625,27.517532348632812
34.9296875,27.524879455566406
34.9453125,27.522300720214844
34.9609375,27.51679229736328
34.9765625,27.520095825195312
34.9921875,27.526710510253906
35.0078125,27.53002166748047
35.0234375,27.53369903564453
35.0390625,27.525985717773438
35.0546875,27.536636352539062
35.0703125,27.520095825195312
35.0859375,27.523048400878906
35.1015625,27.526710510253906
35.1171875,27.525253295898438
35.1328125,27.5322265625
35.1484375,27.53002166748047
35.1640625,27.536277770996094
35.1796875,27.502098083496094
35.1953125,27.527084350585938
35.2109375,27.522300720214844
35.2265625,27.525985717773438
35.2421875,27.519363403320312
35.2578125,27.523048400878906
35.2734375,27.525985717773438
35.2890625,27.518638610839844
35.3046875,27.5303955078125
35.3203125,27.53443145751953
35.3359375,27.5322265625
35.3515625,27.525611877441406
35.3671875,27.528915405273438
35.3828125,27.524147033691406
35.3984375,27.523773193359375
35.4140625,27.516433715820312
35.4296875,27.526351928710938
35.4453125,27.522674560546875
35.4609375,27.527816772460938
35.4765625,27.5303955078125
35.4921875,27.522674560546875
35.5078125,27.523773193359375
35.5234375,27.51679229736328
35.5390625,27.51679229736328
35.5546875,27.523406982421875
35.5703125,27.51091766357422
35.5859375,27.519363403320312
