Time (seconds), Duration (seconds),pred_unlabelled,pred_anomaly
0.01000,0.48000,0.99953,0.00047
0.03000,0.48000,0.99933,0.00067
0.05000,0.48000,0.99967,0.00033
0.07000,0.48000,0.99945,0.00055
0.09000,0.48000,0.99962,0.00038
0.11000,0.48000,0.99966,0.00034
0.13000,0.48000,0.99947,0.00053
0.15000,0.48000,0.99945,0.00055
0.17000,0.48000,0.99871,0.00129
0.19000,0.48000,0.99962,0.00038
0.21000,0.48000,0.99885,0.00115
0.23000,0.48000,0.99958,0.00042
0.25000,0.48000,0.99852,0.00148
0.27000,0.48000,0.99894,0.00106
0.29000,0.48000,0.99901,0.00099
0.31000,0.48000,0.99767,0.00233
0.33000,0.48000,0.99928,0.00072
0.35000,0.48000,0.99854,0.00146
0.37000,0.48000,0.99885,0.00115
0.39000,0.48000,0.99810,0.00190
0.41000,0.48000,0.99772,0.00228
0.43000,0.48000,0.99880,0.00120
0.45000,0.48000,0.99823,0.00177
0.47000,0.48000,0.99908,0.00092
0.49000,0.48000,0.99856,0.00144
0.51000,0.48000,0.99858,0.00142
0.53000,0.48000,0.99849,0.00151
0.55000,0.48000,0.99866,0.00134
0.57000,0.48000,0.99882,0.00118
0.59000,0.48000,0.99809,0.00191
0.61000,0.48000,0.99884,0.00116
0.63000,0.48000,0.99780,0.00220
0.65000,0.48000,0.99909,0.00091
0.67000,0.48000,0.99844,0.00156
0.69000,0.48000,0.99916,0.00084
0.71000,0.48000,0.99889,0.00111
0.73000,0.48000,0.99913,0.00087
0.75000,0.48000,0.99920,0.00080
0.77000,0.48000,0.99852,0.00148
0.79000,0.48000,0.99891,0.00109
0.81000,0.48000,0.99861,0.00139
0.83000,0.48000,0.99932,0.00068
0.85000,0.48000,0.99714,0.00286
0.87000,0.48000,0.99762,0.00238
0.89000,0.48000,0.99842,0.00158
0.91000,0.48000,0.99821,0.00179
0.93000,0.48000,0.99733,0.00267
0.95000,0.48000,0.99816,0.00184
0.97000,0.48000,0.99524,0.00476
0.99000,0.48000,0.99725,0.00275
1.01000,0.48000,0.99326,0.00674
1.03000,0.48000,0.99808,0.00192
1.05000,0.48000,0.99630,0.00370
1.07000,0.48000,0.99405,0.00595
1.09000,0.48000,0.99575,0.00425
1.11000,0.48000,0.99638,0.00362
1.13000,0.48000,0.99681,0.00319
1.15000,0.48000,0.99632,0.00368
1.17000,0.48000,0.99473,0.00527
1.19000,0.48000,0.99733,0.00267
1.21000,0.48000,0.99789,0.00211
1.23000,0.48000,0.99753,0.00247
1.25000,0.48000,0.99832,0.00168
1.27000,0.48000,0.99827,0.00173
1.29000,0.48000,0.99787,0.00213
1.31000,0.48000,0.99830,0.00170
1.33000,0.48000,0.99681,0.00319
1.35000,0.48000,0.99849,0.00151
1.37000,0.48000,0.99834,0.00166
1.39000,0.48000,0.99815,0.00185
1.41000,0.48000,0.99888,0.00112
1.43000,0.48000,0.99788,0.00212
1.45000,0.48000,0.99833,0.00167
1.47000,0.48000,0.99896,0.00104
1.49000,0.48000,0.99853,0.00147
1.51000,0.48000,0.99892,0.00108
1.53000,0.48000,0.99831,0.00169
1.55000,0.48000,0.99886,0.00114
1.57000,0.48000,0.99918,0.00082
1.59000,0.48000,0.99785,0.00215
1.61000,0.48000,0.99934,0.00066
1.63000,0.48000,0.99831,0.00169
1.65000,0.48000,0.99844,0.00156
1.67000,0.48000,0.99859,0.00141
1.69000,0.48000,0.99814,0.00186
1.71000,0.48000,0.99875,0.00125
1.73000,0.48000,0.99773,0.00227
1.75000,0.48000,0.99863,0.00137
1.77000,0.48000,0.99710,0.00290
1.79000,0.48000,0.99901,0.00099
1.81000,0.48000,0.99688,0.00312
1.83000,0.48000,0.99782,0.00218
1.85000,0.48000,0.99821,0.00179
1.87000,0.48000,0.99886,0.00114
1.89000,0.48000,0.99845,0.00155
1.91000,0.48000,0.99733,0.00267
1.93000,0.48000,0.99809,0.00191
1.95000,0.48000,0.99805,0.00195
1.97000,0.48000,0.99859,0.00141
1.99000,0.48000,0.99903,0.00097
2.01000,0.48000,0.99856,0.00144
2.03000,0.48000,0.99936,0.00064
2.05000,0.48000,0.99830,0.00170
2.07000,0.48000,0.99933,0.00067
2.09000,0.48000,0.99934,0.00066
2.11000,0.48000,0.99971,0.00029
2.13000,0.48000,0.99957,0.00043
2.15000,0.48000,0.99941,0.00059
2.17000,0.48000,0.99972,0.00028
2.19000,0.48000,0.99959,0.00041
2.21000,0.48000,0.99971,0.00029
2.23000,0.48000,0.99951,0.00049
2.25000,0.48000,0.99973,0.00027
2.27000,0.48000,0.99971,0.00029
2.29000,0.48000,0.99962,0.00038
2.31000,0.48000,0.99948,0.00052
2.33000,0.48000,0.99877,0.00123
2.35000,0.48000,0.99960,0.00040
2.37000,0.48000,0.99877,0.00123
2.39000,0.48000,0.99954,0.00046
2.41000,0.48000,0.99843,0.00157
2.43000,0.48000,0.99866,0.00134
2.45000,0.48000,0.99891,0.00109
2.47000,0.48000,0.99751,0.00249
2.49000,0.48000,0.99919,0.00081
2.51000,0.48000,0.99782,0.00218
2.53000,0.48000,0.99844,0.00156
2.55000,0.48000,0.99808,0.00192
2.57000,0.48000,0.99626,0.00374
2.59000,0.48000,0.99874,0.00126
2.61000,0.48000,0.99825,0.00175
2.63000,0.48000,0.99912,0.00088
2.65000,0.48000,0.99833,0.00167
2.67000,0.48000,0.99820,0.00180
2.69000,0.48000,0.99840,0.00160
2.71000,0.48000,0.99850,0.00150
2.73000,0.48000,0.99894,0.00106
2.75000,0.48000,0.99824,0.00176
2.77000,0.48000,0.99864,0.00136
2.79000,0.48000,0.99857,0.00143
2.81000,0.48000,0.99915,0.00085
2.83000,0.48000,0.99875,0.00125
2.85000,0.48000,0.99902,0.00098
2.87000,0.48000,0.99929,0.00071
2.89000,0.48000,0.99872,0.00128
2.91000,0.48000,0.99917,0.00083
2.93000,0.48000,0.99911,0.00089
2.95000,0.48000,0.99938,0.00062
2.97000,0.48000,0.99932,0.00068
2.99000,0.48000,0.99911,0.00089
3.01000,0.48000,0.99935,0.00065
3.03000,0.48000,0.99876,0.00124
3.05000,0.48000,0.99930,0.00070
3.07000,0.48000,0.99889,0.00111
3.09000,0.48000,0.99947,0.00053
3.11000,0.48000,0.99821,0.00179
3.13000,0.48000,0.99741,0.00259
3.15000,0.48000,0.99876,0.00124
3.17000,0.48000,0.99795,0.00205
3.19000,0.48000,0.99871,0.00129
3.21000,0.48000,0.99616,0.00384
3.23000,0.48000,0.99823,0.00177
3.25000,0.48000,0.99767,0.00233
3.27000,0.48000,0.99685,0.00315
3.29000,0.48000,0.99803,0.00197
3.31000,0.48000,0.99514,0.00486
3.33000,0.48000,0.99687,0.00313
3.35000,0.48000,0.99730,0.00270
3.37000,0.48000,0.99660,0.00340
3.39000,0.48000,0.99833,0.00167
3.41000,0.48000,0.99462,0.00538
3.43000,0.48000,0.99631,0.00369
3.45000,0.48000,0.99763,0.00237
3.47000,0.48000,0.99828,0.00172
3.49000,0.48000,0.99800,0.00200
3.51000,0.48000,0.99793,0.00207
3.53000,0.48000,0.99777,0.00223
3.55000,0.48000,0.99788,0.00212
3.57000,0.48000,0.99893,0.00107
3.59000,0.48000,0.99771,0.00229
3.61000,0.48000,0.99878,0.00122
3.63000,0.48000,0.99820,0.00180
3.65000,0.48000,0.99844,0.00156
3.67000,0.48000,0.99863,0.00137
3.69000,0.48000,0.99732,0.00268
3.71000,0.48000,0.99846,0.00154
3.73000,0.48000,0.99782,0.00218
3.75000,0.48000,0.99866,0.00134
3.77000,0.48000,0.99919,0.00081
3.79000,0.48000,0.99826,0.00174
3.81000,0.48000,0.99890,0.00110
3.83000,0.48000,0.99755,0.00245
3.85000,0.48000,0.99913,0.00087
3.87000,0.48000,0.99941,0.00059
3.89000,0.48000,0.99883,0.00117
3.91000,0.48000,0.99921,0.00079
3.93000,0.48000,0.99782,0.00218
3.95000,0.48000,0.99962,0.00038
3.97000,0.48000,0.99898,0.00102
3.99000,0.48000,0.99893,0.00107
4.01000,0.48000,0.99928,0.00072
4.03000,0.48000,0.99938,0.00062
4.05000,0.48000,0.99953,0.00047
4.07000,0.48000,0.99946,0.00054
4.09000,0.48000,0.99863,0.00137
4.11000,0.48000,0.99845,0.00155
4.13000,0.48000,0.99803,0.00197
4.15000,0.48000,0.99879,0.00121
4.17000,0.48000,0.99837,0.00163
4.19000,0.48000,0.99806,0.00194
4.21000,0.48000,0.99857,0.00143
4.23000,0.48000,0.99754,0.00246
4.25000,0.48000,0.99877,0.00123
4.27000,0.48000,0.99704,0.00296
4.29000,0.48000,0.99752,0.00248
4.31000,0.48000,0.99745,0.00255
4.33000,0.48000,0.99855,0.00145
4.35000,0.48000,0.99822,0.00178
4.37000,0.48000,0.99662,0.00338
4.39000,0.48000,0.99746,0.00254
4.41000,0.48000,0.99742,0.00258
4.43000,0.48000,0.99846,0.00154
4.45000,0.48000,0.99880,0.00120
4.47000,0.48000,0.99830,0.00170
4.49000,0.48000,0.99917,0.00083
4.51000,0.48000,0.99811,0.00189
4.53000,0.48000,0.99921,0.00079
4.55000,0.48000,0.99918,0.00082
4.57000,0.48000,0.99962,0.00038
4.59000,0.48000,0.99954,0.00046
4.61000,0.48000,0.99932,0.00068
4.63000,0.48000,0.99973,0.00027
4.65000,0.48000,0.99963,0.00037
4.67000,0.48000,0.99976,0.00024
4.69000,0.48000,0.99964,0.00036
4.71000,0.48000,0.99971,0.00029
4.73000,0.48000,0.99978,0.00022
4.75000,0.48000,0.99965,0.00035
4.77000,0.48000,0.99968,0.00032
4.79000,0.48000,0.99929,0.00071
4.81000,0.48000,0.99970,0.00030
4.83000,0.48000,0.99945,0.00055
4.85000,0.48000,0.99966,0.00034
4.87000,0.48000,0.99900,0.00100
4.89000,0.48000,0.99861,0.00139
4.91000,0.48000,0.99935,0.00065
4.93000,0.48000,0.99811,0.00189
4.95000,0.48000,0.99933,0.00067
4.97000,0.48000,0.99805,0.00195
4.99000,0.48000,0.99823,0.00177
5.01000,0.48000,0.99861,0.00139
5.03000,0.48000,0.99638,0.00362
5.05000,0.48000,0.99897,0.00103
5.07000,0.48000,0.99683,0.00317
5.09000,0.48000,0.99844,0.00156
5.11000,0.48000,0.99728,0.00272
5.13000,0.48000,0.99654,0.00346
5.15000,0.48000,0.99827,0.00173
5.17000,0.48000,0.99820,0.00180
5.19000,0.48000,0.99892,0.00108
5.21000,0.48000,0.99820,0.00180
5.23000,0.48000,0.99837,0.00163
5.25000,0.48000,0.99833,0.00167
5.27000,0.48000,0.99829,0.00171
5.29000,0.48000,0.99869,0.00131
5.31000,0.48000,0.99793,0.00207
5.33000,0.48000,0.99856,0.00144
5.35000,0.48000,0.99842,0.00158
5.37000,0.48000,0.99901,0.00099
5.39000,0.48000,0.99851,0.00149
5.41000,0.48000,0.99892,0.00108
5.43000,0.48000,0.99925,0.00075
5.45000,0.48000,0.99857,0.00143
5.47000,0.48000,0.99926,0.00074
5.49000,0.48000,0.99892,0.00108
5.51000,0.48000,0.99938,0.00062
5.53000,0.48000,0.99916,0.00084
5.55000,0.48000,0.99923,0.00077
5.57000,0.48000,0.99928,0.00072
5.59000,0.48000,0.99864,0.00136
5.61000,0.48000,0.99915,0.00085
5.63000,0.48000,0.99872,0.00128
5.65000,0.48000,0.99944,0.00056
5.67000,0.48000,0.99755,0.00245
5.69000,0.48000,0.99773,0.00227
5.71000,0.48000,0.99852,0.00148
5.73000,0.48000,0.99802,0.00198
5.75000,0.48000,0.99823,0.00177
5.77000,0.48000,0.99654,0.00346
5.79000,0.48000,0.99814,0.00186
5.81000,0.48000,0.99793,0.00207
5.83000,0.48000,0.99677,0.00323
5.85000,0.48000,0.99867,0.00133
5.87000,0.48000,0.99490,0.00510
5.89000,0.48000,0.99698,0.00302
5.91000,0.48000,0.99744,0.00256
5.93000,0.48000,0.99764,0.00236
5.95000,0.48000,0.99817,0.00183
5.97000,0.48000,0.99653,0.00347
5.99000,0.48000,0.99735,0.00265
6.01000,0.48000,0.99813,0.00187
6.03000,0.48000,0.99848,0.00152
6.05000,0.48000,0.99835,0.00165
6.07000,0.48000,0.99921,0.00079
6.09000,0.48000,0.99896,0.00104
6.11000,0.48000,0.99844,0.00156
6.13000,0.48000,0.99911,0.00089
6.15000,0.48000,0.99792,0.00208
6.17000,0.48000,0.99911,0.00089
6.19000,0.48000,0.99853,0.00147
6.21000,0.48000,0.99934,0.00066
6.23000,0.48000,0.99890,0.00110
6.25000,0.48000,0.99865,0.00135
6.27000,0.48000,0.99897,0.00103
6.29000,0.48000,0.99845,0.00155
6.31000,0.48000,0.99890,0.00110
6.33000,0.48000,0.99954,0.00046
6.35000,0.48000,0.99881,0.00119
6.37000,0.48000,0.99947,0.00053
6.39000,0.48000,0.99793,0.00207
6.41000,0.48000,0.99968,0.00032
6.43000,0.48000,0.99906,0.00094
6.45000,0.48000,0.99916,0.00084
6.47000,0.48000,0.99914,0.00086
6.49000,0.48000,0.99947,0.00053
6.51000,0.48000,0.99957,0.00043
6.53000,0.48000,0.99940,0.00060
6.55000,0.48000,0.99857,0.00143
6.57000,0.48000,0.99835,0.00165
6.59000,0.48000,0.99804,0.00196
6.61000,0.48000,0.99899,0.00101
6.63000,0.48000,0.99863,0.00137
6.65000,0.48000,0.99822,0.00178
6.67000,0.48000,0.99886,0.00114
6.69000,0.48000,0.99803,0.00197
6.71000,0.48000,0.99909,0.00091
6.73000,0.48000,0.99719,0.00281
6.75000,0.48000,0.99823,0.00177
6.77000,0.48000,0.99842,0.00158
6.79000,0.48000,0.99914,0.00086
6.81000,0.48000,0.99874,0.00126
6.83000,0.48000,0.99809,0.00191
6.85000,0.48000,0.99867,0.00133
6.87000,0.48000,0.99834,0.00166
6.89000,0.48000,0.99868,0.00132
6.91000,0.48000,0.99922,0.00078
6.93000,0.48000,0.99914,0.00086
6.95000,0.48000,0.99951,0.00049
6.97000,0.48000,0.99855,0.00145
6.99000,0.48000,0.99956,0.00044
7.01000,0.48000,0.99936,0.00064
7.03000,0.48000,0.99974,0.00026
7.05000,0.48000,0.99949,0.00051
7.07000,0.48000,0.99954,0.00046
7.09000,0.48000,0.99969,0.00031
7.11000,0.48000,0.99952,0.00048
7.13000,0.48000,0.99963,0.00037
7.15000,0.48000,0.99929,0.00071
7.17000,0.48000,0.99970,0.00030
7.19000,0.48000,0.99946,0.00054
7.21000,0.48000,0.99961,0.00039
7.23000,0.48000,0.99896,0.00104
7.25000,0.48000,0.99824,0.00176
7.27000,0.48000,0.99936,0.00064
7.29000,0.48000,0.99820,0.00180
7.31000,0.48000,0.99937,0.00063
7.33000,0.48000,0.99803,0.00197
7.35000,0.48000,0.99816,0.00184
7.37000,0.48000,0.99849,0.00151
7.39000,0.48000,0.99625,0.00375
7.41000,0.48000,0.99897,0.00103
7.43000,0.48000,0.98710,0.01290
7.45000,0.48000,0.98160,0.01840
7.47000,0.48000,0.96276,0.03724
7.49000,0.48000,0.95862,0.04138
7.51000,0.48000,0.98659,0.01341
7.53000,0.48000,0.95024,0.04976
7.55000,0.48000,0.96216,0.03784
7.57000,0.48000,0.98535,0.01465
7.59000,0.48000,0.96120,0.03880
7.61000,0.48000,0.72718,0.27282
7.63000,0.48000,0.83624,0.16376
7.65000,0.48000,0.87006,0.12994
7.67000,0.48000,0.82706,0.17294
7.69000,0.48000,0.56424,0.43576
7.71000,0.48000,0.37827,0.62173
7.73000,0.48000,0.44102,0.55898
7.75000,0.48000,0.45216,0.54784
7.77000,0.48000,0.19365,0.80635
7.79000,0.48000,0.18037,0.81963
7.81000,0.48000,0.34332,0.65668
7.83000,0.48000,0.14622,0.85378
7.85000,0.48000,0.01379,0.98621
7.87000,0.48000,0.00303,0.99697
7.89000,0.48000,0.01579,0.98421
7.91000,0.48000,0.00260,0.99740
7.93000,0.48000,0.00171,0.99829
7.95000,0.48000,0.00100,0.99900
7.97000,0.48000,0.00135,0.99865
7.99000,0.48000,0.00079,0.99921
8.01000,0.48000,0.00029,0.99971
8.03000,0.48000,0.00026,0.99974
8.05000,0.48000,0.00287,0.99713
8.07000,0.48000,0.00033,0.99967
8.09000,0.48000,0.00087,0.99913
8.11000,0.48000,0.00023,0.99977
8.13000,0.48000,0.00091,0.99909
8.15000,0.48000,0.00024,0.99976
8.17000,0.48000,0.01891,0.98109
8.19000,0.48000,0.00303,0.99697
8.21000,0.48000,0.00383,0.99617
8.23000,0.48000,0.01884,0.98116
8.25000,0.48000,0.00578,0.99422
8.27000,0.48000,0.01123,0.98877
8.29000,0.48000,0.00179,0.99821
8.31000,0.48000,0.01669,0.98331
8.33000,0.48000,0.00675,0.99325
8.35000,0.48000,0.00566,0.99434
8.37000,0.48000,0.00130,0.99870
8.39000,0.48000,0.00538,0.99462
8.41000,0.48000,0.00726,0.99274
8.43000,0.48000,0.00061,0.99939
8.45000,0.48000,0.00244,0.99756
8.47000,0.48000,0.00057,0.99943
8.49000,0.48000,0.00431,0.99569
8.51000,0.48000,0.00079,0.99921
8.53000,0.48000,0.00374,0.99626
8.55000,0.48000,0.00181,0.99819
8.57000,0.48000,0.00715,0.99285
8.59000,0.48000,0.00286,0.99714
8.61000,0.48000,0.02262,0.97738
8.63000,0.48000,0.00557,0.99443
8.65000,0.48000,0.06451,0.93549
8.67000,0.48000,0.03193,0.96807
8.69000,0.48000,0.14420,0.85580
8.71000,0.48000,0.14026,0.85974
8.73000,0.48000,0.17122,0.82878
8.75000,0.48000,0.22338,0.77662
8.77000,0.48000,0.30886,0.69114
8.79000,0.48000,0.44855,0.55145
8.81000,0.48000,0.44128,0.55872
8.83000,0.48000,0.60642,0.39358
8.85000,0.48000,0.82135,0.17865
8.87000,0.48000,0.88099,0.11901
8.89000,0.48000,0.85684,0.14316
8.91000,0.48000,0.84038,0.15962
8.93000,0.48000,0.96176,0.03824
8.95000,0.48000,0.98025,0.01975
8.97000,0.48000,0.99159,0.00841
8.99000,0.48000,0.98421,0.01579
9.01000,0.48000,0.99737,0.00263
9.03000,0.48000,0.99757,0.00243
9.05000,0.48000,0.99499,0.00501
9.07000,0.48000,0.99361,0.00639
9.09000,0.48000,0.98998,0.01002
9.11000,0.48000,0.94590,0.05410
9.13000,0.48000,0.88844,0.11156
9.15000,0.48000,0.91436,0.08564
9.17000,0.48000,0.90248,0.09752
9.19000,0.48000,0.94246,0.05754
9.21000,0.48000,0.55651,0.44349
9.23000,0.48000,0.64374,0.35626
9.25000,0.48000,0.23164,0.76836
9.27000,0.48000,0.50741,0.49259
9.29000,0.48000,0.20926,0.79074
9.31000,0.48000,0.23790,0.76210
9.33000,0.48000,0.02835,0.97165
9.35000,0.48000,0.14230,0.85770
9.37000,0.48000,0.02667,0.97333
9.39000,0.48000,0.03737,0.96263
9.41000,0.48000,0.01056,0.98944
9.43000,0.48000,0.01066,0.98934
9.45000,0.48000,0.00522,0.99478
9.47000,0.48000,0.00424,0.99576
9.49000,0.48000,0.00284,0.99716
9.51000,0.48000,0.00210,0.99790
9.53000,0.48000,0.00232,0.99768
9.55000,0.48000,0.00164,0.99836
9.57000,0.48000,0.00384,0.99616
9.59000,0.48000,0.00373,0.99627
9.61000,0.48000,0.00323,0.99677
9.63000,0.48000,0.00193,0.99807
9.65000,0.48000,0.00182,0.99818
9.67000,0.48000,0.00127,0.99873
9.69000,0.48000,0.00063,0.99937
9.71000,0.48000,0.00092,0.99908
9.73000,0.48000,0.00263,0.99737
9.75000,0.48000,0.00216,0.99784
9.77000,0.48000,0.00327,0.99673
9.79000,0.48000,0.00607,0.99393
9.81000,0.48000,0.00501,0.99499
9.83000,0.48000,0.00560,0.99440
9.85000,0.48000,0.00297,0.99703
9.87000,0.48000,0.00611,0.99389
9.89000,0.48000,0.00267,0.99733
9.91000,0.48000,0.00439,0.99561
9.93000,0.48000,0.00236,0.99764
9.95000,0.48000,0.00601,0.99399
9.97000,0.48000,0.00126,0.99874
9.99000,0.48000,0.00378,0.99622
10.01000,0.48000,0.00241,0.99759
10.03000,0.48000,0.00764,0.99236
10.05000,0.48000,0.00353,0.99647
10.07000,0.48000,0.00725,0.99275
10.09000,0.48000,0.00407,0.99593
10.11000,0.48000,0.01215,0.98785
10.13000,0.48000,0.00455,0.99545
10.15000,0.48000,0.00710,0.99290
10.17000,0.48000,0.01599,0.98401
10.19000,0.48000,0.01134,0.98866
10.21000,0.48000,0.00540,0.99460
10.23000,0.48000,0.00622,0.99378
10.25000,0.48000,0.00437,0.99563
10.27000,0.48000,0.00701,0.99299
10.29000,0.48000,0.01006,0.98994
10.31000,0.48000,0.00740,0.99260
10.33000,0.48000,0.01195,0.98805
10.35000,0.48000,0.01587,0.98413
10.37000,0.48000,0.02370,0.97630
10.39000,0.48000,0.00961,0.99039
10.41000,0.48000,0.02065,0.97935
10.43000,0.48000,0.01732,0.98268
10.45000,0.48000,0.02502,0.97498
10.47000,0.48000,0.00902,0.99098
10.49000,0.48000,0.00982,0.99018
10.51000,0.48000,0.02065,0.97935
10.53000,0.48000,0.05440,0.94560
10.55000,0.48000,0.02564,0.97436
10.57000,0.48000,0.03253,0.96747
10.59000,0.48000,0.01457,0.98543
10.61000,0.48000,0.01437,0.98563
10.63000,0.48000,0.00916,0.99084
10.65000,0.48000,0.01273,0.98727
10.67000,0.48000,0.00982,0.99018
10.69000,0.48000,0.00798,0.99202
10.71000,0.48000,0.00863,0.99137
10.73000,0.48000,0.00769,0.99231
10.75000,0.48000,0.01348,0.98652
10.77000,0.48000,0.00560,0.99440
10.79000,0.48000,0.01065,0.98935
10.81000,0.48000,0.00594,0.99406
10.83000,0.48000,0.00790,0.99210
10.85000,0.48000,0.00721,0.99279
10.87000,0.48000,0.01052,0.98948
10.89000,0.48000,0.00917,0.99083
10.91000,0.48000,0.00804,0.99196
10.93000,0.48000,0.00711,0.99289
10.95000,0.48000,0.00931,0.99069
10.97000,0.48000,0.00924,0.99076
10.99000,0.48000,0.00697,0.99303
11.01000,0.48000,0.01850,0.98150
11.03000,0.48000,0.01017,0.98983
11.05000,0.48000,0.01310,0.98690
11.07000,0.48000,0.01598,0.98402
11.09000,0.48000,0.01686,0.98314
11.11000,0.48000,0.01550,0.98450
11.13000,0.48000,0.01716,0.98284
11.15000,0.48000,0.01006,0.98994
11.17000,0.48000,0.01606,0.98394
11.19000,0.48000,0.01447,0.98553
11.21000,0.48000,0.01968,0.98032
11.23000,0.48000,0.01729,0.98271
11.25000,0.48000,0.01557,0.98443
11.27000,0.48000,0.02268,0.97732
11.29000,0.48000,0.02118,0.97882
11.31000,0.48000,0.01314,0.98686
11.33000,0.48000,0.02070,0.97930
11.35000,0.48000,0.01893,0.98107
11.37000,0.48000,0.01864,0.98136
11.39000,0.48000,0.01573,0.98427
11.41000,0.48000,0.01325,0.98675
11.43000,0.48000,0.01319,0.98681
11.45000,0.48000,0.01491,0.98509
11.47000,0.48000,0.01194,0.98806
11.49000,0.48000,0.03935,0.96065
11.51000,0.48000,0.00820,0.99180
11.53000,0.48000,0.01115,0.98885
11.55000,0.48000,0.01090,0.98910
11.57000,0.48000,0.01126,0.98874
11.59000,0.48000,0.00961,0.99039
11.61000,0.48000,0.01434,0.98566
11.63000,0.48000,0.04583,0.95417
11.65000,0.48000,0.02218,0.97782
11.67000,0.48000,0.01715,0.98285
11.69000,0.48000,0.01070,0.98931
11.71000,0.48000,0.00513,0.99487
11.73000,0.48000,0.01263,0.98737
11.75000,0.48000,0.00725,0.99275
11.77000,0.48000,0.01191,0.98809
11.79000,0.48000,0.01337,0.98663
11.81000,0.48000,0.02167,0.97833
11.83000,0.48000,0.01353,0.98647
11.85000,0.48000,0.03096,0.96904
11.87000,0.48000,0.01063,0.98937
11.89000,0.48000,0.01421,0.98579
11.91000,0.48000,0.01233,0.98767
11.93000,0.48000,0.05612,0.94388
11.95000,0.48000,0.03613,0.96387
11.97000,0.48000,0.07961,0.92039
11.99000,0.48000,0.05075,0.94925
12.01000,0.48000,0.13128,0.86872
12.03000,0.48000,0.32272,0.67728
12.05000,0.48000,0.25504,0.74496
12.07000,0.48000,0.38957,0.61043
12.09000,0.48000,0.55065,0.44935
12.11000,0.48000,0.40110,0.59890
12.13000,0.48000,0.62050,0.37950
12.15000,0.48000,0.51160,0.48840
12.17000,0.48000,0.60839,0.39161
12.19000,0.48000,0.51106,0.48894
12.21000,0.48000,0.82810,0.17190
12.23000,0.48000,0.75951,0.24049
12.25000,0.48000,0.95386,0.04614
12.27000,0.48000,0.97022,0.02978
12.29000,0.48000,0.99348,0.00652
12.31000,0.48000,0.98837,0.01163
12.33000,0.48000,0.98001,0.01999
12.35000,0.48000,0.98954,0.01046
12.37000,0.48000,0.97410,0.02590
12.39000,0.48000,0.98088,0.01912
12.41000,0.48000,0.94830,0.05170
12.43000,0.48000,0.96688,0.03312
12.45000,0.48000,0.92539,0.07461
12.47000,0.48000,0.98695,0.01305
12.49000,0.48000,0.87811,0.12189
12.51000,0.48000,0.98533,0.01467
12.53000,0.48000,0.85713,0.14287
12.55000,0.48000,0.97157,0.02843
12.57000,0.48000,0.79950,0.20050
12.59000,0.48000,0.97338,0.02662
12.61000,0.48000,0.88063,0.11937
12.63000,0.48000,0.94251,0.05749
12.65000,0.48000,0.90629,0.09371
12.67000,0.48000,0.98564,0.01436
12.69000,0.48000,0.98882,0.01118
12.71000,0.48000,0.97611,0.02389
12.73000,0.48000,0.96695,0.03305
12.75000,0.48000,0.99411,0.00589
12.77000,0.48000,0.94605,0.05395
12.79000,0.48000,0.99305,0.00695
12.81000,0.48000,0.98568,0.01432
12.83000,0.48000,0.99667,0.00333
12.85000,0.48000,0.99483,0.00517
12.87000,0.48000,0.99749,0.00251
12.89000,0.48000,0.99626,0.00374
12.91000,0.48000,0.99596,0.00404
12.93000,0.48000,0.99809,0.00191
12.95000,0.48000,0.99634,0.00366
12.97000,0.48000,0.99862,0.00138
12.99000,0.48000,0.99689,0.00311
13.01000,0.48000,0.99891,0.00109
13.03000,0.48000,0.99872,0.00128
13.05000,0.48000,0.99784,0.00216
13.07000,0.48000,0.99453,0.00547
13.09000,0.48000,0.99895,0.00105
13.11000,0.48000,0.99681,0.00319
13.13000,0.48000,0.99656,0.00344
13.15000,0.48000,0.99494,0.00506
13.17000,0.48000,0.99825,0.00175
13.19000,0.48000,0.99557,0.00443
13.21000,0.48000,0.99839,0.00161
13.23000,0.48000,0.99404,0.00596
13.25000,0.48000,0.99876,0.00124
13.27000,0.48000,0.99741,0.00259
13.29000,0.48000,0.99704,0.00296
13.31000,0.48000,0.99725,0.00275
13.33000,0.48000,0.99691,0.00309
13.35000,0.48000,0.99793,0.00207
13.37000,0.48000,0.99911,0.00089
13.39000,0.48000,0.99853,0.00147
13.41000,0.48000,0.99938,0.00062
13.43000,0.48000,0.99950,0.00050
13.45000,0.48000,0.99956,0.00044
13.47000,0.48000,0.99927,0.00073
13.49000,0.48000,0.99921,0.00079
13.51000,0.48000,0.99951,0.00049
13.53000,0.48000,0.99956,0.00044
13.55000,0.48000,0.99921,0.00079
13.57000,0.48000,0.99958,0.00042
13.59000,0.48000,0.99954,0.00046
13.61000,0.48000,0.99947,0.00053
13.63000,0.48000,0.99924,0.00076
13.65000,0.48000,0.99965,0.00035
13.67000,0.48000,0.99920,0.00080
13.69000,0.48000,0.99922,0.00078
13.71000,0.48000,0.99936,0.00064
13.73000,0.48000,0.99916,0.00084
13.75000,0.48000,0.99878,0.00122
13.77000,0.48000,0.99919,0.00081
13.79000,0.48000,0.99879,0.00121
13.81000,0.48000,0.99871,0.00129
13.83000,0.48000,0.99900,0.00100
13.85000,0.48000,0.99914,0.00086
13.87000,0.48000,0.99906,0.00094
13.89000,0.48000,0.99779,0.00221
13.91000,0.48000,0.99928,0.00072
13.93000,0.48000,0.99943,0.00057
13.95000,0.48000,0.99906,0.00094
13.97000,0.48000,0.99926,0.00074
13.99000,0.48000,0.99887,0.00113
14.01000,0.48000,0.99881,0.00119
14.03000,0.48000,0.99433,0.00567
14.05000,0.48000,0.99802,0.00198
14.07000,0.48000,0.99767,0.00233
14.09000,0.48000,0.99866,0.00134
14.11000,0.48000,0.99680,0.00320
14.13000,0.48000,0.99795,0.00205
14.15000,0.48000,0.99795,0.00205
14.17000,0.48000,0.99814,0.00186
14.19000,0.48000,0.99300,0.00700
14.21000,0.48000,0.99812,0.00188
14.23000,0.48000,0.99733,0.00267
14.25000,0.48000,0.99565,0.00435
14.27000,0.48000,0.99427,0.00573
14.29000,0.48000,0.99545,0.00455
14.31000,0.48000,0.99784,0.00216
14.33000,0.48000,0.99588,0.00412
14.35000,0.48000,0.99726,0.00274
14.37000,0.48000,0.99616,0.00384
14.39000,0.48000,0.99866,0.00134
14.41000,0.48000,0.99850,0.00150
14.43000,0.48000,0.99856,0.00144
14.45000,0.48000,0.99814,0.00186
14.47000,0.48000,0.99914,0.00086
14.49000,0.48000,0.99890,0.00110
14.51000,0.48000,0.99915,0.00085
14.53000,0.48000,0.99906,0.00094
14.55000,0.48000,0.99885,0.00115
14.57000,0.48000,0.99916,0.00084
14.59000,0.48000,0.99893,0.00107
14.61000,0.48000,0.99923,0.00077
14.63000,0.48000,0.99859,0.00141
14.65000,0.48000,0.99965,0.00035
14.67000,0.48000,0.99892,0.00108
14.69000,0.48000,0.99937,0.00063
14.71000,0.48000,0.99890,0.00110
14.73000,0.48000,0.99941,0.00059
14.75000,0.48000,0.99903,0.00097
14.77000,0.48000,0.99923,0.00077
14.79000,0.48000,0.99923,0.00077
14.81000,0.48000,0.99856,0.00144
14.83000,0.48000,0.99890,0.00110
14.85000,0.48000,0.99918,0.00082
14.87000,0.48000,0.99893,0.00107
14.89000,0.48000,0.99852,0.00148
14.91000,0.48000,0.99897,0.00103
14.93000,0.48000,0.99864,0.00136
14.95000,0.48000,0.99915,0.00085
14.97000,0.48000,0.99798,0.00202
14.99000,0.48000,0.99811,0.00189
15.01000,0.48000,0.99719,0.00281
15.03000,0.48000,0.99758,0.00242
15.05000,0.48000,0.99770,0.00230
15.07000,0.48000,0.99674,0.00326
15.09000,0.48000,0.99740,0.00260
15.11000,0.48000,0.99702,0.00298
15.13000,0.48000,0.99796,0.00204
15.15000,0.48000,0.99774,0.00226
15.17000,0.48000,0.99692,0.00308
15.19000,0.48000,0.99579,0.00421
15.21000,0.48000,0.99880,0.00120
15.23000,0.48000,0.99575,0.00425
15.25000,0.48000,0.98825,0.01175
15.27000,0.48000,0.99209,0.00791
15.29000,0.48000,0.98849,0.01151
15.31000,0.48000,0.99784,0.00216
15.33000,0.48000,0.99256,0.00744
15.35000,0.48000,0.98852,0.01148
15.37000,0.48000,0.96412,0.03588
15.39000,0.48000,0.85439,0.14561
15.41000,0.48000,0.89850,0.10150
15.43000,0.48000,0.95103,0.04897
15.45000,0.48000,0.80643,0.19357
15.47000,0.48000,0.49451,0.50549
15.49000,0.48000,0.63554,0.36446
15.51000,0.48000,0.34473,0.65527
15.53000,0.48000,0.27750,0.72250
15.55000,0.48000,0.15487,0.84513
15.57000,0.48000,0.24104,0.75896
15.59000,0.48000,0.08881,0.91119
15.61000,0.48000,0.02453,0.97547
15.63000,0.48000,0.00014,0.99986
15.65000,0.48000,0.00044,0.99956
15.67000,0.48000,0.00009,0.99991
15.69000,0.48000,0.00011,0.99989
15.71000,0.48000,0.00007,0.99993
15.73000,0.48000,0.00005,0.99995
15.75000,0.48000,0.00019,0.99981
15.77000,0.48000,0.00038,0.99962
15.79000,0.48000,0.00019,0.99981
15.81000,0.48000,0.00032,0.99968
15.83000,0.48000,0.00024,0.99976
15.85000,0.48000,0.00026,0.99974
15.87000,0.48000,0.00020,0.99980
15.89000,0.48000,0.00130,0.99870
15.91000,0.48000,0.00018,0.99982
15.93000,0.48000,0.00012,0.99988
15.95000,0.48000,0.00007,0.99993
15.97000,0.48000,0.00053,0.99947
15.99000,0.48000,0.00028,0.99972
16.01000,0.48000,0.00056,0.99944
16.03000,0.48000,0.00018,0.99982
16.05000,0.48000,0.00087,0.99913
16.07000,0.48000,0.00081,0.99919
16.09000,0.48000,0.00252,0.99748
16.11000,0.48000,0.00131,0.99869
16.13000,0.48000,0.00264,0.99736
16.15000,0.48000,0.00116,0.99884
16.17000,0.48000,0.00184,0.99816
16.19000,0.48000,0.00146,0.99854
16.21000,0.48000,0.00119,0.99881
16.23000,0.48000,0.00151,0.99849
16.25000,0.48000,0.00261,0.99739
16.27000,0.48000,0.00299,0.99701
16.29000,0.48000,0.00859,0.99141
16.31000,0.48000,0.00334,0.99666
16.33000,0.48000,0.00482,0.99518
16.35000,0.48000,0.00103,0.99897
16.37000,0.48000,0.00185,0.99815
16.39000,0.48000,0.00166,0.99834
16.41000,0.48000,0.00121,0.99879
16.43000,0.48000,0.00285,0.99715
16.45000,0.48000,0.00305,0.99695
16.47000,0.48000,0.00265,0.99735
16.49000,0.48000,0.00257,0.99743
16.51000,0.48000,0.00773,0.99227
16.53000,0.48000,0.00454,0.99546
16.55000,0.48000,0.00543,0.99457
16.57000,0.48000,0.00363,0.99637
16.59000,0.48000,0.00631,0.99369
16.61000,0.48000,0.00743,0.99257
16.63000,0.48000,0.00473,0.99527
16.65000,0.48000,0.00228,0.99772
16.67000,0.48000,0.00301,0.99699
16.69000,0.48000,0.00270,0.99730
16.71000,0.48000,0.00231,0.99769
16.73000,0.48000,0.00126,0.99874
16.75000,0.48000,0.00404,0.99596
16.77000,0.48000,0.00381,0.99619
16.79000,0.48000,0.00543,0.99457
16.81000,0.48000,0.00432,0.99568
16.83000,0.48000,0.01010,0.98990
16.85000,0.48000,0.00632,0.99368
16.87000,0.48000,0.00850,0.99150
16.89000,0.48000,0.00946,0.99054
16.91000,0.48000,0.01375,0.98625
16.93000,0.48000,0.01358,0.98642
16.95000,0.48000,0.00633,0.99367
16.97000,0.48000,0.00625,0.99375
16.99000,0.48000,0.00642,0.99358
17.01000,0.48000,0.00331,0.99669
17.03000,0.48000,0.00293,0.99707
17.05000,0.48000,0.00131,0.99869
17.07000,0.48000,0.00258,0.99742
17.09000,0.48000,0.00485,0.99515
17.11000,0.48000,0.00483,0.99517
17.13000,0.48000,0.00264,0.99736
17.15000,0.48000,0.03370,0.96630
17.17000,0.48000,0.12475,0.87525
17.19000,0.48000,0.02783,0.97217
17.21000,0.48000,0.00722,0.99278
17.23000,0.48000,0.03777,0.96223
17.25000,0.48000,0.00578,0.99422
17.27000,0.48000,0.00875,0.99125
17.29000,0.48000,0.00219,0.99781
17.31000,0.48000,0.00499,0.99501
17.33000,0.48000,0.00520,0.99480
17.35000,0.48000,0.00917,0.99083
17.37000,0.48000,0.02178,0.97822
17.39000,0.48000,0.01021,0.98979
17.41000,0.48000,0.01087,0.98913
17.43000,0.48000,0.01103,0.98897
17.45000,0.48000,0.01923,0.98077
17.47000,0.48000,0.00850,0.99150
17.49000,0.48000,0.02004,0.97996
17.51000,0.48000,0.01868,0.98132
17.53000,0.48000,0.01125,0.98875
17.55000,0.48000,0.00608,0.99392
17.57000,0.48000,0.02113,0.97887
17.59000,0.48000,0.00451,0.99549
17.61000,0.48000,0.01832,0.98168
17.63000,0.48000,0.00444,0.99556
17.65000,0.48000,0.02692,0.97308
17.67000,0.48000,0.00580,0.99420
17.69000,0.48000,0.01260,0.98740
17.71000,0.48000,0.00674,0.99326
17.73000,0.48000,0.25036,0.74964
17.75000,0.48000,0.03734,0.96266
17.77000,0.48000,0.08904,0.91096
17.79000,0.48000,0.04617,0.95383
17.81000,0.48000,0.03973,0.96027
17.83000,0.48000,0.00667,0.99333
17.85000,0.48000,0.00504,0.99496
17.87000,0.48000,0.00295,0.99705
17.89000,0.48000,0.00554,0.99446
17.91000,0.48000,0.00576,0.99424
17.93000,0.48000,0.00049,0.99951
17.95000,0.48000,0.00470,0.99531
17.97000,0.48000,0.00091,0.99909
17.99000,0.48000,0.00459,0.99541
18.01000,0.48000,0.00100,0.99900
18.03000,0.48000,0.01037,0.98963
18.05000,0.48000,0.00067,0.99933
18.07000,0.48000,0.00433,0.99567
18.09000,0.48000,0.00092,0.99908
18.11000,0.48000,0.01878,0.98122
18.13000,0.48000,0.00165,0.99835
18.15000,0.48000,0.00395,0.99605
18.17000,0.48000,0.00240,0.99760
18.19000,0.48000,0.00716,0.99284
18.21000,0.48000,0.00336,0.99664
18.23000,0.48000,0.00840,0.99160
18.25000,0.48000,0.00620,0.99380
18.27000,0.48000,0.01541,0.98459
18.29000,0.48000,0.00717,0.99283
18.31000,0.48000,0.00697,0.99303
18.33000,0.48000,0.00925,0.99075
18.35000,0.48000,0.00739,0.99261
18.37000,0.48000,0.00751,0.99249
18.39000,0.48000,0.00299,0.99701
18.41000,0.48000,0.00811,0.99189
18.43000,0.48000,0.00406,0.99594
18.45000,0.48000,0.00296,0.99704
18.47000,0.48000,0.00563,0.99437
18.49000,0.48000,0.00318,0.99682
18.51000,0.48000,0.00114,0.99886
18.53000,0.48000,0.00471,0.99529
18.55000,0.48000,0.00094,0.99906
18.57000,0.48000,0.00275,0.99725
18.59000,0.48000,0.00134,0.99866
18.61000,0.48000,0.00657,0.99343
18.63000,0.48000,0.01462,0.98538
18.65000,0.48000,0.02102,0.97898
18.67000,0.48000,0.01105,0.98895
18.69000,0.48000,0.00675,0.99325
18.71000,0.48000,0.00671,0.99329
18.73000,0.48000,0.00203,0.99797
18.75000,0.48000,0.00329,0.99671
18.77000,0.48000,0.00101,0.99899
18.79000,0.48000,0.00328,0.99672
18.81000,0.48000,0.00102,0.99898
18.83000,0.48000,0.00170,0.99830
18.85000,0.48000,0.00165,0.99835
18.87000,0.48000,0.00397,0.99603
18.89000,0.48000,0.00102,0.99898
18.91000,0.48000,0.00544,0.99456
18.93000,0.48000,0.00144,0.99856
18.95000,0.48000,0.00195,0.99805
18.97000,0.48000,0.00215,0.99785
18.99000,0.48000,0.00176,0.99824
19.01000,0.48000,0.00144,0.99856
19.03000,0.48000,0.00232,0.99768
19.05000,0.48000,0.00062,0.99938
19.07000,0.48000,0.00275,0.99725
19.09000,0.48000,0.00109,0.99891
19.11000,0.48000,0.01157,0.98843
19.13000,0.48000,0.00159,0.99841
19.15000,0.48000,0.00119,0.99881
19.17000,0.48000,0.00176,0.99824
19.19000,0.48000,0.00337,0.99663
19.21000,0.48000,0.00147,0.99853
19.23000,0.48000,0.00241,0.99759
19.25000,0.48000,0.00264,0.99736
19.27000,0.48000,0.00572,0.99428
19.29000,0.48000,0.00206,0.99794
19.31000,0.48000,0.00210,0.99790
19.33000,0.48000,0.00246,0.99754
19.35000,0.48000,0.00377,0.99623
19.37000,0.48000,0.00377,0.99623
19.39000,0.48000,0.00143,0.99857
19.41000,0.48000,0.00277,0.99723
19.43000,0.48000,0.00602,0.99398
19.45000,0.48000,0.00200,0.99800
19.47000,0.48000,0.00261,0.99739
19.49000,0.48000,0.00338,0.99662
19.51000,0.48000,0.00286,0.99714
19.53000,0.48000,0.00160,0.99840
19.55000,0.48000,0.01030,0.98970
19.57000,0.48000,0.00302,0.99698
19.59000,0.48000,0.00911,0.99089
19.61000,0.48000,0.00150,0.99850
19.63000,0.48000,0.00324,0.99676
19.65000,0.48000,0.00114,0.99886
19.67000,0.48000,0.00211,0.99789
19.69000,0.48000,0.00060,0.99940
19.71000,0.48000,0.00110,0.99890
19.73000,0.48000,0.00032,0.99968
19.75000,0.48000,0.00181,0.99819
19.77000,0.48000,0.00043,0.99957
19.79000,0.48000,0.00318,0.99682
19.81000,0.48000,0.00012,0.99988
19.83000,0.48000,0.00058,0.99942
19.85000,0.48000,0.00020,0.99980
19.87000,0.48000,0.00119,0.99881
19.89000,0.48000,0.00028,0.99972
19.91000,0.48000,0.00247,0.99753
19.93000,0.48000,0.00057,0.99943
19.95000,0.48000,0.00166,0.99834
19.97000,0.48000,0.00136,0.99864
19.99000,0.48000,0.00643,0.99357
20.01000,0.48000,0.00261,0.99739
20.03000,0.48000,0.00572,0.99428
20.05000,0.48000,0.00484,0.99516
20.07000,0.48000,0.02339,0.97661
20.09000,0.48000,0.03202,0.96798
20.11000,0.48000,0.04287,0.95713
20.13000,0.48000,0.08202,0.91798
20.15000,0.48000,0.36008,0.63992
20.17000,0.48000,0.22277,0.77723
20.19000,0.48000,0.31699,0.68301
20.21000,0.48000,0.29757,0.70243
20.23000,0.48000,0.23551,0.76449
20.25000,0.48000,0.19510,0.80490
20.27000,0.48000,0.30646,0.69354
20.29000,0.48000,0.52434,0.47566
20.31000,0.48000,0.52419,0.47581
20.33000,0.48000,0.19737,0.80263
20.35000,0.48000,0.35767,0.64233
20.37000,0.48000,0.47126,0.52874
20.39000,0.48000,0.62936,0.37064
20.41000,0.48000,0.44405,0.55595
20.43000,0.48000,0.81360,0.18640
20.45000,0.48000,0.65223,0.34777
20.47000,0.48000,0.88752,0.11248
20.49000,0.48000,0.80232,0.19768
20.51000,0.48000,0.99410,0.00590
20.53000,0.48000,0.97330,0.02670
20.55000,0.48000,0.99519,0.00481
20.57000,0.48000,0.97277,0.02723
20.59000,0.48000,0.99145,0.00855
20.61000,0.48000,0.97890,0.02110
20.63000,0.48000,0.99767,0.00233
20.65000,0.48000,0.96184,0.03816
20.67000,0.48000,0.99449,0.00551
20.69000,0.48000,0.98857,0.01143
20.71000,0.48000,0.99408,0.00592
20.73000,0.48000,0.99302,0.00698
20.75000,0.48000,0.98751,0.01249
20.77000,0.48000,0.97499,0.02501
20.79000,0.48000,0.98810,0.01190
20.81000,0.48000,0.98907,0.01093
20.83000,0.48000,0.97094,0.02906
20.85000,0.48000,0.97419,0.02581
20.87000,0.48000,0.96281,0.03719
20.89000,0.48000,0.96181,0.03819
20.91000,0.48000,0.94798,0.05202
20.93000,0.48000,0.97754,0.02246
20.95000,0.48000,0.89987,0.10013
20.97000,0.48000,0.96995,0.03005
20.99000,0.48000,0.87799,0.12201
21.01000,0.48000,0.97821,0.02179
21.03000,0.48000,0.91691,0.08309
21.05000,0.48000,0.96062,0.03938
21.07000,0.48000,0.88244,0.11756
21.09000,0.48000,0.95837,0.04163
21.11000,0.48000,0.87731,0.12269
21.13000,0.48000,0.93262,0.06738
21.15000,0.48000,0.93902,0.06098
21.17000,0.48000,0.96384,0.03616
21.19000,0.48000,0.99065,0.00935
21.21000,0.48000,0.96886,0.03114
21.23000,0.48000,0.98501,0.01499
21.25000,0.48000,0.99209,0.00791
21.27000,0.48000,0.98916,0.01084
21.29000,0.48000,0.98727,0.01273
21.31000,0.48000,0.99441,0.00559
21.33000,0.48000,0.98875,0.01125
21.35000,0.48000,0.99754,0.00246
21.37000,0.48000,0.99566,0.00434
21.39000,0.48000,0.99809,0.00191
21.41000,0.48000,0.99726,0.00274
21.43000,0.48000,0.99672,0.00328
21.45000,0.48000,0.99777,0.00223
21.47000,0.48000,0.99455,0.00545
21.49000,0.48000,0.99786,0.00214
21.51000,0.48000,0.99330,0.00670
21.53000,0.48000,0.99871,0.00129
21.55000,0.48000,0.99818,0.00182
21.57000,0.48000,0.99890,0.00110
21.59000,0.48000,0.99744,0.00256
21.61000,0.48000,0.99882,0.00118
21.63000,0.48000,0.99849,0.00151
21.65000,0.48000,0.99842,0.00158
21.67000,0.48000,0.99811,0.00189
21.69000,0.48000,0.99928,0.00072
21.71000,0.48000,0.99724,0.00276
21.73000,0.48000,0.99841,0.00159
21.75000,0.48000,0.99864,0.00136
21.77000,0.48000,0.99855,0.00145
21.79000,0.48000,0.99783,0.00217
21.81000,0.48000,0.99895,0.00105
21.83000,0.48000,0.99760,0.00240
21.85000,0.48000,0.99522,0.00478
21.87000,0.48000,0.99763,0.00237
21.89000,0.48000,0.99738,0.00262
21.91000,0.48000,0.99754,0.00246
21.93000,0.48000,0.99630,0.00370
21.95000,0.48000,0.98983,0.01017
21.97000,0.48000,0.95751,0.04249
21.99000,0.48000,0.98941,0.01059
22.01000,0.48000,0.89997,0.10003
22.03000,0.48000,0.99622,0.00378
22.05000,0.48000,0.95576,0.04424
22.07000,0.48000,0.98984,0.01016
22.09000,0.48000,0.87095,0.12905
22.11000,0.48000,0.98272,0.01728
22.13000,0.48000,0.84954,0.15046
22.15000,0.48000,0.98586,0.01414
22.17000,0.48000,0.73236,0.26764
22.19000,0.48000,0.93193,0.06807
22.21000,0.48000,0.80702,0.19298
22.23000,0.48000,0.85622,0.14378
22.25000,0.48000,0.71894,0.28106
22.27000,0.48000,0.59156,0.40844
22.29000,0.48000,0.18550,0.81450
22.31000,0.48000,0.34715,0.65285
22.33000,0.48000,0.03346,0.96654
22.35000,0.48000,0.04165,0.95835
22.37000,0.48000,0.01438,0.98562
22.39000,0.48000,0.00747,0.99253
22.41000,0.48000,0.00923,0.99077
22.43000,0.48000,0.00222,0.99778
22.45000,0.48000,0.01634,0.98366
22.47000,0.48000,0.00223,0.99777
22.49000,0.48000,0.00911,0.99089
22.51000,0.48000,0.00238,0.99762
22.53000,0.48000,0.01241,0.98759
22.55000,0.48000,0.01362,0.98638
22.57000,0.48000,0.00800,0.99200
22.59000,0.48000,0.00607,0.99393
22.61000,0.48000,0.00546,0.99454
22.63000,0.48000,0.00599,0.99401
22.65000,0.48000,0.00109,0.99891
22.67000,0.48000,0.00192,0.99808
22.69000,0.48000,0.00109,0.99891
22.71000,0.48000,0.00115,0.99885
22.73000,0.48000,0.00047,0.99953
22.75000,0.48000,0.00207,0.99793
22.77000,0.48000,0.00076,0.99924
22.79000,0.48000,0.00196,0.99804
22.81000,0.48000,0.00122,0.99878
22.83000,0.48000,0.00065,0.99935
22.85000,0.48000,0.00029,0.99971
22.87000,0.48000,0.00051,0.99949
22.89000,0.48000,0.00117,0.99883
22.91000,0.48000,0.00240,0.99760
22.93000,0.48000,0.00057,0.99943
22.95000,0.48000,0.00093,0.99907
22.97000,0.48000,0.00037,0.99963
22.99000,0.48000,0.00314,0.99686
23.01000,0.48000,0.00090,0.99910
23.03000,0.48000,0.00264,0.99736
23.05000,0.48000,0.00145,0.99855
23.07000,0.48000,0.01351,0.98649
23.09000,0.48000,0.00242,0.99758
23.11000,0.48000,0.01782,0.98218
23.13000,0.48000,0.02268,0.97732
23.15000,0.48000,0.00690,0.99310
23.17000,0.48000,0.01169,0.98831
23.19000,0.48000,0.00634,0.99366
23.21000,0.48000,0.00725,0.99275
23.23000,0.48000,0.00608,0.99392
23.25000,0.48000,0.00958,0.99042
23.27000,0.48000,0.00537,0.99463
23.29000,0.48000,0.00887,0.99113
23.31000,0.48000,0.00174,0.99826
23.33000,0.48000,0.01314,0.98686
23.35000,0.48000,0.00385,0.99615
23.37000,0.48000,0.01877,0.98123
23.39000,0.48000,0.00266,0.99734
23.41000,0.48000,0.00895,0.99105
23.43000,0.48000,0.00445,0.99555
23.45000,0.48000,0.01515,0.98485
23.47000,0.48000,0.00357,0.99643
23.49000,0.48000,0.00776,0.99224
23.51000,0.48000,0.00172,0.99828
23.53000,0.48000,0.00732,0.99268
23.55000,0.48000,0.00217,0.99783
23.57000,0.48000,0.01422,0.98578
23.59000,0.48000,0.00303,0.99697
23.61000,0.48000,0.01990,0.98010
23.63000,0.48000,0.00524,0.99476
23.65000,0.48000,0.01309,0.98691
23.67000,0.48000,0.00558,0.99442
23.69000,0.48000,0.01745,0.98255
23.71000,0.48000,0.01796,0.98204
23.73000,0.48000,0.01258,0.98742
23.75000,0.48000,0.01122,0.98878
23.77000,0.48000,0.00674,0.99326
23.79000,0.48000,0.04172,0.95828
23.81000,0.48000,0.03501,0.96499
23.83000,0.48000,0.02348,0.97652
23.85000,0.48000,0.01348,0.98652
23.87000,0.48000,0.01111,0.98889
23.89000,0.48000,0.04218,0.95782
23.91000,0.48000,0.02909,0.97091
23.93000,0.48000,0.03417,0.96583
23.95000,0.48000,0.05989,0.94011
23.97000,0.48000,0.09612,0.90388
23.99000,0.48000,0.06771,0.93229
24.01000,0.48000,0.14799,0.85201
24.03000,0.48000,0.10771,0.89229
24.05000,0.48000,0.08471,0.91529
24.07000,0.48000,0.16422,0.83578
24.09000,0.48000,0.03992,0.96008
24.11000,0.48000,0.04780,0.95220
24.13000,0.48000,0.01626,0.98374
24.15000,0.48000,0.08701,0.91299
24.17000,0.48000,0.05016,0.94984
24.19000,0.48000,0.11860,0.88140
24.21000,0.48000,0.01962,0.98038
24.23000,0.48000,0.17608,0.82392
24.25000,0.48000,0.03499,0.96501
24.27000,0.48000,0.33681,0.66319
24.29000,0.48000,0.02476,0.97524
24.31000,0.48000,0.26987,0.73013
24.33000,0.48000,0.01299,0.98701
24.35000,0.48000,0.17278,0.82722
24.37000,0.48000,0.00977,0.99023
24.39000,0.48000,0.24610,0.75390
24.41000,0.48000,0.01568,0.98432
24.43000,0.48000,0.12360,0.87640
24.45000,0.48000,0.00650,0.99350
24.47000,0.48000,0.18070,0.81930
24.49000,0.48000,0.12706,0.87294
24.51000,0.48000,0.07482,0.92518
24.53000,0.48000,0.04526,0.95474
24.55000,0.48000,0.03996,0.96004
24.57000,0.48000,0.01077,0.98923
24.59000,0.48000,0.03728,0.96272
24.61000,0.48000,0.00604,0.99396
24.63000,0.48000,0.01984,0.98016
24.65000,0.48000,0.00746,0.99254
24.67000,0.48000,0.03565,0.96435
24.69000,0.48000,0.00643,0.99357
24.71000,0.48000,0.04223,0.95777
24.73000,0.48000,0.00868,0.99132
24.75000,0.48000,0.02501,0.97499
24.77000,0.48000,0.01261,0.98739
24.79000,0.48000,0.00658,0.99342
24.81000,0.48000,0.01267,0.98733
24.83000,0.48000,0.03014,0.96986
24.85000,0.48000,0.00932,0.99068
24.87000,0.48000,0.00869,0.99131
24.89000,0.48000,0.01052,0.98948
24.91000,0.48000,0.00576,0.99424
24.93000,0.48000,0.00691,0.99309
24.95000,0.48000,0.00728,0.99272
24.97000,0.48000,0.01640,0.98360
24.99000,0.48000,0.00675,0.99325
25.01000,0.48000,0.00552,0.99448
25.03000,0.48000,0.01456,0.98544
25.05000,0.48000,0.00438,0.99562
25.07000,0.48000,0.00485,0.99515
25.09000,0.48000,0.00558,0.99442
25.11000,0.48000,0.00359,0.99641
25.13000,0.48000,0.00438,0.99562
25.15000,0.48000,0.00320,0.99680
25.17000,0.48000,0.00821,0.99179
25.19000,0.48000,0.00194,0.99806
25.21000,0.48000,0.01513,0.98487
25.23000,0.48000,0.00328,0.99672
25.25000,0.48000,0.00566,0.99434
25.27000,0.48000,0.00255,0.99745
25.29000,0.48000,0.01893,0.98107
25.31000,0.48000,0.04152,0.95849
25.33000,0.48000,0.02698,0.97302
25.35000,0.48000,0.01612,0.98388
25.37000,0.48000,0.01907,0.98093
25.39000,0.48000,0.01887,0.98113
25.41000,0.48000,0.00833,0.99167
25.43000,0.48000,0.01098,0.98902
25.45000,0.48000,0.00707,0.99293
25.47000,0.48000,0.03443,0.96557
25.49000,0.48000,0.00463,0.99537
25.51000,0.48000,0.00719,0.99281
25.53000,0.48000,0.00232,0.99768
25.55000,0.48000,0.00560,0.99440
25.57000,0.48000,0.00599,0.99401
25.59000,0.48000,0.00719,0.99281
25.61000,0.48000,0.00941,0.99059
25.63000,0.48000,0.01072,0.98928
25.65000,0.48000,0.00472,0.99528
25.67000,0.48000,0.01030,0.98970
25.69000,0.48000,0.00545,0.99455
25.71000,0.48000,0.01902,0.98098
25.73000,0.48000,0.00646,0.99354
25.75000,0.48000,0.02936,0.97064
25.77000,0.48000,0.02034,0.97966
25.79000,0.48000,0.00994,0.99006
25.81000,0.48000,0.00481,0.99519
25.83000,0.48000,0.01322,0.98678
25.85000,0.48000,0.00455,0.99545
25.87000,0.48000,0.00680,0.99320
25.89000,0.48000,0.01128,0.98872
25.91000,0.48000,0.00271,0.99729
25.93000,0.48000,0.01342,0.98658
25.95000,0.48000,0.00749,0.99251
25.97000,0.48000,0.00617,0.99383
25.99000,0.48000,0.00179,0.99821
26.01000,0.48000,0.00744,0.99256
26.03000,0.48000,0.00309,0.99691
26.05000,0.48000,0.00494,0.99506
26.07000,0.48000,0.02444,0.97556
26.09000,0.48000,0.00386,0.99614
26.11000,0.48000,0.01174,0.98826
26.13000,0.48000,0.00183,0.99817
26.15000,0.48000,0.00885,0.99115
26.17000,0.48000,0.00734,0.99266
26.19000,0.48000,0.01838,0.98162
26.21000,0.48000,0.00588,0.99412
26.23000,0.48000,0.01578,0.98422
26.25000,0.48000,0.01022,0.98978
26.27000,0.48000,0.00247,0.99753
26.29000,0.48000,0.00174,0.99826
26.31000,0.48000,0.00192,0.99808
26.33000,0.48000,0.01810,0.98190
26.35000,0.48000,0.00197,0.99803
26.37000,0.48000,0.00364,0.99636
26.39000,0.48000,0.00087,0.99913
26.41000,0.48000,0.00350,0.99650
26.43000,0.48000,0.00099,0.99901
26.45000,0.48000,0.00375,0.99625
26.47000,0.48000,0.00155,0.99845
26.49000,0.48000,0.00640,0.99360
26.51000,0.48000,0.00419,0.99581
26.53000,0.48000,0.00633,0.99367
26.55000,0.48000,0.01721,0.98279
26.57000,0.48000,0.20731,0.79269
26.59000,0.48000,0.01087,0.98913
26.61000,0.48000,0.02643,0.97357
26.63000,0.48000,0.00194,0.99806
26.65000,0.48000,0.05814,0.94186
26.67000,0.48000,0.00404,0.99596
26.69000,0.48000,0.00270,0.99730
26.71000,0.48000,0.01723,0.98277
26.73000,0.48000,0.12798,0.87202
26.75000,0.48000,0.01563,0.98437
26.77000,0.48000,0.04863,0.95137
26.79000,0.48000,0.00651,0.99349
26.81000,0.48000,0.01058,0.98942
26.83000,0.48000,0.01187,0.98813
26.85000,0.48000,0.01076,0.98924
26.87000,0.48000,0.01052,0.98948
26.89000,0.48000,0.00742,0.99258
26.91000,0.48000,0.00441,0.99559
26.93000,0.48000,0.00491,0.99509
26.95000,0.48000,0.00777,0.99223
26.97000,0.48000,0.00393,0.99607
26.99000,0.48000,0.00510,0.99490
27.01000,0.48000,0.00249,0.99751
27.03000,0.48000,0.00548,0.99452
27.05000,0.48000,0.00941,0.99059
27.07000,0.48000,0.11565,0.88435
27.09000,0.48000,0.01551,0.98449
27.11000,0.48000,0.11175,0.88825
27.13000,0.48000,0.01210,0.98790
27.15000,0.48000,0.00547,0.99453
27.17000,0.48000,0.00109,0.99891
27.19000,0.48000,0.00402,0.99598
27.21000,0.48000,0.00252,0.99748
27.23000,0.48000,0.00078,0.99922
27.25000,0.48000,0.00070,0.99930
27.27000,0.48000,0.00310,0.99690
27.29000,0.48000,0.00111,0.99889
27.31000,0.48000,0.00098,0.99902
27.33000,0.48000,0.00155,0.99845
27.35000,0.48000,0.00098,0.99902
27.37000,0.48000,0.00147,0.99853
27.39000,0.48000,0.00146,0.99854
27.41000,0.48000,0.00285,0.99715
27.43000,0.48000,0.00206,0.99794
27.45000,0.48000,0.00158,0.99842
27.47000,0.48000,0.00035,0.99965
27.49000,0.48000,0.00178,0.99822
27.51000,0.48000,0.00019,0.99981
27.53000,0.48000,0.00089,0.99911
27.55000,0.48000,0.00035,0.99965
27.57000,0.48000,0.00167,0.99833
27.59000,0.48000,0.00045,0.99955
27.61000,0.48000,0.00037,0.99963
27.63000,0.48000,0.00051,0.99949
27.65000,0.48000,0.00157,0.99843
27.67000,0.48000,0.00033,0.99967
27.69000,0.48000,0.00041,0.99959
27.71000,0.48000,0.00177,0.99823
27.73000,0.48000,0.00931,0.99069
27.75000,0.48000,0.00011,0.99989
27.77000,0.48000,0.00023,0.99977
27.79000,0.48000,0.00026,0.99974
27.81000,0.48000,0.00281,0.99719
27.83000,0.48000,0.00018,0.99982
27.85000,0.48000,0.00018,0.99982
27.87000,0.48000,0.00049,0.99951
27.89000,0.48000,0.00187,0.99813
27.91000,0.48000,0.00121,0.99879
27.93000,0.48000,0.00147,0.99853
27.95000,0.48000,0.00101,0.99899
27.97000,0.48000,0.00122,0.99878
27.99000,0.48000,0.02169,0.97831
28.01000,0.48000,0.00464,0.99536
28.03000,0.48000,0.00150,0.99850
28.05000,0.48000,0.00444,0.99556
28.07000,0.48000,0.00616,0.99384
28.09000,0.48000,0.00563,0.99437
28.11000,0.48000,0.00192,0.99808
28.13000,0.48000,0.00410,0.99590
28.15000,0.48000,0.00138,0.99862
28.17000,0.48000,0.00341,0.99659
28.19000,0.48000,0.00079,0.99921
28.21000,0.48000,0.00033,0.99967
28.23000,0.48000,0.00031,0.99969
28.25000,0.48000,0.00035,0.99965
28.27000,0.48000,0.00023,0.99977
28.29000,0.48000,0.00062,0.99938
28.31000,0.48000,0.00031,0.99969
28.33000,0.48000,0.00221,0.99779
28.35000,0.48000,0.00048,0.99952
28.37000,0.48000,0.01641,0.98359
28.39000,0.48000,0.00047,0.99953
28.41000,0.48000,0.00234,0.99766
28.43000,0.48000,0.00031,0.99969
28.45000,0.48000,0.00437,0.99563
28.47000,0.48000,0.00184,0.99816
28.49000,0.48000,0.00053,0.99947
28.51000,0.48000,0.00018,0.99982
28.53000,0.48000,0.00097,0.99903
28.55000,0.48000,0.00045,0.99955
28.57000,0.48000,0.00048,0.99952
28.59000,0.48000,0.00076,0.99924
28.61000,0.48000,0.00271,0.99729
28.63000,0.48000,0.00030,0.99970
28.65000,0.48000,0.00171,0.99829
28.67000,0.48000,0.00060,0.99940
28.69000,0.48000,0.00466,0.99534
28.71000,0.48000,0.00153,0.99847
28.73000,0.48000,0.00157,0.99843
28.75000,0.48000,0.00126,0.99874
28.77000,0.48000,0.00465,0.99535
28.79000,0.48000,0.00376,0.99624
28.81000,0.48000,0.00260,0.99740
28.83000,0.48000,0.00260,0.99740
28.85000,0.48000,0.01268,0.98732
28.87000,0.48000,0.00565,0.99435
28.89000,0.48000,0.01005,0.98995
28.91000,0.48000,0.00310,0.99690
28.93000,0.48000,0.00643,0.99357
28.95000,0.48000,0.00145,0.99855
28.97000,0.48000,0.00159,0.99841
28.99000,0.48000,0.00161,0.99839
29.01000,0.48000,0.00933,0.99067
29.03000,0.48000,0.00183,0.99817
29.05000,0.48000,0.00239,0.99761
29.07000,0.48000,0.00048,0.99952
29.09000,0.48000,0.00129,0.99871
29.11000,0.48000,0.00137,0.99863
29.13000,0.48000,0.00118,0.99882
29.15000,0.48000,0.00087,0.99913
29.17000,0.48000,0.00532,0.99468
29.19000,0.48000,0.00504,0.99496
29.21000,0.48000,0.00294,0.99706
29.23000,0.48000,0.00287,0.99713
29.25000,0.48000,0.00752,0.99248
29.27000,0.48000,0.01098,0.98902
29.29000,0.48000,0.00076,0.99924
29.31000,0.48000,0.00334,0.99666
29.33000,0.48000,0.00503,0.99497
29.35000,0.48000,0.02076,0.97924
29.37000,0.48000,0.00492,0.99508
29.39000,0.48000,0.03144,0.96856
29.41000,0.48000,0.05123,0.94877
29.43000,0.48000,0.04121,0.95879
29.45000,0.48000,0.07468,0.92532
29.47000,0.48000,0.08077,0.91923
29.49000,0.48000,0.31905,0.68095
29.51000,0.48000,0.42725,0.57275
29.53000,0.48000,0.57499,0.42501
29.55000,0.48000,0.55051,0.44949
29.57000,0.48000,0.72930,0.27070
29.59000,0.48000,0.64462,0.35538
29.61000,0.48000,0.88734,0.11266
29.63000,0.48000,0.65230,0.34770
29.65000,0.48000,0.90525,0.09475
29.67000,0.48000,0.78714,0.21286
29.69000,0.48000,0.98387,0.01613
29.71000,0.48000,0.94810,0.05190
29.73000,0.48000,0.99343,0.00657
29.75000,0.48000,0.98698,0.01302
29.77000,0.48000,0.99383,0.00617
29.79000,0.48000,0.98754,0.01246
29.81000,0.48000,0.98324,0.01676
29.83000,0.48000,0.99447,0.00553
29.85000,0.48000,0.99003,0.00997
29.87000,0.48000,0.95415,0.04585
29.89000,0.48000,0.99087,0.00913
29.91000,0.48000,0.96771,0.03229
29.93000,0.48000,0.96257,0.03743
29.95000,0.48000,0.97519,0.02482
29.97000,0.48000,0.97344,0.02656
29.99000,0.48000,0.98475,0.01525
30.01000,0.48000,0.91601,0.08399
30.03000,0.48000,0.97880,0.02120
30.05000,0.48000,0.85188,0.14812
30.07000,0.48000,0.98071,0.01929
30.09000,0.48000,0.90215,0.09785
30.11000,0.48000,0.96169,0.03831
30.13000,0.48000,0.86718,0.13282
30.15000,0.48000,0.93216,0.06784
30.17000,0.48000,0.91744,0.08256
30.19000,0.48000,0.97836,0.02164
30.21000,0.48000,0.91415,0.08585
30.23000,0.48000,0.97619,0.02381
30.25000,0.48000,0.94612,0.05388
30.27000,0.48000,0.98483,0.01517
30.29000,0.48000,0.96992,0.03008
30.31000,0.48000,0.99322,0.00678
30.33000,0.48000,0.97206,0.02794
30.35000,0.48000,0.99652,0.00348
30.37000,0.48000,0.99078,0.00922
30.39000,0.48000,0.99795,0.00205
30.41000,0.48000,0.99635,0.00365
30.43000,0.48000,0.99621,0.00379
30.45000,0.48000,0.99622,0.00378
30.47000,0.48000,0.99694,0.00306
30.49000,0.48000,0.99916,0.00084
30.51000,0.48000,0.99664,0.00336
30.53000,0.48000,0.99895,0.00105
30.55000,0.48000,0.99799,0.00201
30.57000,0.48000,0.99911,0.00089
30.59000,0.48000,0.99878,0.00122
30.61000,0.48000,0.99963,0.00037
30.63000,0.48000,0.99843,0.00157
30.65000,0.48000,0.99948,0.00052
30.67000,0.48000,0.99912,0.00088
30.69000,0.48000,0.99956,0.00044
30.71000,0.48000,0.99908,0.00092
30.73000,0.48000,0.99971,0.00029
30.75000,0.48000,0.99845,0.00155
30.77000,0.48000,0.99942,0.00058
30.79000,0.48000,0.99935,0.00065
30.81000,0.48000,0.99966,0.00034
30.83000,0.48000,0.99858,0.00142
30.85000,0.48000,0.99951,0.00049
30.87000,0.48000,0.99923,0.00077
30.89000,0.48000,0.99898,0.00102
30.91000,0.48000,0.99919,0.00081
30.93000,0.48000,0.99877,0.00123
30.95000,0.48000,0.99939,0.00061
30.97000,0.48000,0.99917,0.00083
30.99000,0.48000,0.99924,0.00076
31.01000,0.48000,0.99925,0.00075
31.03000,0.48000,0.99948,0.00052
31.05000,0.48000,0.99746,0.00254
31.07000,0.48000,0.99905,0.00095
31.09000,0.48000,0.99897,0.00103
31.11000,0.48000,0.99899,0.00101
31.13000,0.48000,0.99905,0.00095
31.15000,0.48000,0.99868,0.00132
31.17000,0.48000,0.99902,0.00098
31.19000,0.48000,0.99836,0.00164
31.21000,0.48000,0.99875,0.00125
31.23000,0.48000,0.99816,0.00184
31.25000,0.48000,0.99830,0.00170
31.27000,0.48000,0.99876,0.00124
31.29000,0.48000,0.99826,0.00174
31.31000,0.48000,0.99734,0.00266
31.33000,0.48000,0.99933,0.00067
31.35000,0.48000,0.99867,0.00133
31.37000,0.48000,0.99873,0.00127
31.39000,0.48000,0.99706,0.00294
31.41000,0.48000,0.99897,0.00103
31.43000,0.48000,0.99825,0.00175
31.45000,0.48000,0.99886,0.00114
31.47000,0.48000,0.99684,0.00316
31.49000,0.48000,0.99918,0.00082
31.51000,0.48000,0.99896,0.00104
31.53000,0.48000,0.99914,0.00086
31.55000,0.48000,0.99825,0.00175
31.57000,0.48000,0.99806,0.00194
31.59000,0.48000,0.99797,0.00203
31.61000,0.48000,0.99913,0.00087
31.63000,0.48000,0.99636,0.00364
31.65000,0.48000,0.99864,0.00136
31.67000,0.48000,0.99811,0.00189
31.69000,0.48000,0.99933,0.00067
31.71000,0.48000,0.99835,0.00165
31.73000,0.48000,0.99816,0.00184
31.75000,0.48000,0.99868,0.00132
31.77000,0.48000,0.99935,0.00065
31.79000,0.48000,0.99881,0.00119
31.81000,0.48000,0.99915,0.00085
31.83000,0.48000,0.99903,0.00097
31.85000,0.48000,0.99757,0.00243
31.87000,0.48000,0.99822,0.00178
31.89000,0.48000,0.99833,0.00167
31.91000,0.48000,0.99873,0.00127
31.93000,0.48000,0.99877,0.00123
31.95000,0.48000,0.99818,0.00182
31.97000,0.48000,0.99910,0.00090
31.99000,0.48000,0.99916,0.00084
32.01000,0.48000,0.99922,0.00078
32.03000,0.48000,0.99912,0.00088
32.05000,0.48000,0.99936,0.00064
32.07000,0.48000,0.99936,0.00064
32.09000,0.48000,0.99973,0.00027
32.11000,0.48000,0.99898,0.00102
