# Time (seconds),f0
0.0078125,28.701560974121094
0.0234375,28.701919555664062
0.0390625,28.69715118408203
0.0546875,28.708175659179688
0.0703125,28.706329345703125
0.0859375,28.701560974121094
0.1015625,28.71479034423828
0.1171875,28.709640502929688
0.1328125,28.716629028320312
0.1484375,28.708175659179688
0.1640625,28.71221923828125
0.1796875,28.716629028320312
0.1953125,28.716629028320312
0.2109375,28.7320556640625
0.2265625,28.7298583984375
0.2421875,28.723236083984375
0.2578125,28.728378295898438
0.2734375,28.73095703125
0.2890625,28.738304138183594
0.3046875,28.73499298095703
0.3203125,28.742355346679688
0.3359375,28.74969482421875
0.3515625,28.733535766601562
0.3671875,28.74565887451172
0.3828125,28.74859619140625
0.3984375,28.76806640625
0.4140625,28.74859619140625
0.4296875,28.76329803466797
0.4453125,28.759620666503906
0.4609375,28.773223876953125
0.4765625,28.779090881347656
0.4921875,28.773223876953125
0.5078125,28.788284301757812
0.5234375,28.78791046142578
0.5390625,28.80078125
0.5546875,28.78534698486328
0.5703125,28.791221618652344
0.5859375,28.788658142089844
0.6015625,28.807022094726562
0.6171875,28.804824829101562
0.6328125,28.80554962158203
0.6484375,28.808502197265625
0.6640625,28.821731567382812
0.6796875,28.827598571777344
0.6953125,28.823562622070312
0.7109375,28.82135772705078
0.7265625,28.813270568847656
0.7421875,28.823936462402344
0.7578125,28.827972412109375
0.7734375,28.822830200195312
0.7890625,28.833114624023438
0.8046875,28.828346252441406
0.8203125,28.84082794189453
0.8359375,28.841934204101562
0.8515625,28.833480834960938
0.8671875,28.833114624023438
0.8828125,28.847816467285156
0.8984375,28.843780517578125
0.9140625,28.85149383544922
0.9296875,28.845237731933594
0.9453125,28.85663604736328
0.9609375,28.85663604736328
0.9765625,28.85333251953125
0.9921875,28.864723205566406
1.0078125,28.848922729492188
1.0234375,28.863250732421875
1.0390625,28.8720703125
1.0546875,28.865455627441406
1.0703125,28.865455627441406
1.0859375,28.85663604736328
1.1015625,28.87354278564453
1.1171875,28.8739013671875
1.1328125,28.8709716796875
1.1484375,28.8702392578125
1.1640625,28.87500762939453
1.1796875,28.865455627441406
1.1953125,28.868392944335938
1.2109375,28.867286682128906
1.2265625,28.85663604736328
1.2421875,28.865455627441406
1.2578125,28.865081787109375
1.2734375,28.85260009765625
1.2890625,28.860313415527344
1.3046875,28.85149383544922
1.3203125,28.841934204101562
1.3359375,28.841934204101562
1.3515625,28.85480499267578
1.3671875,28.839370727539062
1.3828125,28.843780517578125
1.3984375,28.845985412597656
1.4140625,28.843780517578125
1.4296875,28.83275604248047
1.4453125,28.83972930908203
1.4609375,28.841934204101562
1.4765625,28.832008361816406
1.4921875,28.840469360351562
1.5078125,28.822463989257812
1.5234375,28.826873779296875
1.5390625,28.82135772705078
1.5546875,28.828346252441406
1.5703125,28.822830200195312
1.5859375,28.81915283203125
1.6015625,28.80554962158203
1.6171875,28.827598571777344
1.6328125,28.82318878173828
1.6484375,28.822830200195312
1.6640625,28.81915283203125
1.6796875,28.823562622070312
1.6953125,28.808128356933594
1.7109375,28.806655883789062
1.7265625,28.804824829101562
1.7421875,28.793067932128906
1.7578125,28.792320251464844
1.7734375,28.79747772216797
1.7890625,28.804824829101562
1.8046875,28.809959411621094
1.8203125,28.80113983154297
1.8359375,28.77983856201172
1.8515625,28.792320251464844
1.8671875,28.78791046142578
1.8828125,28.790489196777344
1.8984375,28.791221618652344
1.9140625,28.788658142089844
1.9296875,28.788658142089844
1.9453125,28.78791046142578
1.9609375,28.780563354492188
1.9765625,28.787185668945312
1.9921875,28.78791046142578
2.0078125,28.78166961669922
2.0234375,28.8004150390625
2.0390625,28.772850036621094
2.0546875,28.78534698486328
2.0703125,28.78791046142578
2.0859375,28.777259826660156
2.1015625,28.770645141601562
2.1171875,28.78681182861328
2.1328125,28.776527404785156
2.1484375,28.779464721679688
2.1640625,28.768814086914062
2.1796875,28.787185668945312
2.1953125,28.771377563476562
2.2109375,28.787185668945312
2.2265625,28.78093719482422
2.2421875,28.78534698486328
2.2578125,28.772850036621094
2.2734375,28.780563354492188
2.2890625,28.772850036621094
2.3046875,28.792320251464844
2.3203125,28.78350067138672
2.3359375,28.789382934570312
2.3515625,28.774322509765625
2.3671875,28.788658142089844
2.3828125,28.797836303710938
2.3984375,28.78460693359375
2.4140625,28.789382934570312
2.4296875,28.776885986328125
2.4453125,28.787185668945312
2.4609375,28.788658142089844
2.4765625,28.788658142089844
2.4921875,28.804824829101562
2.5078125,28.809600830078125
2.5234375,28.81805419921875
2.5390625,28.8033447265625
2.5546875,28.809959411621094
2.5703125,28.805923461914062
2.5859375,28.823562622070312
2.6015625,28.806655883789062
2.6171875,28.823562622070312
2.6328125,28.81621551513672
2.6484375,28.828346252441406
2.6640625,28.826499938964844
2.6796875,28.828704833984375
2.6953125,28.822830200195312
2.7109375,28.81915283203125
2.7265625,28.830177307128906
2.7421875,28.831649780273438
2.7578125,28.840103149414062
2.7734375,28.827239990234375
2.7890625,28.8360595703125
2.8046875,28.8360595703125
2.8203125,28.83275604248047
2.8359375,28.8367919921875
2.8515625,28.846343994140625
2.8671875,28.83972930908203
2.8828125,28.832008361816406
2.8984375,28.847084045410156
2.9140625,28.848548889160156
2.9296875,28.832008361816406
2.9453125,28.847816467285156
2.9609375,28.8349609375
2.9765625,28.847816467285156
2.9921875,28.845985412597656
3.0078125,28.845237731933594
3.0234375,28.85480499267578
3.0390625,28.851852416992188
3.0546875,28.85149383544922
3.0703125,28.861419677734375
3.0859375,28.85149383544922
3.1015625,28.85590362548828
3.1171875,28.863250732421875
3.1328125,28.86803436279297
3.1484375,28.868392944335938
3.1640625,28.863983154296875
3.1796875,28.860313415527344
3.1953125,28.859573364257812
3.2109375,28.862876892089844
3.2265625,28.863983154296875
3.2421875,28.8702392578125
3.2578125,28.868392944335938
3.2734375,28.860313415527344
3.2890625,28.859939575195312
3.3046875,28.860671997070312
3.3203125,28.8702392578125
3.3359375,28.864723205566406
3.3515625,28.85443115234375
3.3671875,28.859214782714844
3.3828125,28.848922729492188
3.3984375,28.85149383544922
3.4140625,28.85333251953125
3.4296875,28.830551147460938
3.4453125,28.848190307617188
3.4609375,28.843780517578125
3.4765625,28.83826446533203
3.4921875,28.841934204101562
3.5078125,28.840103149414062
3.5234375,28.8349609375
3.5390625,28.840103149414062
3.5546875,28.83899688720703
3.5703125,28.824295043945312
3.5859375,28.8360595703125
3.6015625,28.8360595703125
3.6171875,28.81952667236328
3.6328125,28.825393676757812
3.6484375,28.833114624023438
3.6640625,28.81915283203125
3.6796875,28.812911987304688
3.6953125,28.814743041992188
3.7109375,28.81511688232422
3.7265625,28.811805725097656
3.7421875,28.823562622070312
3.7578125,28.807395935058594
3.7734375,28.809600830078125
3.7890625,28.804824829101562
3.8046875,28.807022094726562
3.8203125,28.80078125
3.8359375,28.804824829101562
3.8515625,28.804824829101562
3.8671875,28.807022094726562
3.8828125,28.78791046142578
3.8984375,28.78791046142578
3.9140625,28.788658142089844
3.9296875,28.788658142089844
3.9453125,28.791221618652344
3.9609375,28.78791046142578
3.9765625,28.789382934570312
3.9921875,28.793426513671875
4.0078125,28.788658142089844
4.0234375,28.787185668945312
4.0390625,28.78791046142578
4.0546875,28.776885986328125
4.0703125,28.78791046142578
4.0859375,28.797836303710938
4.1015625,28.790863037109375
4.1171875,28.78240203857422
4.1328125,28.78350067138672
4.1484375,28.780563354492188
4.1640625,28.771377563476562
4.1796875,28.76844024658203
4.1953125,28.78534698486328
4.2109375,28.790863037109375
4.2265625,28.775787353515625
4.2421875,28.78093719482422
4.2578125,28.774322509765625
4.2734375,28.774681091308594
4.2890625,28.775428771972656
4.3046875,28.78350067138672
4.3203125,28.788658142089844
4.3359375,28.78204345703125
4.3515625,28.789756774902344
4.3671875,28.791221618652344
4.3828125,28.788658142089844
4.3984375,28.78350067138672
4.4140625,28.788658142089844
4.4296875,28.779090881347656
4.4453125,28.788284301757812
4.4609375,28.776527404785156
4.4765625,28.793426513671875
4.4921875,28.78534698486328
4.5078125,28.776527404785156
4.5234375,28.788658142089844
4.5390625,28.790863037109375
4.5546875,28.780563354492188
4.5703125,28.78791046142578
4.5859375,28.78534698486328
4.6015625,28.80078125
4.6171875,28.780563354492188
4.6328125,28.797836303710938
4.6484375,28.78791046142578
4.6640625,28.776527404785156
4.6796875,28.78460693359375
4.6953125,28.791221618652344
4.7109375,28.793426513671875
4.7265625,28.791221618652344
4.7421875,28.788658142089844
4.7578125,28.806297302246094
4.7734375,28.792320251464844
4.7890625,28.792320251464844
4.8046875,28.80371856689453
4.8203125,28.804092407226562
4.8359375,28.806297302246094
4.8515625,28.80004119873047
4.8671875,28.809959411621094
4.8828125,28.8033447265625
4.8984375,28.804092407226562
4.9140625,28.811805725097656
4.9296875,28.823936462402344
4.9453125,28.80224609375
4.9609375,28.81732177734375
4.9765625,28.81915283203125
4.9921875,28.82135772705078
5.0078125,28.814010620117188
5.0234375,28.811431884765625
5.0390625,28.81915283203125
5.0546875,28.812538146972656
5.0703125,28.824661254882812
5.0859375,28.823562622070312
5.1015625,28.82318878173828
5.1171875,28.82318878173828
5.1328125,28.834213256835938
5.1484375,28.834213256835938
5.1640625,28.840103149414062
5.1796875,28.826499938964844
5.1953125,28.82098388671875
5.2109375,28.826499938964844
5.2265625,28.83826446533203
5.2421875,28.830177307128906
5.2578125,28.81988525390625
5.2734375,28.81988525390625
5.2890625,28.826873779296875
5.3046875,28.829071044921875
5.3203125,28.83716583251953
5.3359375,28.832008361816406
5.3515625,28.835693359375
5.3671875,28.823562622070312
5.3828125,28.83826446533203
5.3984375,28.85149383544922
5.4140625,28.851852416992188
5.4296875,28.845237731933594
5.4453125,28.83716583251953
5.4609375,28.83972930908203
5.4765625,28.847816467285156
5.4921875,28.85149383544922
5.5078125,28.850753784179688
5.5234375,28.843780517578125
5.5390625,28.847816467285156
5.5546875,28.841934204101562
5.5703125,28.851119995117188
5.5859375,28.839370727539062
5.6015625,28.845237731933594
5.6171875,28.835693359375
5.6328125,28.830177307128906
5.6484375,28.8367919921875
5.6640625,28.840103149414062
5.6796875,28.835693359375
5.6953125,28.826499938964844
5.7109375,28.824295043945312
5.7265625,28.805191040039062
5.7421875,28.81915283203125
5.7578125,28.81621551513672
5.7734375,28.81732177734375
5.7890625,28.809959411621094
5.8046875,28.808128356933594
5.8203125,28.81732177734375
5.8359375,28.81842041015625
5.8515625,28.81621551513672
5.8671875,28.805923461914062
5.8828125,28.815475463867188
5.8984375,28.804824829101562
5.9140625,28.804824829101562
5.9296875,28.806655883789062
5.9453125,28.823562622070312
5.9609375,28.82318878173828
5.9765625,28.806297302246094
5.9921875,28.804824829101562
6.0078125,28.801513671875
6.0234375,28.80371856689453
6.0390625,28.804824829101562
6.0546875,28.80554962158203
6.0703125,28.79747772216797
6.0859375,28.791221618652344
6.1015625,28.791221618652344
6.1171875,28.806297302246094
6.1328125,28.80554962158203
6.1484375,28.789382934570312
6.1640625,28.78240203857422
6.1796875,28.77983856201172
6.1953125,28.776885986328125
6.2109375,28.789756774902344
6.2265625,28.780563354492188
6.2421875,28.78534698486328
6.2578125,28.78240203857422
6.2734375,28.772476196289062
6.2890625,28.787551879882812
6.3046875,28.7662353515625
6.3203125,28.77983856201172
6.3359375,28.7655029296875
6.3515625,28.7662353515625
6.3671875,28.777992248535156
6.3828125,28.771743774414062
6.3984375,28.76329803466797
6.4140625,28.771743774414062
6.4296875,28.771743774414062
6.4453125,28.770645141601562
6.4609375,28.756683349609375
6.4765625,28.767333984375
6.4921875,28.76660919189453
6.5078125,28.774322509765625
6.5234375,28.76403045654297
6.5390625,28.763656616210938
6.5546875,28.768814086914062
6.5703125,28.771018981933594
6.5859375,28.762924194335938
6.6015625,28.768814086914062
6.6171875,28.77983856201172
6.6328125,28.780563354492188
6.6484375,28.771377563476562
6.6640625,28.76586151123047
6.6796875,28.7662353515625
6.6953125,28.771018981933594
6.7109375,28.776153564453125
6.7265625,28.773956298828125
6.7421875,28.775787353515625
6.7578125,28.773582458496094
6.7734375,28.78093719482422
6.7890625,28.780563354492188
6.8046875,28.777259826660156
6.8203125,28.78093719482422
6.8359375,28.780563354492188
6.8515625,28.768814086914062
6.8671875,28.78240203857422
6.8828125,28.790489196777344
6.8984375,28.78497314453125
6.9140625,28.791221618652344
6.9296875,28.78534698486328
6.9453125,28.78791046142578
6.9609375,28.793426513671875
6.9765625,28.776885986328125
6.9921875,28.791221618652344
7.0078125,28.797836303710938
7.0234375,28.792320251464844
7.0390625,28.793792724609375
7.0546875,28.788658142089844
7.0703125,28.806297302246094
7.0859375,28.81694793701172
7.1015625,28.806655883789062
7.1171875,28.804824829101562
7.1328125,28.813644409179688
7.1484375,28.804824829101562
7.1640625,28.808128356933594
7.1796875,28.7996826171875
7.1953125,28.81732177734375
7.2109375,28.809959411621094
7.2265625,28.830909729003906
7.2421875,28.809234619140625
7.2578125,28.806655883789062
7.2734375,28.821731567382812
7.2890625,28.81915283203125
7.3046875,28.82135772705078
7.3203125,28.826499938964844
7.3359375,28.828346252441406
7.3515625,28.830909729003906
7.3671875,28.828704833984375
7.3828125,28.822830200195312
7.3984375,28.830177307128906
7.4140625,28.840103149414062
7.4296875,28.83972930908203
7.4453125,28.843780517578125
7.4609375,28.832008361816406
7.4765625,28.829803466796875
7.4921875,28.826873779296875
7.5078125,28.833114624023438
7.5234375,28.830177307128906
7.5390625,28.830177307128906
7.5546875,28.82318878173828
7.5703125,28.832008361816406
7.5859375,28.830177307128906
7.6015625,28.835693359375
7.6171875,28.8360595703125
7.6328125,28.833114624023438
7.6484375,28.826499938964844
7.6640625,28.840469360351562
7.6796875,28.827598571777344
7.6953125,28.8349609375
7.7109375,28.830177307128906
7.7265625,28.830177307128906
7.7421875,28.840103149414062
7.7578125,28.82318878173828
7.7734375,28.830909729003906
7.7890625,28.823562622070312
7.8046875,28.81915283203125
7.8203125,28.81805419921875
7.8359375,28.81694793701172
7.8515625,28.816574096679688
7.8671875,28.80298614501953
7.8828125,28.809959411621094
7.8984375,28.81768035888672
7.9140625,28.821731567382812
7.9296875,28.809959411621094
7.9453125,28.814010620117188
7.9609375,28.809959411621094
7.9765625,28.807022094726562
7.9921875,28.807022094726562
8.0078125,28.80298614501953
8.0234375,28.78791046142578
8.0390625,28.797836303710938
8.0546875,28.790863037109375
8.0703125,28.795272827148438
8.0859375,28.789382934570312
8.1015625,28.78240203857422
8.1171875,28.788658142089844
8.1328125,28.78314208984375
8.1484375,28.791221618652344
8.1640625,28.788658142089844
8.1796875,28.792320251464844
8.1953125,28.804092407226562
8.2109375,28.78240203857422
8.2265625,28.78791046142578
8.2421875,28.788658142089844
8.2578125,28.788658142089844
8.2734375,28.790863037109375
8.2890625,28.80298614501953
8.3046875,28.787185668945312
8.3203125,28.777259826660156
8.3359375,28.773582458496094
8.3515625,28.78791046142578
8.3671875,28.771743774414062
8.3828125,28.76770782470703
8.3984375,28.78460693359375
8.4140625,28.771743774414062
8.4296875,28.7669677734375
8.4453125,28.76329803466797
8.4609375,28.78350067138672
8.4765625,28.76806640625
8.4921875,28.7669677734375
8.5078125,28.776527404785156
8.5234375,28.76329803466797
8.5390625,28.76806640625
8.5546875,28.76844024658203
8.5703125,28.76329803466797
8.5859375,28.76806640625
8.6015625,28.761451721191406
8.6171875,28.760353088378906
8.6328125,28.76770782470703
8.6484375,28.770645141601562
8.6640625,28.771743774414062
8.6796875,28.770645141601562
8.6953125,28.77983856201172
8.7109375,28.770645141601562
8.7265625,28.768814086914062
8.7421875,28.78534698486328
8.7578125,28.768814086914062
8.7734375,28.772476196289062
8.7890625,28.770645141601562
8.8046875,28.788658142089844
8.8203125,28.78791046142578
8.8359375,28.78791046142578
8.8515625,28.797836303710938
8.8671875,28.772850036621094
8.8828125,28.776885986328125
8.8984375,28.78166961669922
8.9140625,28.790863037109375
8.9296875,28.78791046142578
8.9453125,28.78534698486328
8.9609375,28.791221618652344
8.9765625,28.797103881835938
8.9921875,28.791221618652344
9.0078125,28.80371856689453
9.0234375,28.794166564941406
9.0390625,28.804824829101562
9.0546875,28.80554962158203
9.0703125,28.808502197265625
9.0859375,28.804824829101562
9.1015625,28.809959411621094
9.1171875,28.808128356933594
9.1328125,28.81915283203125
9.1484375,28.812911987304688
9.1640625,28.827239990234375
9.1796875,28.813270568847656
9.1953125,28.81732177734375
9.2109375,28.826873779296875
9.2265625,28.81511688232422
9.2421875,28.838623046875
9.2578125,28.8360595703125
9.2734375,28.832008361816406
9.2890625,28.837890625
9.3046875,28.829071044921875
9.3203125,28.826499938964844
9.3359375,28.832008361816406
9.3515625,28.8360595703125
9.3671875,28.826499938964844
9.3828125,28.825035095214844
9.3984375,28.830551147460938
9.4140625,28.8360595703125
9.4296875,28.830177307128906
9.4453125,28.847442626953125
9.4609375,28.842300415039062
9.4765625,28.83972930908203
9.4921875,28.849288940429688
9.5078125,28.847816467285156
9.5234375,28.84082794189453
9.5390625,28.847816467285156
9.5546875,28.843780517578125
9.5703125,28.842674255371094
9.5859375,28.85149383544922
9.6015625,28.843780517578125
9.6171875,28.843780517578125
9.6328125,28.83826446533203
9.6484375,28.850753784179688
9.6640625,28.83275604248047
9.6796875,28.834213256835938
9.6953125,28.85295867919922
9.7109375,28.842674255371094
9.7265625,28.825035095214844
9.7421875,28.83972930908203
9.7578125,28.840469360351562
9.7734375,28.832008361816406
9.7890625,28.835693359375
9.8046875,28.828704833984375
9.8203125,28.8360595703125
9.8359375,28.83275604248047
9.8515625,28.830177307128906
9.8671875,28.822830200195312
9.8828125,28.808860778808594
9.8984375,28.812164306640625
9.9140625,28.816574096679688
9.9296875,28.81732177734375
9.9453125,28.827598571777344
9.9609375,28.808502197265625
9.9765625,28.812164306640625
9.9921875,28.821731567382812
10.0078125,28.806655883789062
10.0234375,28.812164306640625
10.0390625,28.808128356933594
10.0546875,28.804092407226562
10.0703125,28.808128356933594
10.0859375,28.807022094726562
10.1015625,28.813270568847656
10.1171875,28.804824829101562
10.1328125,28.804824829101562
10.1484375,28.80371856689453
10.1640625,28.789382934570312
10.1796875,28.80004119873047
10.1953125,28.780563354492188
10.2109375,28.797103881835938
10.2265625,28.80188751220703
10.2421875,28.789382934570312
10.2578125,28.788658142089844
10.2734375,28.789382934570312
10.2890625,28.777259826660156
10.3046875,28.791595458984375
10.3203125,28.776885986328125
10.3359375,28.78166961669922
10.3515625,28.78534698486328
10.3671875,28.775787353515625
10.3828125,28.770645141601562
10.3984375,28.769912719726562
10.4140625,28.770645141601562
10.4296875,28.788284301757812
10.4453125,28.773582458496094
10.4609375,28.78277587890625
10.4765625,28.76806640625
10.4921875,28.768814086914062
10.5078125,28.775787353515625
10.5234375,28.78460693359375
10.5390625,28.76770782470703
10.5546875,28.768814086914062
10.5703125,28.775787353515625
10.5859375,28.771377563476562
10.6015625,28.756683349609375
10.6171875,28.76403045654297
10.6328125,28.774681091308594
10.6484375,28.770645141601562
10.6640625,28.7662353515625
10.6796875,28.770645141601562
10.6953125,28.78350067138672
10.7109375,28.78093719482422
10.7265625,28.780563354492188
10.7421875,28.778732299804688
10.7578125,28.777633666992188
10.7734375,28.787185668945312
10.7890625,28.777633666992188
10.8046875,28.787551879882812
10.8203125,28.780563354492188
10.8359375,28.773223876953125
10.8515625,28.78534698486328
10.8671875,28.78350067138672
10.8828125,28.787551879882812
10.8984375,28.796730041503906
10.9140625,28.797836303710938
10.9296875,28.787185668945312
10.9453125,28.786453247070312
10.9609375,28.789382934570312
10.9765625,28.786453247070312
10.9921875,28.791221618652344
11.0078125,28.804824829101562
11.0234375,28.797836303710938
11.0390625,28.804824829101562
11.0546875,28.795631408691406
11.0703125,28.816574096679688
11.0859375,28.81915283203125
11.1015625,28.813270568847656
11.1171875,28.82098388671875
11.1328125,28.822463989257812
11.1484375,28.812164306640625
11.1640625,28.82318878173828
11.1796875,28.81915283203125
11.1953125,28.82318878173828
11.2109375,28.826141357421875
11.2265625,28.829071044921875
11.2421875,28.827598571777344
11.2578125,28.834213256835938
11.2734375,28.824295043945312
11.2890625,28.83275604248047
11.3046875,28.826499938964844
11.3203125,28.81988525390625
11.3359375,28.828346252441406
11.3515625,28.843780517578125
11.3671875,28.827239990234375
11.3828125,28.82062530517578
11.3984375,28.830177307128906
11.4140625,28.828704833984375
11.4296875,28.828346252441406
11.4453125,28.8360595703125
11.4609375,28.835693359375
11.4765625,28.835693359375
11.4921875,28.838623046875
11.5078125,28.826873779296875
11.5234375,28.83972930908203
11.5390625,28.83531951904297
11.5546875,28.822463989257812
11.5703125,28.840469360351562
11.5859375,28.822830200195312
11.6015625,28.830551147460938
11.6171875,28.828346252441406
11.6328125,28.831649780273438
11.6484375,28.822463989257812
11.6640625,28.827239990234375
11.6796875,28.828346252441406
11.6953125,28.827239990234375
11.7109375,28.808860778808594
11.7265625,28.815475463867188
11.7421875,28.826499938964844
11.7578125,28.833114624023438
11.7734375,28.8360595703125
11.7890625,28.82135772705078
11.8046875,28.826499938964844
11.8203125,28.81915283203125
11.8359375,28.821731567382812
11.8515625,28.80298614501953
11.8671875,28.797103881835938
11.8828125,28.795272827148438
11.8984375,28.821731567382812
11.9140625,28.821731567382812
11.9296875,28.806297302246094
11.9453125,28.808128356933594
11.9609375,28.791221618652344
11.9765625,28.808128356933594
11.9921875,28.806297302246094
12.0078125,28.797836303710938
12.0234375,28.78570556640625
12.0390625,28.772850036621094
12.0546875,28.78534698486328
12.0703125,28.764404296875
12.0859375,28.776153564453125
12.1015625,28.78240203857422
12.1171875,28.780563354492188
12.1328125,28.768814086914062
12.1484375,28.788658142089844
12.1640625,28.76770782470703
12.1796875,28.775787353515625
12.1953125,28.770645141601562
12.2109375,28.771743774414062
12.2265625,28.771377563476562
12.2421875,28.779090881347656
12.2578125,28.775787353515625
12.2734375,28.770645141601562
12.2890625,28.770645141601562
12.3046875,28.768814086914062
12.3203125,28.774681091308594
12.3359375,28.773956298828125
12.3515625,28.767333984375
12.3671875,28.777992248535156
12.3828125,28.771018981933594
12.3984375,28.777633666992188
12.4140625,28.76806640625
12.4296875,28.76329803466797
12.4453125,28.76403045654297
12.4609375,28.78093719482422
12.4765625,28.770645141601562
12.4921875,28.770645141601562
12.5078125,28.76403045654297
12.5234375,28.76403045654297
12.5390625,28.758888244628906
12.5546875,28.771743774414062
12.5703125,28.76219940185547
12.5859375,28.759620666503906
12.6015625,28.758148193359375
12.6171875,28.758888244628906
12.6328125,28.76476287841797
12.6484375,28.751907348632812
12.6640625,28.78166961669922
12.6796875,28.762557983398438
12.6953125,28.758148193359375
12.7109375,28.78093719482422
12.7265625,28.787551879882812
12.7421875,28.790115356445312
12.7578125,28.770645141601562
12.7734375,28.787551879882812
12.7890625,28.80298614501953
12.8046875,28.776885986328125
12.8203125,28.788658142089844
12.8359375,28.794898986816406
12.8515625,28.797836303710938
12.8671875,28.789382934570312
12.8828125,28.804824829101562
12.8984375,28.808860778808594
12.9140625,28.81915283203125
12.9296875,28.822463989257812
12.9453125,28.809959411621094
12.9609375,28.81732177734375
12.9765625,28.827598571777344
12.9921875,28.807754516601562
13.0078125,28.823936462402344
13.0234375,28.823562622070312
13.0390625,28.840469360351562
13.0546875,28.829444885253906
13.0703125,28.832008361816406
13.0859375,28.8349609375
13.1015625,28.851852416992188
13.1171875,28.843780517578125
13.1328125,28.841934204101562
13.1484375,28.848922729492188
13.1640625,28.859573364257812
13.1796875,28.86913299560547
13.1953125,28.8709716796875
13.2109375,28.876480102539062
13.2265625,28.868392944335938
13.2421875,28.86803436279297
13.2578125,28.886032104492188
13.2734375,28.881988525390625
13.2890625,28.886032104492188
13.3046875,28.881622314453125
13.3203125,28.904037475585938
13.3359375,28.898529052734375
13.3515625,28.899627685546875
13.3671875,28.900733947753906
13.3828125,28.92461395263672
13.3984375,28.91028594970703
13.4140625,28.917999267578125
13.4296875,28.930130004882812
13.4453125,28.930130004882812
13.4609375,28.934539794921875
13.4765625,28.938217163085938
13.4921875,28.955123901367188
13.5078125,28.947036743164062
13.5234375,28.96099853515625
13.5390625,28.96430206298828
13.5546875,28.954757690429688
13.5703125,28.96099853515625
13.5859375,28.953277587890625
13.6015625,28.953277587890625
13.6171875,28.962844848632812
13.6328125,28.955856323242188
13.6484375,28.96247100830078
13.6640625,28.964675903320312
13.6796875,28.96173858642578
13.6953125,28.96026611328125
13.7109375,28.95953369140625
13.7265625,28.96247100830078
13.7421875,28.953651428222656
13.7578125,28.955123901367188
13.7734375,28.938949584960938
13.7890625,28.957687377929688
13.8046875,28.947036743164062
13.8203125,28.948867797851562
13.8359375,28.933074951171875
13.8515625,28.929397583007812
13.8671875,28.927566528320312
13.8828125,28.933074951171875
13.8984375,28.931228637695312
13.9140625,28.914337158203125
13.9296875,28.921676635742188
13.9453125,28.92461395263672
13.9609375,28.900733947753906
13.9765625,28.894851684570312
13.9921875,28.893020629882812
14.0078125,28.882362365722656
14.0234375,28.882362365722656
14.0390625,28.896324157714844
14.0546875,28.886032104492188
14.0703125,28.88567352294922
14.0859375,28.877578735351562
14.1015625,28.883468627929688
14.1171875,28.87169647216797
14.1328125,28.8702392578125
14.1484375,28.863624572753906
14.1640625,28.85590362548828
14.1796875,28.85149383544922
14.1953125,28.868392944335938
14.2109375,28.863624572753906
14.2265625,28.85149383544922
14.2421875,28.847816467285156
14.2578125,28.85260009765625
14.2734375,28.85149383544922
14.2890625,28.845237731933594
14.3046875,28.85333251953125
14.3203125,28.85480499267578
14.3359375,28.848922729492188
14.3515625,28.850753784179688
14.3671875,28.844512939453125
14.3828125,28.839370727539062
14.3984375,28.85480499267578
14.4140625,28.8367919921875
14.4296875,28.848190307617188
14.4453125,28.832008361816406
14.4609375,28.835693359375
14.4765625,28.843780517578125
14.4921875,28.832008361816406
14.5078125,28.822463989257812
14.5234375,28.8375244140625
14.5390625,28.830551147460938
14.5546875,28.82318878173828
14.5703125,28.826873779296875
14.5859375,28.830177307128906
14.6015625,28.835693359375
14.6171875,28.828704833984375
14.6328125,28.838623046875
14.6484375,28.830177307128906
14.6640625,28.840103149414062
14.6796875,28.830177307128906
14.6953125,28.851852416992188
14.7109375,28.825035095214844
14.7265625,28.8360595703125
14.7421875,28.835693359375
14.7578125,28.83972930908203
14.7734375,28.8375244140625
14.7890625,28.83641815185547
14.8046875,28.85149383544922
14.8203125,28.858108520507812
14.8359375,28.85480499267578
14.8515625,28.85590362548828
14.8671875,28.860313415527344
14.8828125,28.877578735351562
14.8984375,28.859573364257812
14.9140625,28.85663604736328
14.9296875,28.875747680664062
14.9453125,28.875381469726562
14.9609375,28.875747680664062
14.9765625,28.88823699951172
14.9921875,28.886032104492188
15.0078125,28.901466369628906
15.0234375,28.90955352783203
15.0390625,28.916542053222656
15.0546875,28.914337158203125
15.0703125,28.920204162597656
15.0859375,28.92646026611328
15.1015625,28.933433532714844
15.1171875,28.94300079345703
15.1328125,28.942626953125
15.1484375,28.95879364013672
15.1640625,28.96099853515625
15.1796875,28.969459533691406
15.1953125,28.987098693847656
15.2109375,28.991134643554688
15.2265625,28.99481201171875
15.2421875,28.987098693847656
15.2578125,28.985252380371094
15.2734375,28.99407196044922
15.2890625,29.01171112060547
15.3046875,28.999954223632812
15.3203125,29.008399963378906
15.3359375,29.01024627685547
15.3515625,29.021270751953125
15.3671875,29.027145385742188
15.3828125,29.02861785888672
15.3984375,29.035606384277344
15.4140625,29.038909912109375
15.4296875,29.045883178710938
15.4453125,29.046630859375
15.4609375,29.054344177246094
15.4765625,29.0477294921875
15.4921875,29.040374755859375
15.5078125,29.0484619140625
15.5234375,29.05139923095703
15.5390625,29.051040649414062
15.5546875,29.041847229003906
15.5703125,29.03229522705078
15.5859375,29.04552459716797
15.6015625,29.038543701171875
15.6171875,29.0477294921875
15.6328125,29.02788543701172
15.6484375,29.023101806640625
15.6640625,29.03229522705078
15.6796875,29.035606384277344
15.6953125,29.027145385742188
15.7109375,29.023475646972656
15.7265625,29.0113525390625
15.7421875,29.007675170898438
15.7578125,29.002159118652344
15.7734375,28.990402221679688
15.7890625,29.003990173339844
15.8046875,28.99150848388672
15.8203125,28.987098693847656
15.8359375,28.987098693847656
15.8515625,28.985252380371094
15.8671875,28.971290588378906
15.8828125,28.973495483398438
15.8984375,28.970184326171875
15.9140625,28.96099853515625
15.9296875,28.963943481445312
15.9453125,28.969459533691406
15.9609375,28.96430206298828
15.9765625,28.965408325195312
15.9921875,28.947036743164062
16.0078125,28.938949584960938
16.0234375,28.949974060058594
16.0390625,28.94225311279297
16.0546875,28.94300079345703
16.0703125,28.934906005859375
16.0859375,28.940048217773438
16.1015625,28.9415283203125
16.1171875,28.93859100341797
16.1328125,28.931976318359375
16.1484375,28.945205688476562
16.1640625,28.938949584960938
16.1796875,28.92572021484375
16.1953125,28.916168212890625
16.2109375,28.928665161132812
16.2265625,28.90514373779297
16.2421875,28.922409057617188
16.2578125,28.92095184326172
16.2734375,29.098800659179688
16.2890625,29.09734344482422
16.3046875,29.106521606445312
16.3203125,29.108367919921875
16.3359375,29.107620239257812
16.3515625,29.110198974609375
16.3671875,29.124900817871094
16.3828125,29.114234924316406
16.3984375,29.110572814941406
16.4140625,29.116439819335938
16.4296875,29.116439819335938
16.4453125,29.110931396484375
16.4609375,29.08594512939453
16.4765625,29.106887817382812
16.4921875,29.108726501464844
16.5078125,29.093658447265625
16.5234375,29.10211181640625
16.5390625,29.08521270751953
16.5546875,29.095497131347656
16.5703125,29.072715759277344
16.5859375,29.071243286132812
16.6015625,29.05249786376953
16.6171875,29.06572723388672
16.6328125,29.057655334472656
16.6484375,29.055450439453125
16.6640625,29.051040649414062
16.6796875,29.055076599121094
16.6953125,29.042953491210938
16.7109375,29.03229522705078
16.7265625,29.038543701171875
16.7421875,29.03265380859375
16.7578125,29.024208068847656
16.7734375,29.027145385742188
16.7890625,29.01171112060547
16.8046875,29.008399963378906
16.8203125,29.01538848876953
16.8359375,29.01538848876953
16.8515625,29.002159118652344
16.8671875,28.990402221679688
16.8828125,28.988929748535156
16.8984375,28.99481201171875
16.9140625,28.990402221679688
16.9296875,28.990760803222656
16.9453125,28.968353271484375
16.9609375,28.973121643066406
16.9765625,28.969459533691406
16.9921875,28.973495483398438
17.0078125,28.974227905273438
17.0234375,28.95989227294922
17.0390625,28.974227905273438
17.0546875,28.96026611328125
17.0703125,28.965774536132812
17.0859375,28.953277587890625
17.1015625,28.96099853515625
17.1171875,28.955856323242188
17.1328125,28.952545166015625
17.1484375,28.947036743164062
17.1640625,28.943359375
17.1796875,28.928665161132812
17.1953125,28.930130004882812
17.2109375,28.917999267578125
17.2265625,28.9407958984375
17.2421875,28.929397583007812
17.2578125,28.935279846191406
17.2734375,28.935279846191406
17.2890625,28.931228637695312
17.3046875,28.930130004882812
17.3203125,28.931228637695312
17.3359375,28.917266845703125
17.3515625,28.90587615966797
17.3671875,28.90514373779297
17.3828125,28.900360107421875
17.3984375,28.90514373779297
17.4140625,28.901107788085938
17.4296875,28.899627685546875
17.4453125,28.90514373779297
17.4609375,28.884201049804688
17.4765625,28.881622314453125
17.4921875,28.884201049804688
17.5078125,28.879417419433594
17.5234375,28.886032104492188
17.5390625,28.894851684570312
17.5546875,28.902206420898438
17.5703125,28.90882110595703
17.5859375,28.899627685546875
17.6015625,28.899261474609375
17.6171875,28.902938842773438
17.6328125,28.899261474609375
17.6484375,28.901466369628906
17.6640625,28.902206420898438
17.6796875,28.921676635742188
17.6953125,28.900733947753906
17.7109375,28.916542053222656
17.7265625,28.92095184326172
17.7421875,28.917999267578125
17.7578125,28.930130004882812
17.7734375,28.94189453125
17.7890625,28.948867797851562
17.8046875,28.947036743164062
17.8203125,28.947036743164062
17.8359375,28.947036743164062
17.8515625,28.947769165039062
17.8671875,28.96099853515625
17.8828125,28.95806121826172
17.8984375,28.965408325195312
17.9140625,28.96430206298828
17.9296875,28.987457275390625
17.9453125,28.975326538085938
17.9609375,28.97753143310547
17.9765625,28.99848175048828
17.9921875,28.999221801757812
18.0078125,28.99260711669922
18.0234375,28.99481201171875
18.0390625,29.01612091064453
18.0546875,29.023475646972656
18.0703125,29.02678680419922
18.0859375,29.023834228515625
18.1015625,29.03192138671875
18.1171875,29.038909912109375
18.1328125,29.037063598632812
18.1484375,29.041473388671875
18.1640625,29.041847229003906
18.1796875,29.041473388671875
18.1953125,29.045150756835938
18.2109375,29.045150756835938
18.2265625,29.037063598632812
18.2421875,29.052139282226562
18.2578125,29.051040649414062
18.2734375,29.052871704101562
18.2890625,29.053970336914062
18.3046875,29.05249786376953
18.3203125,29.04698944091797
18.3359375,29.059112548828125
18.3515625,29.04625701904297
18.3671875,29.038169860839844
18.3828125,29.043319702148438
18.3984375,29.034500122070312
18.4140625,29.02678680419922
18.4296875,29.026039123535156
18.4453125,29.03265380859375
18.4609375,29.01024627685547
18.4765625,29.023475646972656
18.4921875,29.004737854003906
18.5078125,29.015762329101562
18.5234375,29.01355743408203
18.5390625,28.99737548828125
18.5546875,28.99150848388672
18.5703125,28.99260711669922
18.5859375,28.979736328125
18.6015625,28.97937774658203
18.6171875,28.9779052734375
18.6328125,28.979736328125
18.6484375,28.967254638671875
18.6640625,28.990402221679688
18.6796875,28.973495483398438
18.6953125,28.97570037841797
18.7109375,28.971664428710938
18.7265625,28.96063995361328
18.7421875,28.973495483398438
18.7578125,28.963943481445312
18.7734375,28.96247100830078
18.7890625,28.96430206298828
18.8046875,28.952919006347656
18.8203125,28.951446533203125
18.8359375,28.954383850097656
18.8515625,28.96026611328125
18.8671875,28.955856323242188
18.8828125,28.95623016357422
18.8984375,28.949615478515625
18.9140625,28.934539794921875
18.9296875,28.937118530273438
18.9453125,28.934906005859375
18.9609375,28.934181213378906
18.9765625,28.940048217773438
18.9921875,28.929397583007812
19.0078125,28.917266845703125
19.0234375,28.912490844726562
19.0390625,28.92461395263672
19.0546875,28.91028594970703
19.0703125,28.9066162109375
19.0859375,28.912490844726562
19.1015625,28.912132263183594
19.1171875,28.903671264648438
19.1328125,28.897796630859375
19.1484375,28.9073486328125
19.1640625,28.899627685546875
19.1796875,28.90882110595703
19.1953125,28.883827209472656
19.2109375,28.894851684570312
19.2265625,28.88750457763672
19.2421875,28.876853942871094
19.2578125,28.897056579589844
19.2734375,28.88861083984375
19.2890625,28.8739013671875
19.3046875,28.8702392578125
19.3203125,28.868392944335938
19.3359375,28.877578735351562
19.3515625,28.876853942871094
19.3671875,28.860313415527344
19.3828125,28.859214782714844
19.3984375,28.863624572753906
19.4140625,28.8720703125
19.4296875,28.876853942871094
19.4453125,28.868759155273438
19.4609375,28.863983154296875
19.4765625,28.874649047851562
19.4921875,28.884201049804688
19.5078125,28.875747680664062
19.5234375,28.881263732910156
19.5390625,28.87500762939453
19.5546875,28.896324157714844
19.5703125,28.89191436767578
19.5859375,28.884201049804688
19.6015625,28.896697998046875
19.6171875,28.883468627929688
19.6328125,28.90331268310547
19.6484375,28.903671264648438
19.6640625,28.897430419921875
19.6796875,28.89191436767578
19.6953125,28.901107788085938
19.7109375,28.904037475585938
19.7265625,28.90331268310547
19.7421875,28.915069580078125
19.7578125,28.930130004882812
19.7734375,28.919845581054688
19.7890625,28.92315673828125
19.8046875,28.928298950195312
19.8203125,28.922409057617188
19.8359375,28.935279846191406
19.8515625,28.945205688476562
19.8671875,28.945205688476562
19.8828125,28.943359375
19.8984375,28.946304321289062
19.9140625,28.938949584960938
19.9296875,28.943359375
19.9453125,28.952178955078125
19.9609375,28.96099853515625
19.9765625,28.95989227294922
19.9921875,28.95623016357422
20.0078125,28.965774536132812
20.0234375,28.972396850585938
20.0390625,28.96099853515625
20.0546875,28.96099853515625
20.0703125,28.96099853515625
20.0859375,28.962844848632812
20.1015625,28.965049743652344
20.1171875,28.983413696289062
20.1328125,28.970184326171875
20.1484375,28.969459533691406
20.1640625,28.975326538085938
20.1796875,28.979736328125
20.1953125,28.983413696289062
20.2109375,28.969459533691406
20.2265625,28.97643280029297
20.2421875,28.97753143310547
20.2578125,28.969459533691406
20.2734375,28.990402221679688
20.2890625,28.975326538085938
20.3046875,28.973495483398438
20.3203125,28.983413696289062
20.3359375,28.969818115234375
20.3515625,28.969459533691406
20.3671875,28.973495483398438
20.3828125,28.983787536621094
20.3984375,28.969459533691406
20.4140625,28.979736328125
20.4296875,28.979736328125
20.4453125,28.968353271484375
20.4609375,28.96430206298828
20.4765625,28.971664428710938
20.4921875,28.971664428710938
20.5078125,28.963577270507812
20.5234375,28.96026611328125
20.5390625,28.96099853515625
20.5546875,28.955856323242188
20.5703125,28.96026611328125
20.5859375,28.963577270507812
20.6015625,28.966148376464844
20.6171875,28.953277587890625
20.6328125,28.952178955078125
20.6484375,28.949615478515625
20.6640625,28.96430206298828
20.6796875,28.952178955078125
20.6953125,28.955856323242188
20.7109375,28.947036743164062
20.7265625,28.947036743164062
20.7421875,28.945205688476562
20.7578125,28.952545166015625
20.7734375,28.938949584960938
20.7890625,28.945938110351562
20.8046875,28.952919006347656
20.8203125,28.931228637695312
20.8359375,28.929397583007812
20.8515625,28.9437255859375
20.8671875,28.945205688476562
20.8828125,28.930130004882812
20.8984375,28.92646026611328
20.9140625,28.92681884765625
20.9296875,28.92315673828125
20.9453125,28.940048217773438
20.9609375,28.92608642578125
20.9765625,28.917999267578125
20.9921875,28.92095184326172
21.0078125,28.917266845703125
21.0234375,28.934181213378906
21.0390625,28.92095184326172
21.0546875,28.914337158203125
21.0703125,28.88750457763672
21.0859375,28.912490844726562
21.1015625,28.90955352783203
21.1171875,28.90514373779297
21.1328125,28.90514373779297
21.1484375,28.899261474609375
21.1640625,28.896697998046875
21.1796875,28.88750457763672
21.1953125,28.883827209472656
21.2109375,28.88750457763672
21.2265625,28.899261474609375
21.2421875,28.882362365722656
21.2578125,28.90772247314453
21.2734375,28.883094787597656
21.2890625,28.88823699951172
21.3046875,28.884201049804688
21.3203125,28.87610626220703
21.3359375,28.88567352294922
21.3515625,28.879791259765625
21.3671875,28.879058837890625
21.3828125,28.875747680664062
21.3984375,28.8739013671875
21.4140625,28.88677215576172
21.4296875,28.87244415283203
21.4453125,28.879058837890625
21.4609375,28.879058837890625
21.4765625,28.884201049804688
21.4921875,28.878311157226562
21.5078125,28.87610626220703
21.5234375,28.875381469726562
21.5390625,28.87059783935547
21.5546875,28.869491577148438
21.5703125,28.8739013671875
21.5859375,28.874649047851562
21.6015625,28.874649047851562
21.6171875,28.882362365722656
21.6328125,28.877578735351562
21.6484375,28.88750457763672
21.6640625,28.895950317382812
21.6796875,28.894851684570312
21.6953125,28.916900634765625
21.7109375,28.916900634765625
21.7265625,28.938949584960938
21.7421875,28.92498779296875
21.7578125,28.94189453125
21.7734375,28.955123901367188
21.7890625,28.955482482910156
21.8046875,28.973495483398438
21.8203125,28.971290588378906
21.8359375,28.990402221679688
21.8515625,28.990760803222656
21.8671875,29.007675170898438
21.8828125,29.036705017089844
21.8984375,29.045883178710938
21.9140625,29.044784545898438
21.9296875,29.055076599121094
21.9453125,29.072715759277344
21.9609375,29.08411407470703
21.9765625,29.08521270751953
21.9921875,29.095497131347656
22.0078125,29.108726501464844
22.0234375,29.112403869628906
22.0390625,29.124526977539062
22.0546875,29.1190185546875
22.0703125,29.13555908203125
22.0859375,29.140335083007812
22.1015625,29.13555908203125
22.1171875,29.141799926757812
22.1328125,29.148788452148438
22.1484375,29.166427612304688
22.1640625,29.150985717773438
22.1796875,29.185897827148438
22.1953125,29.184066772460938
22.2109375,29.184066772460938
22.2265625,29.168624877929688
22.2421875,29.180023193359375
22.2578125,29.17156219482422
22.2734375,29.174514770507812
22.2890625,29.186996459960938
22.3046875,29.1888427734375
22.3203125,29.185165405273438
22.3359375,29.174514770507812
22.3515625,29.169357299804688
22.3671875,29.186996459960938
22.3828125,29.187744140625
22.3984375,29.187744140625
22.4140625,29.1895751953125
22.4296875,29.185165405273438
22.4453125,29.174514770507812
22.4609375,29.17303466796875
22.4765625,29.186996459960938
22.4921875,29.16790008544922
22.5078125,29.17266845703125
22.5234375,29.160537719726562
22.5390625,29.163490295410156
22.5546875,29.141799926757812
22.5703125,29.161643981933594
22.5859375,29.1531982421875
22.6015625,29.139968872070312
22.6171875,29.130775451660156
22.6328125,29.141799926757812
22.6484375,29.13628387451172
22.6640625,29.12305450439453
22.6796875,29.126365661621094
22.6953125,29.1190185546875
22.7109375,29.10541534423828
22.7265625,29.114608764648438
22.7421875,29.108726501464844
22.7578125,29.095497131347656
22.7734375,29.108726501464844
22.7890625,29.108726501464844
22.8046875,29.08336639404297
22.8203125,29.070884704589844
22.8359375,29.08521270751953
22.8515625,29.071983337402344
22.8671875,29.077125549316406
22.8828125,29.061317443847656
22.8984375,29.061691284179688
22.9140625,29.061691284179688
22.9296875,29.043678283691406
22.9453125,29.05029296875
22.9609375,29.055076599121094
22.9765625,29.056182861328125
22.9921875,29.046630859375
23.0078125,29.039268493652344
23.0234375,29.035232543945312
23.0390625,29.03155517578125
23.0546875,29.026412963867188
23.0703125,29.025314331054688
23.0859375,29.023475646972656
23.1015625,29.023475646972656
23.1171875,29.004737854003906
23.1328125,29.003990173339844
23.1484375,29.004737854003906
23.1640625,28.99848175048828
23.1796875,28.99150848388672
23.1953125,28.990402221679688
23.2109375,28.983787536621094
23.2265625,28.9779052734375
23.2421875,28.97753143310547
23.2578125,28.973495483398438
23.2734375,28.979736328125
23.2890625,28.973495483398438
23.3046875,28.96247100830078
23.3203125,28.956954956054688
23.3359375,28.96099853515625
23.3515625,28.95623016357422
23.3671875,28.955856323242188
23.3828125,28.949615478515625
23.3984375,28.95879364013672
23.4140625,28.955482482910156
23.4296875,28.96099853515625
23.4453125,28.949615478515625
23.4609375,28.96099853515625
23.4765625,28.949974060058594
23.4921875,28.952919006347656
23.5078125,28.945938110351562
23.5234375,28.948135375976562
23.5390625,28.943359375
23.5546875,28.936386108398438
23.5703125,28.931976318359375
23.5859375,28.931228637695312
23.6015625,28.92646026611328
23.6171875,28.92461395263672
23.6328125,28.931228637695312
23.6484375,28.92315673828125
23.6640625,28.933074951171875
23.6796875,28.912857055664062
23.6953125,28.92388916015625
23.7109375,28.912857055664062
23.7265625,28.931228637695312
23.7421875,28.927566528320312
23.7578125,28.921676635742188
23.7734375,28.933433532714844
23.7890625,28.92425537109375
23.8046875,28.917999267578125
23.8203125,28.92646026611328
23.8359375,28.916900634765625
23.8515625,28.92646026611328
23.8671875,28.933074951171875
23.8828125,28.947036743164062
23.8984375,28.933074951171875
23.9140625,28.930130004882812
23.9296875,28.947036743164062
23.9453125,28.949615478515625
23.9609375,28.949974060058594
23.9765625,28.943359375
23.9921875,28.945205688476562
24.0078125,28.945205688476562
24.0234375,28.942626953125
24.0390625,28.937843322753906
24.0546875,28.938949584960938
24.0703125,28.952919006347656
24.0859375,28.942626953125
24.1015625,28.949615478515625
24.1171875,28.943359375
24.1328125,28.945938110351562
24.1484375,28.9407958984375
24.1640625,28.951446533203125
24.1796875,28.934906005859375
24.1953125,28.952545166015625
24.2109375,28.948867797851562
24.2265625,28.951446533203125
24.2421875,28.95879364013672
24.2578125,28.948509216308594
24.2734375,28.95879364013672
24.2890625,28.95989227294922
24.3046875,28.955123901367188
24.3203125,28.95732879638672
24.3359375,28.965774536132812
24.3515625,28.968711853027344
24.3671875,28.9771728515625
24.3828125,28.965774536132812
24.3984375,28.95623016357422
24.4140625,28.956954956054688
24.4296875,28.96099853515625
24.4453125,28.949615478515625
24.4609375,28.96173858642578
24.4765625,28.95623016357422
24.4921875,28.972763061523438
24.5078125,28.968711853027344
24.5234375,28.9779052734375
24.5390625,28.95623016357422
24.5546875,28.955123901367188
24.5703125,28.95953369140625
24.5859375,28.955482482910156
24.6015625,28.963943481445312
24.6171875,28.96173858642578
24.6328125,28.954383850097656
24.6484375,28.952545166015625
24.6640625,28.952178955078125
24.6796875,28.954025268554688
24.6953125,28.948135375976562
24.7109375,28.947036743164062
24.7265625,28.945938110351562
24.7421875,28.947036743164062
24.7578125,28.938949584960938
24.7734375,28.938949584960938
24.7890625,28.943359375
24.8046875,28.937118530273438
24.8203125,28.945938110351562
24.8359375,28.945938110351562
24.8515625,28.940048217773438
24.8671875,28.92681884765625
24.8828125,28.931228637695312
24.8984375,28.93859100341797
24.9140625,28.935279846191406
24.9296875,28.930130004882812
24.9453125,28.940048217773438
24.9609375,28.927566528320312
24.9765625,28.931228637695312
24.9921875,28.922409057617188
25.0078125,28.945938110351562
25.0234375,28.929397583007812
25.0390625,28.917999267578125
25.0546875,28.915069580078125
25.0703125,28.915069580078125
25.0859375,28.917266845703125
25.1015625,28.928298950195312
25.1171875,28.920204162597656
25.1328125,28.920204162597656
25.1484375,28.911026000976562
25.1640625,28.914337158203125
25.1796875,28.916542053222656
25.1953125,28.920204162597656
25.2109375,28.917266845703125
25.2265625,28.914337158203125
25.2421875,28.913230895996094
25.2578125,28.903671264648438
25.2734375,28.903671264648438
25.2890625,28.90697479248047
25.3046875,28.920204162597656
25.3203125,28.914337158203125
25.3359375,28.90587615966797
25.3515625,28.90587615966797
25.3671875,28.90331268310547
25.3828125,28.902938842773438
25.3984375,28.896697998046875
25.4140625,28.894851684570312
25.4296875,28.914337158203125
25.4453125,28.904037475585938
25.4609375,28.903671264648438
25.4765625,28.898902893066406
25.4921875,28.899627685546875
25.5078125,28.899261474609375
25.5234375,28.894851684570312
25.5390625,28.902206420898438
25.5546875,28.916542053222656
25.5703125,28.90697479248047
25.5859375,28.894851684570312
25.6015625,28.9073486328125
25.6171875,28.90514373779297
25.6328125,28.89044189453125
25.6484375,28.899261474609375
25.6640625,28.90955352783203
25.6796875,28.91028594970703
25.6953125,28.916900634765625
25.7109375,28.920204162597656
25.7265625,28.917266845703125
25.7421875,28.914337158203125
25.7578125,28.929397583007812
25.7734375,28.917266845703125
25.7890625,28.916168212890625
25.8046875,28.94189453125
25.8203125,28.9407958984375
25.8359375,28.9415283203125
25.8515625,28.945205688476562
25.8671875,28.935638427734375
25.8828125,28.943359375
25.8984375,28.955123901367188
25.9140625,28.96099853515625
25.9296875,28.963943481445312
25.9453125,28.96026611328125
25.9609375,28.95879364013672
25.9765625,28.973495483398438
25.9921875,28.97827911376953
26.0078125,28.96430206298828
26.0234375,28.9779052734375
26.0390625,28.979736328125
26.0546875,28.987098693847656
26.0703125,28.969459533691406
26.0859375,28.990760803222656
26.1015625,28.981582641601562
26.1171875,28.987098693847656
26.1328125,29.004737854003906
26.1484375,28.990760803222656
26.1640625,29.002159118652344
26.1796875,29.01024627685547
26.1953125,29.01538848876953
26.2109375,29.016860961914062
26.2265625,29.01538848876953
26.2421875,29.021629333496094
26.2578125,29.016860961914062
26.2734375,29.01538848876953
26.2890625,29.020172119140625
26.3046875,29.016860961914062
26.3203125,29.01612091064453
26.3359375,29.01612091064453
26.3515625,29.02935028076172
26.3671875,29.019424438476562
26.3828125,29.02788543701172
26.3984375,29.022003173828125
26.4140625,29.027511596679688
26.4296875,29.02935028076172
26.4453125,29.02678680419922
26.4609375,29.023101806640625
26.4765625,29.023475646972656
26.4921875,29.01024627685547
26.5078125,29.01538848876953
26.5234375,29.01280975341797
26.5390625,29.028244018554688
26.5546875,29.0113525390625
26.5703125,29.01612091064453
26.5859375,29.01612091064453
26.6015625,29.01355743408203
26.6171875,29.023834228515625
26.6328125,29.002159118652344
26.6484375,29.01171112060547
26.6640625,28.998123168945312
26.6796875,28.983047485351562
26.6953125,28.990760803222656
26.7109375,29.009872436523438
26.7265625,29.003990173339844
26.7421875,28.990402221679688
26.7578125,28.983413696289062
26.7734375,28.98194122314453
26.7890625,28.987098693847656
26.8046875,28.982688903808594
26.8203125,28.969459533691406
26.8359375,28.972396850585938
26.8515625,28.973495483398438
26.8671875,28.963943481445312
26.8828125,28.9779052734375
26.8984375,28.9771728515625
26.9140625,28.96209716796875
26.9296875,28.9779052734375
26.9453125,28.96430206298828
26.9609375,28.96430206298828
26.9765625,28.96247100830078
26.9921875,28.95843505859375
27.0078125,28.966148376464844
27.0234375,28.96063995361328
27.0390625,28.96099853515625
27.0546875,28.957687377929688
27.0703125,28.949974060058594
27.0859375,28.95916748046875
27.1015625,28.96063995361328
27.1171875,28.949241638183594
27.1328125,28.96320343017578
27.1484375,28.9437255859375
27.1640625,28.955123901367188
27.1796875,28.96063995361328
27.1953125,28.943359375
27.2109375,28.95732879638672
27.2265625,28.955123901367188
27.2421875,28.952919006347656
27.2578125,28.945205688476562
27.2734375,28.9444580078125
27.2890625,28.945205688476562
27.3046875,28.94300079345703
27.3203125,28.933074951171875
27.3359375,28.945938110351562
27.3515625,28.947036743164062
27.3671875,28.947036743164062
27.3828125,28.954383850097656
27.3984375,28.953277587890625
27.4140625,28.952178955078125
27.4296875,28.945205688476562
27.4453125,28.942626953125
27.4609375,28.951446533203125
27.4765625,28.951446533203125
27.4921875,28.947769165039062
27.5078125,28.948867797851562
27.5234375,28.955123901367188
27.5390625,28.948135375976562
27.5546875,28.945205688476562
27.5703125,28.947036743164062
27.5859375,28.948867797851562
27.6015625,28.949974060058594
27.6171875,28.951446533203125
27.6328125,28.96099853515625
27.6484375,28.953651428222656
27.6640625,28.95953369140625
27.6796875,28.951446533203125
27.6953125,28.96099853515625
27.7109375,28.96247100830078
27.7265625,28.952178955078125
27.7421875,28.963577270507812
27.7578125,28.951072692871094
27.7734375,28.96026611328125
27.7890625,28.969818115234375
27.8046875,28.967254638671875
27.8203125,28.96430206298828
27.8359375,28.967987060546875
27.8515625,28.972763061523438
27.8671875,28.969459533691406
27.8828125,28.97386932373047
27.8984375,28.971290588378906
27.9140625,28.983413696289062
27.9296875,28.97570037841797
27.9453125,28.97937774658203
27.9609375,28.985252380371094
27.9765625,28.969459533691406
27.9921875,28.988929748535156
28.0078125,28.99848175048828
28.0234375,29.003990173339844
28.0390625,28.999954223632812
28.0546875,28.985252380371094
28.0703125,29.01280975341797
28.0859375,29.004364013671875
28.1015625,29.006568908691406
28.1171875,29.007675170898438
28.1328125,29.003990173339844
28.1484375,29.01355743408203
28.1640625,29.009506225585938
28.1796875,29.01318359375
28.1953125,29.01097869873047
28.2109375,29.01612091064453
28.2265625,29.01318359375
28.2421875,29.004737854003906
28.2578125,29.01171112060547
28.2734375,29.01538848876953
28.2890625,29.016860961914062
28.3046875,29.016860961914062
28.3203125,29.01538848876953
28.3359375,28.999954223632812
28.3515625,29.01612091064453
28.3671875,28.99407196044922
28.3828125,29.002159118652344
28.3984375,29.01355743408203
28.4140625,28.99591827392578
28.4296875,29.0113525390625
28.4453125,29.01097869873047
28.4609375,29.008399963378906
28.4765625,29.001052856445312
28.4921875,29.01612091064453
28.5078125,29.003990173339844
28.5234375,28.989662170410156
28.5390625,28.988929748535156
28.5546875,28.990402221679688
28.5703125,28.97643280029297
28.5859375,28.99774932861328
28.6015625,28.991134643554688
28.6171875,28.97753143310547
28.6328125,28.987098693847656
28.6484375,28.991134643554688
28.6640625,28.9779052734375
28.6796875,28.992233276367188
28.6953125,28.9771728515625
28.7109375,28.991134643554688
28.7265625,28.991134643554688
28.7421875,28.97570037841797
28.7578125,28.983413696289062
28.7734375,28.96430206298828
28.7890625,28.97827911376953
28.8046875,28.973495483398438
28.8203125,28.968353271484375
28.8359375,28.96247100830078
28.8515625,28.965774536132812
28.8671875,28.96209716796875
28.8828125,28.956954956054688
28.8984375,28.95953369140625
28.9140625,28.95623016357422
28.9296875,28.967987060546875
28.9453125,28.973495483398438
28.9609375,28.953277587890625
28.9765625,28.95989227294922
28.9921875,28.955856323242188
29.0078125,28.95916748046875
29.0234375,28.95623016357422
29.0390625,28.952545166015625
29.0546875,28.953651428222656
29.0703125,28.955123901367188
29.0859375,28.96320343017578
29.1015625,28.95732879638672
29.1171875,28.94225311279297
29.1328125,28.949974060058594
29.1484375,28.949241638183594
29.1640625,28.947036743164062
29.1796875,28.949615478515625
29.1953125,28.942626953125
29.2109375,28.938949584960938
29.2265625,28.943359375
29.2421875,28.947036743164062
29.2578125,28.950714111328125
29.2734375,28.950714111328125
29.2890625,28.949974060058594
29.3046875,28.949974060058594
29.3203125,28.94189453125
29.3359375,28.952545166015625
29.3515625,28.954383850097656
29.3671875,28.955856323242188
29.3828125,28.96247100830078
29.3984375,28.947036743164062
29.4140625,28.952178955078125
29.4296875,28.95806121826172
29.4453125,28.965774536132812
29.4609375,28.972763061523438
29.4765625,28.971664428710938
29.4921875,28.96430206298828
29.5078125,28.972763061523438
29.5234375,28.991134643554688
29.5390625,28.974594116210938
29.5546875,28.987098693847656
29.5703125,28.999221801757812
29.5859375,29.002532958984375
29.6015625,29.002159118652344
29.6171875,29.01024627685547
29.6328125,29.025314331054688
29.6484375,29.024208068847656
29.6640625,29.037063598632812
29.6796875,29.03082275390625
29.6953125,29.042221069335938
29.7109375,29.041473388671875
29.7265625,29.053970336914062
29.7421875,29.06647491455078
29.7578125,29.069412231445312
29.7734375,29.071243286132812
29.7890625,29.077857971191406
29.8046875,29.080062866210938
29.8203125,29.10211181640625
29.8359375,29.09734344482422
29.8515625,29.104690551757812
29.8671875,29.104690551757812
29.8828125,29.13518524169922
29.8984375,29.127105712890625
29.9140625,29.13886260986328
29.9296875,29.148788452148438
29.9453125,29.150985717773438
29.9609375,29.161643981933594
29.9765625,29.161285400390625
29.9921875,29.17156219482422
30.0078125,29.176345825195312
30.0234375,29.180023193359375
30.0390625,29.179656982421875
30.0546875,29.193252563476562
30.0703125,29.1903076171875
30.0859375,29.202804565429688
30.1015625,29.210891723632812
30.1171875,29.20868682861328
30.1328125,29.201705932617188
30.1484375,29.203536987304688
30.1640625,29.201705932617188
30.1796875,29.199493408203125
30.1953125,29.200973510742188
30.2109375,29.195083618164062
30.2265625,29.20574188232422
30.2421875,29.200225830078125
30.2578125,29.199493408203125
30.2734375,29.1884765625
30.2890625,29.196563720703125
30.3046875,29.17340850830078
30.3203125,29.179283142089844
30.3359375,29.180755615234375
30.3515625,29.164215087890625
30.3671875,29.164215087890625
30.3828125,29.153564453125
30.3984375,29.156875610351562
30.4140625,29.162384033203125
30.4296875,29.147308349609375
30.4453125,29.148788452148438
30.4609375,29.13813018798828
30.4765625,29.141067504882812
30.4921875,29.121597290039062
30.5078125,29.110198974609375
30.5234375,29.09734344482422
30.5390625,29.095497131347656
30.5546875,29.08521270751953
30.5703125,29.08411407470703
30.5859375,29.07970428466797
30.6015625,29.08521270751953
30.6171875,29.07013702392578
30.6328125,29.074188232421875
30.6484375,29.071983337402344
30.6640625,29.076393127441406
30.6796875,29.056907653808594
30.6953125,29.059860229492188
30.7109375,29.055076599121094
30.7265625,29.052139282226562
