Time (seconds),right-pad,center-pad,down-pad,left-pad,top-pad
0.0166059,0.0,0.0,0.0,0.0,0.0
0.067585,0.0,0.0,0.0,0.0,0.0
0.1180174,0.0,0.0,0.0,0.0,0.0
0.1684229,0.0,0.0,0.0,0.0,0.0
0.2195821,0.0,0.0,0.0,0.0,0.0
0.2697582,0.0,0.0,0.0,0.0,0.0
0.3205535,0.0,0.0,0.0,0.0,0.0
0.3716395,0.0,0.0,0.0,0.0,0.0
0.4216568,0.0,0.0,0.0,0.0,0.0
0.4723237,0.0,0.0,0.0,0.0,0.0
0.5235665,0.0,0.0,0.0,0.0,0.0
0.5736527,0.0,0.0,0.0,0.0,0.0
0.6249301,0.0,0.0,0.0,0.0,0.0
0.6747079,0.0,0.0,0.0,0.0,0.0
0.7255921,0.0,0.0,0.0,0.0,0.0
0.7763135,0.0,0.0,0.0,0.0,0.0
0.8267295,0.0,0.0,0.0,0.0,0.0
0.8774288,0.0,0.0,0.0,0.0,0.0
0.9283848,0.0,0.0,0.0,0.0,0.0
0.9784195,0.0,0.0,0.0,0.0,0.0
1.0295653,0.0,0.0,0.0,0.0,0.0
1.0800099,0.0,0.0,0.0,0.0,0.0
1.1302271,0.0,0.0,0.0,0.0,0.0
1.181577,0.0,0.0,0.0,0.0,0.0
1.2316682,0.0,0.0,0.0,0.0,0.0
1.2822962,0.0,0.0,0.0,0.0,0.0
1.3330209,0.0,0.0,0.0,0.0,0.0
1.38363,0.0,0.0,0.0,0.0,0.0
1.4344931,0.0,0.0,0.0,0.0,0.0
1.4855535,0.0,0.0,0.0,0.0,0.0
1.5357394,0.0,0.0,0.0,0.0,0.0
1.586293,0.0,0.0,0.0,0.0,0.0
1.6367099,0.0,0.0,0.0,0.6288889,0.0
1.6880763,0.0,0.0,0.0911111,0.8555555,0.0
1.7386982,0.0,0.0,0.3,0.8844444,0.0
1.7887719,0.0,0.2488889,0.7333333,0.8866667,0.0
1.8400698,0.0,0.7533333,0.8288889,0.8866667,0.0
1.8899415,0.12,0.8311111,0.8422222,0.8888889,0.0
1.9405861,0.6377778,0.8422222,0.8422222,0.8888889,0.0
1.9916592,0.8244445,0.8422222,0.8422222,0.3933333,0.0
2.0422192,0.8466667,0.8422222,0.8444445,0.0,0.0
2.0931921,0.8488889,0.3,0.3466667,0.0,0.0
2.1441336,0.5066667,0.0,0.0,0.0,0.0
2.1945214,0.0844444,0.0,0.0,0.0,0.0
2.2449503,0.0,0.0,0.0,0.0,0.0
2.2953444,0.0,0.0,0.0,0.0,0.0
2.3467376,0.0,0.0,0.0,0.0,0.0
2.3968325,0.0,0.0,0.0,0.0,0.0
2.447511,0.0,0.0,0.0,0.0,0.0
2.4986074,0.0,0.0,0.0,0.0,0.0
2.5484538,0.0,0.0,0.0,0.0,0.0
2.6000063,0.0,0.0,0.0,0.0,0.0
2.6504226,0.0,0.0,0.0,0.0,0.0
2.7010393,0.0,0.0,0.0,0.0,0.0
2.7512658,0.0,0.0,0.0,0.0,0.0
2.8018022,0.0,0.0,0.0,0.0,0.0
2.8529091,0.0,0.0,0.0,0.0,0.0
2.9030895,0.0,0.0,0.0,0.0,0.0
2.9540827,0.0,0.0,0.0,0.0,0.0
3.0043945,0.0,0.0,0.0,0.0,0.0
3.0552742,0.0,0.0,0.0,0.0,0.0
3.1054187,0.0,0.0,0.0,0.0,0.0
3.1561654,0.0,0.0,0.0,0.0,0.0
3.2074862,0.0,0.0,0.0,0.0,0.0
3.2578685,0.0,0.0,0.0,0.0,0.0
3.3080192,0.0,0.0,0.0,0.0,0.0
3.3585937,0.0,0.0,0.0,0.1044444,0.0
3.4096789,0.0,0.0,0.0,0.3755555,0.0
3.4601753,0.0,0.0,0.0,0.8066667,0.0
3.5107446,0.0,0.0,0.0,0.8755556,0.0
3.5614541,0.0,0.0733333,0.0644444,0.8844444,0.0
3.6120992,0.0,0.4177778,0.1733333,0.8844444,0.0
3.6630051,0.0,0.7711111,0.5044444,0.8844444,0.0
3.7131593,0.0,0.8333333,0.7933334,0.8866667,0.0
3.7641695,0.0,0.84,0.8333333,0.8866667,0.0
3.8150823,0.0,0.84,0.8377778,0.8866667,0.0
3.8656995,0.1955556,0.84,0.8377778,0.8866667,0.0
3.9161148,0.5844445,0.8422222,0.8377778,0.86,0.0
3.9672892,0.8133333,0.8422222,0.84,0.4155556,0.0
4.0173752,0.8422222,0.8422222,0.84,0.0977778,0.0
4.0683596,0.8444445,0.7511111,0.84,0.0,0.0
4.1195326,0.8444445,0.1866667,0.6444445,0.0,0.0
4.1705043,0.5844445,0.0,0.1155556,0.0,0.0
4.2202692,0.0888889,0.0,0.0,0.0,0.0
4.2712307,0.0,0.0,0.0,0.0,0.0
4.3215332,0.0,0.0,0.0,0.0,0.0
4.3721538,0.0,0.0,0.0,0.0,0.0
4.4232111,0.0,0.0,0.0,0.0,0.0
4.4732676,0.0,0.0,0.0,0.0,0.0
4.52426,0.0,0.0,0.0,0.0,0.0
4.5750561,0.0,0.0,0.0,0.0,0.0
4.6250021,0.0,0.0,0.0,0.0,0.0
4.6764019,0.0,0.0,0.0,0.0,0.0
4.7262747,0.0,0.0,0.0,0.0,0.0
4.7774208,0.0,0.0,0.0,0.0,0.0
4.8283663,0.0,0.0,0.0,0.0,0.0
4.8785427,0.0,0.0,0.0,0.0,0.0
4.9296036,0.0,0.0,0.0,0.0,0.0
4.9807086,0.0,0.0,0.0,0.0,0.0
5.0308635,0.0,0.0,0.0,0.0,0.0
5.0811942,0.0,0.0,0.0,0.0,0.0
5.1323352,0.0,0.0,0.0,0.0,0.0
5.1826241,0.0,0.0,0.0,0.5577778,0.0
5.2334404,0.0,0.0,0.0711111,0.8422222,0.0
5.2835574,0.0,0.3088889,0.2333333,0.8777778,0.0
5.3344026,0.0,0.7511111,0.4222222,0.8822222,0.0
5.3857212,0.0,0.8288889,0.5911111,0.8822222,0.0
5.4361243,0.1555556,0.84,0.7955555,0.6755555,0.0
5.4868245,0.6711111,0.84,0.8333333,0.18,0.0
5.5373847,0.8244445,0.6622222,0.8377778,0.0,0.0
5.5885212,0.8422222,0.1555556,0.6844444,0.0,0.0
5.6388917,0.7911111,0.0,0.1511111,0.0,0.0
5.6899242,0.1555556,0.0,0.0,0.0,0.0
5.7401197,0.0,0.0,0.0,0.0,0.0
5.7908087,0.0,0.0,0.0,0.0,0.0
5.8413856,0.0,0.0,0.0,0.0,0.0
5.8921087,0.0,0.0,0.0,0.0,0.0
5.9431729,0.0,0.0,0.0,0.0,0.0
5.9935224,0.0,0.0,0.0,0.0,0.0
6.0437715,0.0,0.0,0.0,0.0,0.0
6.0948815,0.0,0.0,0.0,0.0,0.0
6.1456897,0.0,0.0,0.0,0.0,0.0
6.1955056,0.0,0.0,0.0,0.0,0.0
6.2469366,0.0,0.0,0.0,0.0,0.0
6.2970715,0.0,0.0,0.0,0.0,0.0
6.3476176,0.0,0.0,0.0,0.0,0.0
6.3986857,0.0,0.0,0.0,0.0,0.0
6.4496014,0.0,0.0,0.0,0.0,0.0
6.4997892,0.0,0.0,0.0,0.0,0.0
6.5500138,0.0,0.0,0.0,0.0,0.0
6.6006112,0.0,0.0,0.0,0.0,0.0
6.6519303,0.0,0.0,0.0,0.0,0.0
6.7019548,0.0,0.0,0.0,0.0,0.0
6.7529769,0.0,0.0,0.0,0.0,0.0
6.8033516,0.0,0.0,0.0,0.0,0.0
6.8540499,0.0,0.0,0.0,0.0,0.0
6.9052784,0.0,0.0,0.0,0.0,0.0
6.9557118,0.0,0.0,0.0,0.0,0.0
7.0063446,0.0,0.0,0.0688889,0.6866667,0.0
7.0566916,0.0,0.0,0.4711111,0.8577778,0.0
7.1072476,0.0,0.0,0.7866667,0.88,0.0
7.1584294,0.0,0.4755556,0.8311111,0.8822222,0.0
7.2089398,0.0,0.7933334,0.8355556,0.8822222,0.0
7.2598486,0.6155556,0.8333333,0.8355556,0.8044444,0.0
7.3095794,0.8177778,0.8377778,0.8355556,0.2822222,0.0
7.3606215,0.8422222,0.8377778,0.8377778,0.0688889,0.0
7.4113367,0.8444445,0.8377778,0.8377778,0.0,0.0
7.4616685,0.8444445,0.7911111,0.8377778,0.0,0.0
7.5131278,0.8466667,0.2555556,0.8333333,0.0,0.0
7.5637827,0.8466667,0.0,0.2288889,0.0,0.0
7.6143107,0.2777778,0.0,0.0,0.0,0.0
7.6649005,0.0,0.0,0.0,0.0,0.0
7.7161338,0.0,0.0,0.0,0.0,0.0
7.7658143,0.0,0.0,0.0,0.0,0.0
7.8168519,0.0,0.0,0.0,0.0,0.0
7.8677278,0.0,0.0,0.0,0.0,0.0
7.9184642,0.0,0.0,0.0,0.0,0.0
7.9692314,0.0,0.0,0.0,0.0,0.0
8.0191264,0.0,0.0,0.0,0.0,0.0
8.0700979,0.0,0.0,0.0,0.0,0.0
8.1205344,0.0,0.0,0.0,0.0,0.0
8.1715727,0.0,0.0,0.0,0.0,0.0
8.2222347,0.0,0.0,0.0,0.0,0.0
8.2721109,0.0,0.0,0.0,0.0,0.0
8.3226933,0.0,0.0,0.0,0.0,0.0
8.3737566,0.0,0.0,0.0,0.0,0.0
8.4245219,0.0,0.0,0.0,0.0,0.0
8.4754567,0.0,0.0,0.0,0.0,0.0
8.5255182,0.0,0.0,0.0,0.0,0.0
8.5762982,0.0,0.0,0.0,0.0,0.0
8.6266999,0.0,0.0,0.0,0.0,0.0
8.6776271,0.0,0.0,0.0,0.0,0.0
8.7287529,0.0,0.0,0.0,0.0,0.0
8.7786942,0.0,0.0,0.0,0.0,0.0
8.829062,0.0,0.0,0.0,0.0,0.0
8.8798163,0.0,0.0,0.0,0.0977778,0.0
8.9307492,0.0,0.0,0.0,0.6888889,0.0
8.9812462,0.0,0.0,0.0977778,0.8577778,0.0
9.0318625,0.0,0.5555556,0.5733333,0.8777778,0.0
9.0831969,0.0,0.8044444,0.8044444,0.88,0.0
9.1345043,0.2222222,0.8355556,0.8333333,0.88,0.0
9.1845102,0.7377778,0.8377778,0.8355556,0.5377778,0.0
9.2346578,0.8311111,0.8377778,0.8355556,0.0933333,0.0
9.2860932,0.8422222,0.6377778,0.6844444,0.0,0.0
9.3359904,0.8422222,0.1288889,0.1555556,0.0,0.0
9.3868825,0.4466667,0.0,0.0,0.0,0.0
9.4372759,0.0733333,0.0,0.0,0.0,0.0
9.4889877,0.0,0.0,0.0,0.0,0.0
9.5390863,0.0,0.0,0.0,0.0,0.0
9.5891514,0.0,0.0,0.0,0.0,0.0
9.6405609,0.0,0.0,0.0,0.0,0.0
9.691427,0.0,0.0,0.0,0.0,0.0
9.7414494,0.0,0.0,0.0,0.0,0.0
9.7924278,0.0,0.0,0.0,0.0,0.0
9.8425336,0.0,0.0,0.0,0.0,0.0
9.8936152,0.0,0.0,0.0,0.0,0.0
9.9439802,0.0,0.0,0.0,0.0,0.0
9.9942975,0.0,0.0,0.0,0.0,0.0
10.045433,0.0,0.0,0.0,0.0,0.0
10.0957682,0.0,0.0,0.0,0.0,0.0
10.146811,0.0,0.0,0.0,0.0,0.0
10.1971555,0.0,0.0,0.0,0.0,0.0
10.2477763,0.0,0.0,0.0,0.0,0.0
10.2982783,0.0,0.0,0.0,0.0,0.0
10.3495538,0.0,0.0,0.0,0.0,0.0
10.3998592,0.0,0.0,0.0,0.0,0.0
10.4500425,0.0,0.0,0.0,0.0,0.0
10.5008128,0.0,0.0,0.0,0.0,0.0
10.5516295,0.0,0.0,0.0,0.0,0.0
10.6028593,0.0,0.0,0.0,0.0,0.0
10.6529796,0.0,0.0,0.0,0.0822222,0.0
10.7039363,0.0,0.0,0.0,0.64,0.0
10.7548177,0.0,0.0,0.1022222,0.8511111,0.0
10.805268,0.0,0.4666667,0.6022222,0.8777778,0.0
10.8560624,0.0,0.7933334,0.8066667,0.88,0.0
10.9065483,0.0777778,0.8333333,0.8333333,0.88,0.0
10.9569747,0.4577778,0.8377778,0.8355556,0.8822222,0.0
11.0075815,0.7933334,0.8377778,0.8355556,0.6866667,0.0
11.0589974,0.8377778,0.8377778,0.8377778,0.1511111,0.0
11.109323,0.8422222,0.8333333,0.7488889,0.0,0.0
11.1592593,0.8422222,0.2244444,0.1888889,0.0,0.0
11.2104754,0.4511111,0.0,0.0,0.0,0.0
11.2614789,0.0688889,0.0,0.0,0.0,0.0
11.3113651,0.0,0.0,0.0,0.0,0.0
11.3625934,0.0,0.0,0.0,0.0,0.0
11.4136565,0.0,0.0,0.0,0.0,0.0
11.4636464,0.0,0.0,0.0,0.0,0.0
11.5147111,0.0,0.0,0.0,0.0,0.0
11.5650966,0.0,0.0,0.0,0.0,0.0
11.6152899,0.0,0.0,0.0,0.0,0.0
11.6665683,0.0,0.0,0.0,0.0,0.0
11.717629,0.0,0.0,0.0,0.0,0.0
11.7672806,0.0,0.0,0.0,0.0,0.0
11.8182425,0.0,0.0,0.0,0.0,0.0
11.8685408,0.0,0.0,0.0,0.0,0.0
11.9190958,0.0,0.0,0.0,0.0,0.0
11.9702795,0.0,0.0,0.0,0.0,0.0
12.0202832,0.0,0.0,0.0,0.0,0.0
12.0717154,0.0,0.0,0.0,0.0,0.0
12.1218646,0.0,0.0,0.0,0.0,0.0
12.1729221,0.0,0.0,0.0,0.0,0.0
12.22363,0.0,0.0,0.0,0.0,0.0
12.2740369,0.0,0.0,0.0,0.0,0.0
12.3245184,0.0,0.0,0.0,0.0,0.0
12.3750546,0.0,0.0,0.0,0.0,0.0
12.4255519,0.0,0.0,0.0,0.0,0.0
12.476078,0.0,0.0,0.0,0.0,0.0
12.5266514,0.0,0.0,0.0,0.0,0.0
12.5772529,0.0,0.0,0.0,0.0,0.0
12.6280842,0.0,0.0,0.0,0.0,0.0
12.6791403,0.0,0.0,0.0,0.0,0.0
12.7296295,0.0,0.0,0.0,0.0,0.0
12.7806807,0.0,0.0,0.0,0.0711111,0.0
12.8305035,0.0,0.0,0.0,0.6044444,0.0
12.8819175,0.0,0.0,0.18,0.8466667,0.0
12.932301,0.0,0.1688889,0.6844444,0.8777778,0.0
12.9826491,0.0,0.7377778,0.8155556,0.88,0.0
13.0335741,0.1911111,0.8266667,0.8311111,0.88,0.0
13.0847888,0.7333333,0.8377778,0.8333333,0.6244444,0.0
13.1349661,0.8288889,0.8377778,0.8333333,0.12,0.0
13.1858661,0.8422222,0.7044445,0.8355556,0.0,0.0
13.2363164,0.8422222,0.1533333,0.2755556,0.0,0.0
13.2870724,0.4155556,0.0,0.0,0.0,0.0
13.3377092,0.0666667,0.0,0.0,0.0,0.0
13.3887408,0.0,0.0,0.0,0.0,0.0
13.4395962,0.0,0.0,0.0,0.0,0.0
13.4901838,0.0,0.0,0.0,0.0,0.0
13.540751,0.0,0.0,0.0,0.0,0.0
13.5908794,0.0,0.0,0.0,0.0,0.0
13.6414917,0.0,0.0,0.0,0.0,0.0
13.6924522,0.0,0.0,0.0,0.0,0.0
13.7433393,0.0,0.0,0.0,0.0,0.0
13.7936821,0.0,0.0,0.0,0.0,0.0
13.8443897,0.0,0.0,0.0,0.0,0.0
13.8948066,0.0,0.0,0.0,0.0,0.0
13.9454272,0.0,0.0,0.0,0.0,0.0
13.9958313,0.0,0.0,0.0,0.0,0.0
14.0463121,0.0,0.0,0.0,0.0,0.0
14.0976241,0.0,0.0,0.0,0.0,0.0
14.1477232,0.0,0.0,0.0,0.0,0.0
14.1987913,0.0,0.0,0.0,0.0,0.0
14.2495058,0.0,0.0,0.0,0.0,0.0
14.2996824,0.0,0.0,0.0,0.0,0.0
14.3503628,0.0,0.0,0.0,0.0,0.0
14.4011023,0.0,0.0,0.0,0.0,0.0
14.4519317,0.0,0.0,0.0,0.0,0.0
14.5022218,0.0,0.0,0.0,0.0,0.0
14.5533307,0.0,0.0,0.0,0.0,0.0
14.6040649,0.0,0.0,0.0,0.0,0.0
14.6540246,0.0,0.0,0.0,0.0,0.0
14.7050984,0.0,0.0,0.0,0.0,0.0
14.7556987,0.0,0.0,0.0,0.0,0.0
14.8061695,0.0,0.0,0.0,0.0,0.0
14.8566976,0.0,0.0,0.0,0.0,0.0
14.9073873,0.0,0.0,0.0,0.0,0.0
14.9581387,0.0,0.0,0.0,0.0,0.0
15.0088575,0.0,0.0,0.0,0.0,0.0
15.0592201,0.0,0.0,0.0,0.3177778,0.0
15.1101327,0.0,0.0,0.0,0.8066667,0.0
15.1609464,0.0,0.2622222,0.0688889,0.8711111,0.0
15.2117002,0.0,0.7511111,0.2711111,0.88,0.0
15.2616208,0.0644444,0.8288889,0.5933333,0.88,0.0844444
15.3133276,0.6044444,0.8377778,0.7955555,0.7,0.1022222
15.364033,0.8133333,0.8377778,0.8288889,0.1444445,0.0755556
15.4143858,0.84,0.8155556,0.5511111,0.0,0.0
15.4650068,0.8422222,0.2333333,0.1266667,0.0,0.0
15.515645,0.4533333,0.0,0.0,0.0,0.0
15.5663049,0.0711111,0.0,0.0,0.0,0.0
15.6174288,0.0,0.0,0.0,0.0,0.0
15.6673009,0.0,0.0,0.0,0.0,0.0
15.7184942,0.0,0.0,0.0,0.0,0.0
15.7692535,0.0,0.0,0.0,0.0,0.0
15.8192596,0.0,0.0,0.0,0.0,0.0
15.8701272,0.0,0.0,0.0,0.0,0.0
15.9211721,0.0,0.0,0.0,0.0,0.0
15.9717124,0.0,0.0,0.0,0.0,0.0
16.021991,0.0,0.0,0.0,0.0,0.0
16.0732508,0.0,0.0,0.0,0.0,0.0
16.1234026,0.0,0.0,0.0,0.0,0.0
16.1744092,0.0,0.0,0.0,0.0,0.0
16.2250595,0.0,0.0,0.0,0.0,0.0
16.275295,0.0,0.0,0.0,0.0,0.0
16.3259573,0.0,0.0,0.0,0.0,0.0
16.3768134,0.0,0.0,0.0,0.0,0.0
16.4273591,0.0,0.0,0.0,0.0,0.0
16.4780293,0.0,0.0,0.0,0.0,0.0
16.5284204,0.0,0.0,0.0,0.0,0.0
16.5794575,0.0,0.0,0.0,0.0,0.0
16.6298094,0.0,0.0,0.0,0.0,0.0
16.6803455,0.0,0.0,0.0,0.0,0.0
16.7311523,0.0,0.0,0.0,0.0,0.0
16.7817938,0.0,0.0,0.0,0.0,0.0
16.8327501,0.0,0.0,0.0,0.0,0.0
16.8826416,0.0,0.0,0.0,0.0,0.0
16.9338934,0.0,0.0,0.0,0.0,0.0
16.984288,0.0,0.0,0.0,0.0,0.0
17.0351913,0.0,0.0,0.0,0.0,0.0
17.085433,0.0,0.0,0.0,0.0,0.0
17.1360977,0.0,0.0,0.0,0.0,0.0
17.1862569,0.0,0.0,0.0,0.6177778,0.0
17.2373109,0.0,0.0733333,0.3311111,0.8466667,0.0
17.2884023,0.0,0.6711111,0.7644445,0.8755556,0.0
17.338994,0.3288889,0.8177778,0.8266667,0.8533334,0.0
17.3891943,0.78,0.8355556,0.8333333,0.2355556,0.0
17.4398003,0.8355556,0.7266667,0.8333333,0.0,0.0
17.49103,0.8422222,0.1644444,0.4422222,0.0,0.0
17.5416749,0.84,0.0,0.08,0.0,0.0
17.5928886,0.1888889,0.0,0.0,0.0,0.0
17.6432018,0.0,0.0,0.0,0.0,0.0
17.6940465,0.0,0.0,0.0,0.0,0.0
17.7442148,0.0,0.0,0.0,0.0,0.0
17.7948005,0.0,0.0,0.0,0.0,0.0
17.8453996,0.0,0.0,0.0,0.0,0.0
17.8959143,0.0,0.0,0.0,0.0,0.0
17.9463944,0.0,0.0,0.0,0.0,0.0
17.9977696,0.0,0.0,0.0,0.0,0.0
18.0477879,0.0,0.0,0.0,0.0,0.0
18.0986533,0.0,0.0,0.0,0.0,0.0
18.1496055,0.0,0.0,0.0,0.0,0.0
18.1994512,0.0,0.0,0.0,0.0,0.0
18.2510889,0.0,0.0,0.0,0.0,0.0
18.3014314,0.0,0.0,0.0,0.0,0.0
18.3522098,0.0,0.0,0.0,0.0,0.0
18.4023709,0.0,0.0,0.0,0.0,0.0
18.4528213,0.0,0.0,0.0,0.0,0.0
18.5039666,0.0,0.0,0.0,0.0,0.0
18.5543907,0.0,0.0,0.0,0.0,0.0
18.6049848,0.0,0.0,0.0,0.0,0.0
18.6558015,0.0,0.0,0.0,0.0,0.0
18.7064722,0.0,0.0,0.0,0.0,0.0
18.7573714,0.0,0.0,0.0,0.0,0.0
18.8078089,0.0,0.0,0.0,0.0,0.0
18.8586633,0.0,0.0,0.0,0.0,0.0
18.9089253,0.0,0.0,0.0,0.0,0.0
18.9598434,0.0,0.0,0.0,0.0,0.0
19.0104821,0.0,0.0,0.0,0.0,0.0
19.0613344,0.0,0.0,0.0,0.0,0.0
19.1118138,0.0,0.0,0.0,0.0,0.0
19.1620054,0.0,0.0,0.0,0.0,0.0
19.2125938,0.0,0.0,0.0,0.0,0.0
19.2632163,0.0,0.0,0.0,0.0,0.0
19.3142989,0.0,0.0,0.0,0.0,0.0
19.3651476,0.0,0.0,0.0,0.0,0.0
19.414885,0.0,0.0,0.0,0.0,0.0
19.465785,0.0,0.0,0.0,0.1088889,0.0
19.5170755,0.0,0.0,0.0,0.42,0.0
19.5674706,0.0,0.0,0.0,0.8088889,0.0
19.6181326,0.0,0.0,0.1177778,0.8711111,0.0
19.6681473,0.0,0.4177778,0.6066667,0.8777778,0.0
19.7199183,0.0,0.7844445,0.8066667,0.8777778,0.0
19.77034,0.0,0.8311111,0.8311111,0.8777778,0.0
19.8202627,0.1377778,0.8355556,0.8333333,0.88,0.0
19.8713956,0.6111111,0.8355556,0.8333333,0.8177778,0.0
19.9222043,0.8133333,0.8355556,0.8288889,0.2555556,0.0822222
19.9729061,0.84,0.8377778,0.6355556,0.0,0.0755556
20.0234282,0.8422222,0.7377778,0.3088889,0.0,0.0
20.0740733,0.8422222,0.3733333,0.1244444,0.0,0.0
20.1248083,0.8444445,0.2222222,0.0844444,0.0,0.0
20.1758251,0.8444445,0.0777778,0.0,0.0,0.0
20.2265406,0.8444445,0.0,0.0,0.0,0.0
20.2772932,0.2133333,0.0,0.0,0.0,0.0
20.3276899,0.0,0.0,0.0,0.0,0.0
20.3780947,0.0,0.0,0.0,0.0,0.0
20.4293926,0.0,0.0,0.0,0.0,0.0
20.4792175,0.0,0.0,0.0,0.0,0.0
20.5302963,0.0,0.0,0.0,0.0,0.0
20.5811131,0.0,0.0,0.0,0.0,0.0
20.6312809,0.0,0.0,0.0,0.0,0.0
20.6820238,0.0,0.0,0.0,0.0,0.0
20.7331381,0.0,0.0,0.0,0.0,0.0
20.7837749,0.0,0.0,0.0,0.0,0.0
20.8344452,0.0,0.0,0.0,0.0,0.0
20.8850806,0.0,0.0,0.0,0.0,0.0
20.935904,0.0,0.0,0.0,0.0,0.0
20.9857161,0.0,0.0,0.0,0.0,0.0
21.0370033,0.0,0.0,0.0,0.0,0.0
21.0871775,0.0,0.0,0.0,0.0,0.0
21.1382694,0.0,0.0,0.0,0.0,0.0
21.1887858,0.0,0.0,0.0,0.0,0.0
21.2390506,0.0,0.0,0.0,0.0,0.0
21.2900274,0.0,0.0,0.0,0.0,0.0
21.3405311,0.0,0.0,0.0,0.0,0.0
21.3910508,0.0,0.0,0.0,0.0,0.0
21.4421561,0.0,0.0,0.0,0.0,0.0
21.4921322,0.0,0.0,0.0,0.0,0.0
21.5431039,0.0,0.0,0.0,0.0,0.0
21.5936942,0.0,0.0,0.0,0.0,0.0
21.6445587,0.0,0.0,0.0,0.0,0.0
21.695467,0.0,0.0,0.0,0.0,0.0
21.7455812,0.0,0.0,0.0,0.0,0.0
21.7964735,0.0,0.0,0.0,0.0,0.0
21.8469322,0.0,0.0,0.0,0.0,0.0
21.897424,0.0,0.0,0.0,0.0,0.0
21.948688,0.0,0.0,0.0,0.0,0.0
21.9996431,0.0,0.0,0.0,0.0,0.0
22.0492761,0.0,0.0,0.0,0.0,0.0
22.0998993,0.0,0.0,0.0,0.0,0.0
22.1504922,0.0,0.0,0.0,0.0,0.0
22.2016306,0.0,0.0,0.0,0.0,0.0
22.2523119,0.0,0.0,0.0,0.0,0.0
22.3025923,0.0,0.0,0.0,0.0,0.0
22.3539186,0.0,0.0,0.0,0.0,0.0
22.4041123,0.0,0.0,0.0,0.0,0.0
22.4542794,0.0,0.0,0.0,0.0,0.0
22.5054185,0.0,0.0,0.0,0.0,0.0
22.5559895,0.0,0.0,0.0,0.0,0.0
22.6066618,0.0,0.0,0.0,0.0,0.0
22.6571543,0.0,0.0,0.0,0.0,0.0
22.7075479,0.0,0.0,0.0,0.0,0.0
22.7590029,0.0,0.0,0.0,0.0,0.0
22.8090341,0.0,0.0,0.0,0.0,0.0
22.8599889,0.0,0.0,0.0,0.0,0.0
22.9109828,0.0,0.0,0.0,0.0,0.0
22.9610443,0.0,0.0,0.0,0.0,0.0
23.0113821,0.0,0.0,0.0,0.0688889,0.0
23.0629525,0.0,0.0,0.0,0.2088889,0.0
23.1133909,0.0,0.0,0.0,0.7533333,0.0
23.1639452,0.0,0.0,0.0,0.8622222,0.0
23.2146375,0.0,0.1066667,0.0,0.8777778,0.0
23.2650144,0.0,0.4288889,0.0777778,0.8777778,0.0
23.315583,0.0,0.7755556,0.2644444,0.8777778,0.0711111
23.3664639,0.0,0.8311111,0.5711111,0.88,0.0822222
23.4170234,0.0,0.8377778,0.7977778,0.88,0.0688889
23.4681079,0.2222222,0.8377778,0.8288889,0.88,0.0
23.5184758,0.6711111,0.8377778,0.8333333,0.88,0.0
23.5692251,0.8222222,0.84,0.8333333,0.62,0.0
23.6203973,0.84,0.84,0.8333333,0.1866667,0.0
23.6712005,0.8422222,0.7644445,0.8355556,0.0,0.0
23.7212143,0.8422222,0.16,0.6177778,0.0,0.0
23.7719605,0.74,0.0,0.1133333,0.0,0.0
23.8227048,0.1311111,0.0,0.0,0.0,0.0
23.8737543,0.0,0.0,0.0,0.0,0.0
23.9245682,0.0,0.0,0.0,0.0,0.0
23.9751654,0.0,0.0,0.0,0.0,0.0
24.0253043,0.0,0.0,0.0,0.0,0.0
24.0764735,0.0,0.0,0.0,0.0,0.0
24.1261773,0.0,0.0,0.0,0.0,0.0
24.1775277,0.0,0.0,0.0,0.0,0.0
24.2283897,0.0,0.0,0.0,0.0,0.0
24.2789714,0.0,0.0,0.0,0.0,0.0
24.3290124,0.0,0.0,0.0,0.0,0.0
24.3801982,0.0,0.0,0.0,0.0,0.0
24.4305007,0.0,0.0,0.0,0.0,0.0
24.4806366,0.0,0.0,0.0,0.0,0.0
24.5313358,0.0,0.0,0.0,0.0,0.0
24.5828817,0.0,0.0,0.0,0.0,0.0
24.6331933,0.0,0.0,0.0,0.0,0.0
24.6834912,0.0,0.0,0.0,0.0,0.0
24.7341542,0.0,0.0,0.0,0.0,0.0
24.784502,0.0,0.0,0.0,0.0,0.0
24.8355792,0.0,0.0,0.0,0.0,0.0
24.8863621,0.0,0.0,0.0,0.0,0.0
24.9370522,0.0,0.0,0.0,0.0,0.0
24.9880836,0.0,0.0,0.0,0.0,0.0
25.038043,0.0,0.0,0.0,0.0,0.0
25.0889904,0.0,0.0,0.0,0.0,0.0
25.1399837,0.0,0.0,0.0,0.0,0.0
25.1900499,0.0,0.0,0.0,0.0,0.0
25.2407641,0.0,0.0,0.0,0.0,0.0
25.2914879,0.0,0.0,0.0,0.0,0.0
