# Time (seconds),Pressure (normalized),Temp (normalized)
0.0078125,0.6410042898995536,0.47322845458984375
0.0234375,0.6410893031529025,0.47278747558593764
0.0390625,0.6410475231352306,0.473345947265625
0.0546875,0.6410667782738095,0.4731842041015625
0.0703125,0.6409356253487724,0.4732427978515625
0.0859375,0.6409759521484382,0.47337493896484373
0.1015625,0.6410849434988832,0.4731842041015625
0.1171875,0.6411136445545015,0.47337493896484373
0.1328125,0.6410137358165929,0.47337493896484373
0.1484375,0.6410384405226928,0.47302215576171874
0.1640625,0.6411398024786086,0.473316650390625
0.1796875,0.6410587855747761,0.47344879150390623
0.1953125,0.6410002935500372,0.4733016967773439
0.2109375,0.6411332629975819,0.4733016967773439
0.2265625,0.6410122825985857,0.47302215576171874
0.2421875,0.6410257248651414,0.47302215576171874
0.2578125,0.6410936628069189,0.47377197265625
0.2734375,0.6410191853841146,0.4735955810546875
0.2890625,0.6410417102632069,0.47337493896484373
0.3046875,0.6410028366815477,0.473345947265625
0.3203125,0.6409810384114584,0.473345947265625
0.3359375,0.6410558791387642,0.47387512207031235
0.3515625,0.6410638718377977,0.4736102294921875
0.3671875,0.6409846714564739,0.4735513305664064
0.3828125,0.6409872145879836,0.47344879150390623
0.3984375,0.6409290858677456,0.47344879150390623
0.4140625,0.6411176409040179,0.47305206298828123
0.4296875,0.6411299932570691,0.4739340209960938
0.4453125,0.6410039265950521,0.47362518310546875
0.4609375,0.6410173688616071,0.47403656005859374
0.4765625,0.6410057431175595,0.4733309936523439
0.4921875,0.640977042061942,0.47399230957031235
0.5078125,0.6409941173735119,0.4736102294921875
0.5234375,0.6410595121837798,0.473316650390625
0.5390625,0.6410478864397321,0.4741543579101561
0.5546875,0.6410246349516369,0.47387512207031235
0.5703125,0.6409316289992559,0.47368377685546875
0.5859375,0.6409821283249628,0.47380157470703127
0.6015625,0.6410442533947166,0.47375762939453125
0.6171875,0.6411041986374628,0.47350738525390623
0.6328125,0.6410754975818452,0.47375762939453125
0.6484375,0.6409298124767485,0.47337493896484373
0.6640625,0.6410137358165929,0.473316650390625
0.6796875,0.6410940261114211,0.4735513305664064
0.6953125,0.6409908476329985,0.473389892578125
0.7109375,0.6409279959542404,0.4736544799804687
0.7265625,0.6411060151599702,0.47403656005859374
0.7421875,0.6410478864397321,0.47408050537109375
0.7578125,0.6410308111281622,0.47344879150390623
0.7734375,0.6409686860584071,0.4735955810546875
0.7890625,0.6411376226515997,0.4739340209960938
0.8046875,0.6410606020972842,0.47350738525390623
0.8203125,0.6411358061290929,0.47387512207031235
0.8359375,0.6410562424432664,0.473419189453125
0.8515625,0.641099112374442,0.47399230957031235
0.8671875,0.6410046532040551,0.47380157470703127
0.8828125,0.6409839448474702,0.4735662841796875
0.8984375,0.6410700480143229,0.4736102294921875
0.9140625,0.6410417102632069,0.47319854736328126
0.9296875,0.6409930274600074,0.47377197265625
0.9453125,0.6410442533947166,0.47380157470703127
0.9609375,0.6410794939313617,0.4739340209960938
0.9765625,0.6409926641555059,0.47344879150390623
0.9921875,0.6410322643461681,0.4732723999023439
1.0078125,0.6413748604910714,0.47403656005859374
1.0234375,0.6415285382952008,0.4733309936523439
1.0390625,0.6424142746698289,0.47319854736328126
1.0546875,0.643174307686942,0.47358123779296873
1.0703125,0.6429127284458706,0.473463134765625
1.0859375,0.6439034598214286,0.47371337890625
1.1015625,0.6430605933779762,0.4738458251953124
1.1171875,0.64300537109375,0.47377197265625
1.1328125,0.6423677716936383,0.47374267578125
1.1484375,0.6431928362165179,0.47406616210937486
1.1640625,0.6429341634114584,0.4739630126953124
1.1796875,0.6432168143136168,0.4738897705078125
1.1953125,0.6435183570498512,0.47374267578125
1.2109375,0.6430151803152901,0.47344879150390623
1.2265625,0.642776125953311,0.4735955810546875
1.2421875,0.6428673153831845,0.47399230957031235
1.2578125,0.6439539591471354,0.47374267578125
1.2734375,0.6426199050176711,0.47390411376953123
1.2890625,0.6428106398809523,0.47428680419921876
1.3046875,0.6428945632207961,0.47387512207031235
1.3203125,0.6439238048735119,0.4736395263671875
1.3359375,0.6433476039341525,0.4734930419921875
1.3515625,0.6440033685593378,0.4734930419921875
1.3671875,0.6430326189313617,0.4739630126953124
1.3828125,0.6427118210565477,0.4739630126953124
1.3984375,0.642502194359189,0.47375762939453125
1.4140625,0.6429686773390997,0.47347808837890626
1.4296875,0.6432313464936763,0.4736102294921875
1.4453125,0.643294198172433,0.47387512207031235
1.4609375,0.6435296194893974,0.47347808837890626
1.4765625,0.6426831200009301,0.47344879150390623
1.4921875,0.6436084565662202,0.47337493896484373
1.5078125,0.6427532377697166,0.4732427978515625
1.5234375,0.6428404308500737,0.4732867431640624
1.5390625,0.6428658621651786,0.4734930419921875
1.5546875,0.6425090971447166,0.47337493896484373
1.5703125,0.6421163649786086,0.47294891357421875
1.5859375,0.6433624994187128,0.4731842041015625
1.6015625,0.6428854806082596,0.47344879150390623
1.6171875,0.6421497889927456,0.47344879150390623
1.6328125,0.6421919323149181,0.47305206298828123
1.6484375,0.6418199085053944,0.4735513305664064
1.6640625,0.6425348917643229,0.4729196166992187
1.6796875,0.6429919288271949,0.47337493896484373
1.6953125,0.6424546014694941,0.47344879150390623
1.7109375,0.6429505121140253,0.473345947265625
1.7265625,0.6423612322126117,0.47253723144531234
1.7421875,0.6431681315104166,0.47278747558593764
1.7578125,0.6426304408482143,0.4724639892578125
1.7734375,0.6429534185500372,0.4731103515625
1.7890625,0.6424651373000372,0.47294891357421875
1.8046875,0.6428466070265997,0.4731842041015625
1.8203125,0.6431096394856771,0.4731695556640624
1.8359375,0.6416971115838914,0.4728457641601561
1.8515625,0.6417777651832217,0.47322845458984375
1.8671875,0.6417261759440104,0.4736395263671875
1.8828125,0.6415223621186763,0.4734930419921875
1.8984375,0.6414166405087426,0.4731695556640624
1.9140625,0.6414159138997396,0.473345947265625
1.9296875,0.6413726806640618,0.4733016967773439
1.9453125,0.6413290841238832,0.47309600830078125
1.9609375,0.6413726806640618,0.47319854736328126
1.9765625,0.6413596017020096,0.4728457641601561
1.9921875,0.6413327171688988,0.4729196166992187
2.0078125,0.6412560599190849,0.47305206298828123
2.0234375,0.6413396199544271,0.47319854736328126
2.0390625,0.6412600562686012,0.4724346923828125
2.0546875,0.6412131899879092,0.4724346923828125
2.0703125,0.6412484305245536,0.47253723144531234
2.0859375,0.6412146432059151,0.47278747558593764
2.1015625,0.6412785847981771,0.4724346923828125
2.1171875,0.6411804925827753,0.47221405029296876
2.1328125,0.6412099202473952,0.4730078125
2.1484375,0.6412745884486607,0.4728457641601561
2.1640625,0.641204833984375,0.4729638671875
2.1796875,0.6412280854724702,0.47322845458984375
2.1953125,0.6412066505068824,0.47250793457031237
2.2109375,0.6412139165969122,0.4723904418945313
2.2265625,0.6411448887416294,0.47249298095703124
2.2421875,0.6412139165969122,0.4728457641601561
2.2578125,0.6412549700055811,0.47241973876953125
2.2734375,0.6411735897972477,0.4719638061523439
2.2890625,0.6411238170805431,0.4723165893554688
2.3046875,0.641189938499814,0.47256683349609374
2.3203125,0.6411154610770096,0.472052001953125
2.3359375,0.6412073771158854,0.47234649658203126
2.3515625,0.6411016555059523,0.4724346923828125
2.3671875,0.6411452520461309,0.47236083984375
2.3828125,0.6411939348493311,0.47240478515625
2.3984375,0.6411655970982143,0.47224334716796873
2.4140625,0.6410820370628714,0.471978759765625
2.4296875,0.6411637805757069,0.471905517578125
2.4453125,0.6410660516648072,0.4720669555664064
2.4609375,0.6411721365792404,0.4713320922851561
2.4765625,0.641068594796317,0.47224334716796873
2.4921875,0.6412171863374263,0.4718316650390624
2.5078125,0.6411863054547992,0.47186126708984377
2.5234375,0.6412400745210194,0.4718316650390624
2.5390625,0.6410754975818452,0.471905517578125
2.5546875,0.6410943894159227,0.47228759765625
2.5703125,0.6411005655924479,0.472052001953125
2.5859375,0.6411398024786086,0.47221405029296876
2.6015625,0.6411917550223214,0.47169921875
2.6171875,0.6411597842261905,0.471949462890625
2.6328125,0.6411314464750737,0.472022705078125
2.6484375,0.6411717732747396,0.4718316650390624
2.6640625,0.6411863054547992,0.471949462890625
2.6796875,0.6411634172712046,0.47221405029296876
2.6953125,0.6411703200567336,0.4724639892578125
2.7109375,0.6411779494512642,0.4720376586914064
2.7265625,0.6411321730840773,0.47228759765625
2.7421875,0.6411641438802084,0.47217010498046874
2.7578125,0.6411270868210572,0.4718316650390624
2.7734375,0.6412106468563988,0.4720376586914064
2.7890625,0.6412320818219867,0.47168487548828125
2.8046875,0.6418493361700142,0.4717584228515625
2.8203125,0.6424197242373512,0.47136138916015613
2.8359375,0.6423067365373883,0.4718316650390624
2.8515625,0.6429973783947166,0.4720819091796875
2.8671875,0.6428727649507069,0.4718316650390624
2.8828125,0.6423779442196801,0.47169921875
2.8984375,0.6440200805664062,0.47247863769531234
2.9140625,0.6436865670340401,0.471949462890625
2.9296875,0.6426965622674858,0.47224334716796873
2.9453125,0.6427830287388393,0.47234649658203126
2.9609375,0.6434569585890997,0.47221405029296876
2.9765625,0.6432662237258191,0.471949462890625
2.9921875,0.6432335263206845,0.4720376586914064
3.0078125,0.6424952915736607,0.4724346923828125
3.0234375,0.643362136114212,0.47250793457031237
3.0390625,0.6429853893461681,0.47272827148437485
3.0546875,0.6449457804361979,0.4729638671875
3.0703125,0.6423946562267485,0.4724346923828125
3.0859375,0.6430667695545015,0.47302215576171874
3.1015625,0.643117995489212,0.47253723144531234
3.1171875,0.643381027948288,0.4728457641601561
3.1328125,0.6427565075102306,0.47337493896484373
3.1484375,0.6425152733212426,0.4731842041015625
3.1640625,0.6424229939778646,0.4732135009765625
3.1796875,0.6430816650390618,0.47375762939453125
3.1953125,0.6440037318638393,0.473345947265625
3.2109375,0.6427350725446429,0.47344879150390623
3.2265625,0.6433944702148438,0.47344879150390623
3.2421875,0.6429683140345975,0.47344879150390623
3.2578125,0.6422813052222842,0.474051513671875
3.2734375,0.6421229044596354,0.4736102294921875
3.2890625,0.6438522338867188,0.47399230957031235
3.3046875,0.6421752203078497,0.4733309936523439
3.3203125,0.6438159034365699,0.47344879150390623
3.3359375,0.6436545962379092,0.47387512207031235
3.3515625,0.6425581432524181,0.47411041259765624
3.3671875,0.6427961077008929,0.47371337890625
3.3828125,0.643056960332962,0.4740954589843749
3.3984375,0.6428920200892857,0.47411041259765624
3.4140625,0.6439735775902158,0.47456573486328124
3.4296875,0.6434856596447166,0.4743450927734375
3.4453125,0.6435612269810261,0.47400726318359376
3.4609375,0.6431714012509301,0.4741986083984375
3.4765625,0.6425486973353794,0.47387512207031235
3.4921875,0.6421595982142857,0.47403656005859374
3.5078125,0.6421614147367931,0.47474212646484376
3.5234375,0.6417414347330729,0.47474212646484376
3.5390625,0.6420051938011533,0.47450714111328124
3.5546875,0.6416633242652523,0.47468353271484376
3.5703125,0.6417229062034977,0.47436004638671875
3.5859375,0.6415368942987358,0.4744482421875
3.6015625,0.6415027436755952,0.4744631958007812
3.6171875,0.6420150030226928,0.4742718505859376
3.6328125,0.6419979277111235,0.474521484375
3.6484375,0.6416883922758556,0.4744631958007812
3.6640625,0.6417944771902901,0.47403656005859374
3.6796875,0.64195542108445,0.4739190673828125
3.6953125,0.6415906633649546,0.474521484375
3.7109375,0.6415427071707596,0.47387512207031235
3.7265625,0.6414264497302834,0.47425689697265627
3.7421875,0.641495840890067,0.4744631958007812
3.7578125,0.6414562406994048,0.474168701171875
3.7734375,0.6414696829659599,0.4744482421875
3.7890625,0.6414493379138765,0.4744482421875
3.8046875,0.6413392566499263,0.4743450927734375
3.8203125,0.6413301740373883,0.4742129516601561
3.8359375,0.6414526076543906,0.474022216796875
3.8515625,0.6414355323428199,0.47344879150390623
3.8671875,0.6413134620303199,0.4741543579101561
3.8828125,0.6413447062174479,0.4739630126953124
3.8984375,0.6413316272553944,0.4735662841796875
3.9140625,0.641343252999442,0.4743450927734375
3.9296875,0.641373043968564,0.47369873046875
3.9453125,0.6412386213030133,0.47387512207031235
3.9609375,0.6412876674107143,0.47358123779296873
3.9765625,0.6412720453171503,0.4739630126953124
3.9921875,0.6413029261997761,0.47387512207031235
4.0078125,0.6413843064081094,0.47387512207031235
4.0234375,0.641341073172433,0.47380157470703127
4.0390625,0.6413465227399546,0.47358123779296873
4.0546875,0.641343252999442,0.47386016845703127
4.0703125,0.6413443429129464,0.47399230957031235
4.0859375,0.6414424351283475,0.47374267578125
4.1015625,0.6413428896949405,0.47368377685546875
4.1171875,0.6412843976702008,0.47368377685546875
4.1328125,0.6412985665457596,0.47368377685546875
4.1484375,0.6413381667364211,0.47377197265625
4.1640625,0.6413290841238832,0.4735369873046875
4.1796875,0.6413396199544271,0.4738897705078125
4.1953125,0.641341073172433,0.47347808837890626
4.2109375,0.6412887573242188,0.4735955810546875
4.2265625,0.6412371680850074,0.4735369873046875
4.2421875,0.6412647792271206,0.47399230957031235
4.2578125,0.6413890293666294,0.4733016967773439
4.2734375,0.6412793114071801,0.4733309936523439
4.2890625,0.6413043794177834,0.47372772216796877
4.3046875,0.6413457961309523,0.4735955810546875
4.3203125,0.6413261776878714,0.47344879150390623
4.3359375,0.6412883940197166,0.473345947265625
4.3515625,0.641286940801712,0.47377197265625
4.3671875,0.6413396199544271,0.47305206298828123
4.3828125,0.6413396199544271,0.47322845458984375
4.3984375,0.6413457961309523,0.47305206298828123
4.4140625,0.6413003830682664,0.4732867431640624
4.4296875,0.6416847592308408,0.473419189453125
4.4453125,0.6418431599934896,0.47280181884765626
4.4609375,0.6417665027436763,0.4736395263671875
4.4765625,0.6420920235770096,0.473316650390625
4.4921875,0.6421795799618676,0.4734930419921875
4.5078125,0.6412462506975454,0.473345947265625
4.5234375,0.642593020484561,0.4732867431640624
4.5390625,0.6421472458612358,0.4732135009765625
4.5546875,0.6427684965587798,0.47403656005859374
4.5703125,0.6425566900344122,0.47377197265625
4.5859375,0.6442674909319189,0.47375762939453125
4.6015625,0.6427801223028273,0.4739483642578125
4.6171875,0.6437080019996286,0.4734930419921875
4.6328125,0.643143063499814,0.47380157470703127
4.6484375,0.6430900210425967,0.4736544799804687
4.6640625,0.6433726719447544,0.47371337890625
4.6796875,0.6416549682617188,0.4741543579101561
4.6953125,0.6437425159272694,0.4739630126953124
4.7109375,0.6426373436337426,0.47387512207031235
4.7265625,0.6426184517996651,0.4742718505859376
4.7421875,0.6421298072451643,0.4743893432617188
4.7578125,0.6426006498790929,0.47403656005859374
4.7734375,0.6432498750232515,0.47425689697265627
4.7890625,0.6424956548781622,0.4738897705078125
4.8046875,0.643173581077939,0.4744631958007812
4.8203125,0.6434384300595238,0.4742718505859376
4.8359375,0.6429443359375,0.4742129516601561
4.8515625,0.6436691284179688,0.47436004638671875
4.8671875,0.6424080984933036,0.4744482421875
4.8828125,0.6436088198707217,0.4743893432617188
4.8984375,0.6427895682198668,0.4743307495117188
4.9140625,0.6432080950055811,0.474051513671875
4.9296875,0.64373779296875,0.4742718505859376
4.9453125,0.6425850277855283,0.4736544799804687
4.9609375,0.6426932925269717,0.4740954589843749
4.9765625,0.6424295334588914,0.47399230957031235
4.9921875,0.6423459734235492,0.4742718505859376
5.0078125,0.6434424264090401,0.47425689697265627
5.0234375,0.6431964692615334,0.4736102294921875
5.0390625,0.6437595912388393,0.47436004638671875
5.0546875,0.6434224446614584,0.47374267578125
5.0703125,0.642303466796875,0.4742718505859376
5.0859375,0.642805916922433,0.4744631958007812
5.1015625,0.6437512352353051,0.4744482421875
5.1171875,0.6430257161458334,0.47460968017578126
5.1328125,0.6421839396158854,0.47399230957031235
5.1484375,0.6427481515066964,0.474727783203125
5.1640625,0.6419902983165929,0.4738897705078125
5.1796875,0.6426544189453118,0.47424255371093765
5.1953125,0.6429861159551711,0.47460968017578126
5.2109375,0.6430384318033854,0.4744631958007812
5.2265625,0.6423710414341525,0.47387512207031235
5.2421875,0.6430951073056176,0.47425689697265627
5.2578125,0.6425276256742931,0.4742129516601561
5.2734375,0.6421606881277901,0.47408050537109375
5.2890625,0.6419986543201265,0.47403656005859374
5.3046875,0.6415888468424479,0.474022216796875
5.3203125,0.6420011974516369,0.4744631958007812
5.3359375,0.6419612339564739,0.4746685791015625
5.3515625,0.6417301722935261,0.4741986083984375
5.3671875,0.6415307181222099,0.4744482421875
5.3828125,0.6415307181222099,0.47460968017578126
5.3984375,0.6414442516508556,0.474375
5.4140625,0.6414126441592262,0.4750506591796875
5.4296875,0.6414722260974702,0.47518310546875
5.4453125,0.6415270850771949,0.47503631591796874
5.4609375,0.6414260864257812,0.47443328857421874
5.4765625,0.6414842151460194,0.47468353271484376
5.4921875,0.6414097377232143,0.47436004638671875
5.5078125,0.6414297194707961,0.4739190673828125
5.5234375,0.6413207281203497,0.4744631958007812
5.5390625,0.6413995651971727,0.4743893432617188
5.5546875,0.6412771315801711,0.474375
5.5703125,0.6413556053524926,0.47436004638671875
5.5859375,0.6413548787434896,0.47430114746093766
5.6015625,0.6413966587611607,0.4743450927734375
5.6171875,0.6413516090029762,0.4744482421875
5.6328125,0.6414311726888021,0.47462463378906233
5.6484375,0.6413516090029762,0.4744482421875
5.6640625,0.6413210914248512,0.474830322265625
5.6796875,0.6413334437779025,0.47399230957031235
5.6953125,0.6413465227399546,0.47459533691406236
5.7109375,0.6413977486746651,0.47408050537109375
5.7265625,0.6413439796084449,0.47425689697265627
5.7421875,0.6412931169782367,0.4742129516601561
5.7578125,0.6412498837425595,0.47374267578125
5.7734375,0.6412858508882069,0.47375762939453125
5.7890625,0.6412931169782367,0.47399230957031235
5.8046875,0.6412037440708706,0.4740954589843749
5.8203125,0.6412982032412574,0.47387512207031235
5.8359375,0.6412346249534977,0.47399230957031235
5.8515625,0.6412716820126488,0.4741543579101561
5.8671875,0.6412985665457596,0.4736395263671875
5.8828125,0.6411986578078497,0.4741836547851561
5.8984375,0.6413490658714658,0.47408050537109375
5.9140625,0.6412549700055811,0.47387512207031235
5.9296875,0.6412346249534977,0.4738897705078125
5.9453125,0.6412128266834071,0.47399230957031235
5.9609375,0.6412894839332217,0.47372772216796877
5.9765625,0.6412676856631324,0.47372772216796877
5.9921875,0.6412102835518974,0.47368377685546875
6.0078125,0.641160147530692,0.47362518310546875
6.0234375,0.6412560599190849,0.47403656005859374
6.0390625,0.6412793114071801,0.47387512207031235
6.0546875,0.6411953880673357,0.47344879150390623
6.0703125,0.6412455240885416,0.4733309936523439
6.0859375,0.6411583310081845,0.47358123779296873
6.1015625,0.6412117367699033,0.474139404296875
6.1171875,0.6413483392624628,0.4732867431640624
6.1328125,0.6413781302315849,0.47358123779296873
6.1484375,0.6413759504045758,0.47371337890625
6.1640625,0.6414239065987724,0.47380157470703127
6.1796875,0.6412753150576643,0.4739630126953124
6.1953125,0.6413883027576265,0.47399230957031235
6.2109375,0.6415278116861979,0.47399230957031235
6.2265625,0.6421719505673357,0.4741543579101561
6.2421875,0.6414802187965023,0.473419189453125
6.2578125,0.6420284452892485,0.4739190673828125
6.2734375,0.6418896629696801,0.47377197265625
6.2890625,0.6415888468424479,0.4734930419921875
6.3046875,0.6420651390438988,0.4732867431640624
6.3203125,0.6417199997674858,0.4734930419921875
6.3359375,0.6418090093703497,0.47387512207031235
6.3515625,0.6422311692010789,0.4735369873046875
6.3671875,0.6420582362583706,0.47399230957031235
6.3828125,0.6430504208519345,0.47344879150390623
6.3984375,0.6424771263485857,0.473316650390625
6.4140625,0.6425995599655878,0.4735513305664064
6.4296875,0.6419910249255952,0.4735955810546875
6.4453125,0.6418493361700142,0.4732867431640624
6.4609375,0.6421080089750737,0.47380157470703127
6.4765625,0.6423499697730655,0.47358123779296873
6.4921875,0.6419703165690104,0.47372772216796877
6.5078125,0.6428756713867188,0.47368377685546875
6.5234375,0.6423161824544271,0.47399230957031235
6.5390625,0.6417269025530133,0.4731695556640624
6.5546875,0.6418645949590773,0.4741543579101561
6.5703125,0.6427041916620164,0.4735955810546875
6.5859375,0.6423227219354539,0.4736102294921875
6.6015625,0.6423615955171131,0.47380157470703127
6.6171875,0.6422253563290551,0.47374267578125
6.6328125,0.6426449730282738,0.47387512207031235
6.6484375,0.6424262637183786,0.4736544799804687
6.6640625,0.6419071015857515,0.4733016967773439
6.6796875,0.6420088268461681,0.4731253051757813
6.6953125,0.6417675926571801,0.4739190673828125
6.7109375,0.6422740391322544,0.4739340209960938
6.7265625,0.6418289911179309,0.47344879150390623
6.7421875,0.6419256301153273,0.47358123779296873
6.7578125,0.6420233590262276,0.47325744628906236
6.7734375,0.6417661394391742,0.473345947265625
6.7890625,0.6420949300130215,0.4734930419921875
6.8046875,0.6425454275948668,0.473316650390625
6.8203125,0.6433323451450893,0.47325744628906236
6.8359375,0.6432066417875737,0.473345947265625
6.8515625,0.6428062802269345,0.47269927978515613
6.8671875,0.6426115490141369,0.473345947265625
6.8828125,0.6415143694196429,0.47278747558593764
6.8984375,0.6428582327706474,0.4733016967773439
6.9140625,0.6426453363327753,0.47337493896484373
6.9296875,0.6429239908854166,0.473345947265625
6.9453125,0.6428876604352679,0.47280181884765626
6.9609375,0.6427982875279025,0.4729196166992187
6.9765625,0.642465500604538,0.472684326171875
6.9921875,0.6416400727771571,0.4731842041015625
7.0078125,0.6425832112630215,0.4728457641601561
7.0234375,0.6419663202194941,0.4724346923828125
7.0390625,0.6421770368303571,0.47266937255859376
7.0546875,0.6420204525902158,0.47309600830078125
7.0703125,0.642471676781064,0.4728457641601561
7.0859375,0.6419837588355655,0.4724346923828125
7.1015625,0.6419063749767485,0.47272827148437485
7.1171875,0.6416048322405133,0.47249298095703124
7.1328125,0.641733078729538,0.4728457641601561
7.1484375,0.6418206351143974,0.47253723144531234
7.1640625,0.6423779442196801,0.4723165893554688
7.1796875,0.6416346232096354,0.4723165893554688
7.1953125,0.641592116582962,0.47234649658203126
7.2109375,0.6418842134021571,0.4723904418945313
7.2265625,0.6418991088867188,0.47224334716796873
7.2421875,0.6415270850771949,0.471978759765625
7.2578125,0.6414664132254464,0.47181732177734387
7.2734375,0.6414562406994048,0.471949462890625
7.2890625,0.6414373488653273,0.47224334716796873
7.3046875,0.6414704095749628,0.471978759765625
7.3203125,0.6412952968052456,0.47186126708984377
7.3359375,0.6413359869094122,0.47224334716796873
7.3515625,0.6413167317708334,0.47224334716796873
7.3671875,0.6413167317708334,0.4718316650390624
7.3828125,0.6413174583798357,0.4719937133789063
7.3984375,0.6413167317708334,0.47144958496093764
7.4140625,0.6413799467540929,0.47156707763671873
7.4296875,0.6413530622209821,0.4718316650390624
7.4453125,0.6413174583798357,0.4718316650390624
7.4609375,0.6413922991071429,0.47178741455078127
7.4765625,0.6413563319614956,0.47169921875
7.4921875,0.6413091023763021,0.471949462890625
7.5078125,0.641312735421317,0.47178741455078127
7.5234375,0.6412745884486607,0.47217010498046874
7.5390625,0.6413617815290179,0.471949462890625
7.5546875,0.6413585117885044,0.47168487548828125
7.5703125,0.6413334437779025,0.4713906860351561
7.5859375,0.6412295386904762,0.471199951171875
7.6015625,0.6412200927734382,0.47111175537109373
7.6171875,0.6413995651971727,0.47136138916015613
7.6328125,0.6412644159226191,0.47161102294921875
7.6484375,0.6412538800920758,0.4713906860351561
7.6640625,0.6412687755766369,0.4717730712890624
7.6796875,0.6413385300409227,0.4710675048828125
7.6953125,0.6412462506975454,0.47130249023437487
7.7109375,0.641249520438058,0.47127319335937484
7.7265625,0.6412317185174858,0.47111175537109373
7.7421875,0.6412538800920758,0.47127319335937484
7.7578125,0.6413025628952753,0.47096435546875
7.7734375,0.6412335350399926,0.47144958496093764
7.7890625,0.6412698654901414,0.47121429443359375
7.8046875,0.6412128266834071,0.47124389648437487
7.8203125,0.64134506952195,0.47144958496093764
7.8359375,0.6411597842261905,0.47161102294921875
7.8515625,0.6413076491582961,0.4714935302734375
7.8671875,0.6412596929640997,0.47093536376953127
7.8828125,0.6411085582914806,0.4711260986328125
7.8984375,0.6412546067010789,0.47094970703125
7.9140625,0.6410809471493676,0.47128814697265625
7.9296875,0.6411568777901786,0.47174346923828125
7.9453125,0.6412451607840401,0.47094970703125
7.9609375,0.6411521548316592,0.47062652587890624
7.9765625,0.6412219092959449,0.4710675048828125
7.9921875,0.6412284487769717,0.47111175537109373
8.0078125,0.6412106468563988,0.47087646484375
8.0234375,0.6412825811476928,0.47103790283203123
8.0390625,0.6411532447451643,0.47103790283203123
8.0546875,0.6411568777901786,0.471317138671875
8.0703125,0.6412393479120164,0.47128814697265625
8.0859375,0.6411532447451643,0.4714935302734375
8.1015625,0.6412346249534977,0.4710675048828125
8.1171875,0.6411572410946801,0.47111175537109373
8.1328125,0.6412004743303571,0.4708172607421875
8.1484375,0.6414413452148438,0.4711260986328125
8.1640625,0.6413043794177834,0.4707733154296875
8.1796875,0.6414057413736979,0.47114074707031234
8.1953125,0.6412687755766369,0.4717584228515625
8.2109375,0.641739981515067,0.47127319335937484
8.2265625,0.6417581467401414,0.47100860595703126
8.2421875,0.6412916637602306,0.47125823974609377
8.2578125,0.6415906633649546,0.47142028808593767
8.2734375,0.6412655058361235,0.4713763427734375
8.2890625,0.6424004690987724,0.47103790283203123
8.3046875,0.6415303548177084,0.4711849975585938
8.3203125,0.6425141834077381,0.4710675048828125
8.3359375,0.6416553315662202,0.47111175537109373
8.3515625,0.6415884835379464,0.4717584228515625
8.3671875,0.6422380719866071,0.47144958496093764
8.3828125,0.6413265409923735,0.47125823974609377
8.3984375,0.6428745814732143,0.471552734375
8.4140625,0.6418478829520096,0.47096435546875
8.4296875,0.6422231765020461,0.47156707763671873
8.4453125,0.6416447957356771,0.47128814697265625
8.4609375,0.6421566917782738,0.47094970703125
8.4765625,0.6429134550548735,0.47127319335937484
8.4921875,0.6417261759440104,0.47142028808593767
8.5078125,0.6419917515345975,0.47114074707031234
8.5234375,0.6424320765904025,0.471346435546875
8.5390625,0.6419546944754464,0.4713906860351561
8.5546875,0.642770676385788,0.4711849975585938
8.5703125,0.6421621413457961,0.47124389648437487
8.5859375,0.6427499680292039,0.47111175537109373
8.6015625,0.642563229515439,0.47114074707031234
8.6171875,0.6426024664015997,0.47127319335937484
8.6328125,0.6423060099283854,0.4710675048828125
8.6484375,0.6420255388532367,0.47124389648437487
8.6640625,0.6422558739071801,0.47127319335937484
8.6796875,0.6415837605794271,0.47111175537109373
8.6953125,0.6423924763997396,0.4715228271484375
8.7109375,0.642441885811942,0.4710675048828125
8.7265625,0.6417585100446429,0.4717141723632812
8.7421875,0.6422199067615334,0.47142028808593767
8.7578125,0.6437243507021949,0.47111175537109373
8.7734375,0.6427590506417404,0.4715966796875
8.7890625,0.6419089181082596,0.4718316650390624
8.8046875,0.6425915672665551,0.47161102294921875
8.8203125,0.6423928397042404,0.47111175537109373
8.8359375,0.6430010114397321,0.47142028808593767
8.8515625,0.642653329031808,0.47180236816406235
8.8671875,0.6420433407738095,0.4714056396484375
8.8828125,0.6419136410667783,0.4717291259765625
8.8984375,0.642013913109189,0.4718756103515625
8.9140625,0.6424219040643594,0.47158203125
8.9296875,0.6425948370070691,0.471949462890625
8.9453125,0.6423979259672619,0.471905517578125
8.9609375,0.6420942034040179,0.47161102294921875
8.9765625,0.6419125511532738,0.47221405029296876
8.9921875,0.642227536156064,0.47224334716796873
9.0078125,0.6433624994187128,0.47236083984375
9.0234375,0.6437272571382069,0.4721990966796875
9.0390625,0.6433726719447544,0.47228759765625
9.0546875,0.6425305321103051,0.4721990966796875
9.0703125,0.643280029296875,0.47186126708984377
9.0859375,0.642385573614212,0.471669921875
9.1015625,0.6433759416852679,0.4717584228515625
9.1171875,0.6430420648484003,0.47224334716796873
9.1328125,0.643754141671317,0.47217010498046874
9.1484375,0.6434257144019717,0.4721112060546875
9.1640625,0.6422115507579985,0.4724346923828125
9.1796875,0.6437995547340023,0.47280181884765626
9.1953125,0.6423394339425224,0.4724346923828125
9.2109375,0.6433581397646949,0.4720819091796875
9.2265625,0.6435772123790929,0.47221405029296876
9.2421875,0.6427041916620164,0.4723165893554688
9.2578125,0.6433955601283475,0.47236083984375
9.2734375,0.6433497837611607,0.47250793457031237
9.2890625,0.6431703113374263,0.4725811767578125
9.3046875,0.6427379789806548,0.47277252197265623
9.3203125,0.6419902983165929,0.4729196166992187
9.3359375,0.6426787603469122,0.4724346923828125
9.3515625,0.6423016502743676,0.47272827148437485
9.3671875,0.641733078729538,0.47277252197265623
9.3828125,0.6421821230933786,0.47250793457031237
9.3984375,0.6416407993861607,0.47217010498046874
9.4140625,0.6417465209960938,0.47253723144531234
9.4296875,0.6417447044735857,0.47228759765625
9.4453125,0.6414173671177456,0.47250793457031237
9.4609375,0.6416015625,0.47262542724609374
9.4765625,0.6415041968936012,0.4723904418945313
9.4921875,0.641464596702939,0.47228759765625
9.5078125,0.6414707728794643,0.4723904418945313
9.5234375,0.6415041968936012,0.4725228881835937
9.5390625,0.6414311726888021,0.47224334716796873
9.5546875,0.6414271763392857,0.4724346923828125
9.5703125,0.6413585117885044,0.47224334716796873
9.5859375,0.6413741338820691,0.4720376586914064
9.6015625,0.6413174583798357,0.47228759765625
9.6171875,0.6413566952659977,0.47247863769531234
9.6328125,0.6413381667364211,0.47250793457031237
9.6484375,0.6413665044875372,0.47228759765625
9.6640625,0.6413243611653646,0.47278747558593764
9.6796875,0.6413817632765997,0.47269927978515613
9.6953125,0.6412949335007441,0.47274322509765626
9.7109375,0.6412709554036452,0.47280181884765626
9.7265625,0.6413646879650298,0.471978759765625
9.7421875,0.6412985665457596,0.47253723144531234
9.7578125,0.6413210914248512,0.47227264404296876
9.7734375,0.6413174583798357,0.4721112060546875
9.7890625,0.6412934802827381,0.47272827148437485
9.8046875,0.6413309006463914,0.4723165893554688
9.8203125,0.641357421875,0.47217010498046874
9.8359375,0.6413160051618311,0.4723165893554688
9.8515625,0.6413036528087798,0.47228759765625
9.8671875,0.6413461594354539,0.4721990966796875
9.8828125,0.6413200015113467,0.4719638061523439
9.8984375,0.6412702287946429,0.4723165893554688
9.9140625,0.6413748604910714,0.471949462890625
9.9296875,0.6412415277390253,0.47224334716796873
9.9453125,0.6412952968052456,0.47221405029296876
9.9609375,0.6412811279296882,0.4718316650390624
9.9765625,0.6413036528087798,0.47158203125
9.9921875,0.6412360781715023,0.471949462890625
10.0078125,0.6412843976702008,0.4720819091796875
10.0234375,0.6412604195731026,0.47236083984375
10.0390625,0.6413250877743676,0.4718316650390624
10.0546875,0.6412567865280878,0.47227264404296876
10.0703125,0.6412422543480283,0.47217010498046874
10.0859375,0.6413160051618311,0.47214019775390625
10.1015625,0.6412153698149181,0.47224334716796873
10.1171875,0.6412778581891742,0.47169921875
10.1328125,0.6412095569428944,0.471978759765625
10.1484375,0.6412418910435261,0.47168487548828125
10.1640625,0.6412625994001117,0.472052001953125
10.1796875,0.6411685035342262,0.47186126708984377
10.1953125,0.641311282203311,0.471552734375
10.2109375,0.6412604195731026,0.471949462890625
10.2265625,0.6411735897972477,0.4723165893554688
10.2421875,0.6412113734654025,0.47241973876953125
10.2578125,0.6411772228422619,0.47269927978515613
10.2734375,0.6413276309058786,0.4720376586914064
10.2890625,0.6411390758696056,0.47221405029296876
10.3046875,0.6411634172712046,0.47228759765625
10.3203125,0.6411430722191214,0.471978759765625
10.3359375,0.6412418910435261,0.47169921875
10.3515625,0.6412629627046131,0.47224334716796873
10.3671875,0.6412709554036452,0.472008056640625
10.3828125,0.6414591471354166,0.47217010498046874
10.3984375,0.6414972941080729,0.47228759765625
10.4140625,0.6415626889183408,0.4717141723632812
10.4296875,0.6416081019810261,0.47178741455078127
10.4453125,0.6418224516369048,0.47161102294921875
10.4609375,0.6428941999162954,0.4719638061523439
10.4765625,0.6434900192987358,0.47228759765625
10.4921875,0.6418297177269345,0.4720376586914064
10.5078125,0.6415950230189739,0.47186126708984377
10.5234375,0.6418093726748512,0.47221405029296876
10.5390625,0.6415328979492188,0.471552734375
10.5546875,0.6417301722935261,0.4723165893554688
10.5703125,0.641951424734933,0.47158203125
10.5859375,0.6417370750790551,0.47178741455078127
10.6015625,0.6413134620303199,0.471949462890625
10.6171875,0.6417824881417404,0.47158203125
10.6328125,0.641495840890067,0.4718316650390624
10.6484375,0.6414562406994048,0.4718316650390624
10.6640625,0.6415917532784599,0.47127319335937484
10.6796875,0.6416015625,0.47178741455078127
10.6953125,0.641815185546875,0.4713320922851561
10.7109375,0.6415666852678571,0.471317138671875
10.7265625,0.6416556948707217,0.47128814697265625
10.7421875,0.6414486113048735,0.47147888183593767
10.7578125,0.6414871215820312,0.47136138916015613
10.7734375,0.6417948404947916,0.47156707763671873
10.7890625,0.642470223563058,0.4710675048828125
10.8046875,0.6419045584542404,0.4707733154296875
10.8203125,0.6419503348214286,0.47125823974609377
10.8359375,0.6422842116582961,0.47111175537109373
10.8515625,0.6423143659319189,0.47111175537109373
10.8671875,0.6437298002697166,0.47124389648437487
10.8828125,0.6425723121279762,0.470567626953125
10.8984375,0.6439176286969867,0.470596923828125
10.9140625,0.6424807593936012,0.47046447753906234
10.9296875,0.6427212669735857,0.470640869140625
10.9453125,0.6427343459356406,0.4707000732421875
10.9609375,0.6423510596865699,0.47046447753906234
10.9765625,0.6421803065708706,0.4704205322265625
10.9921875,0.6426169985816592,0.4704501342773439
11.0078125,0.6421087355840773,0.4701416015625
11.0234375,0.6425668625604539,0.470567626953125
11.0390625,0.6439103626069569,0.470494384765625
11.0546875,0.6425788516090023,0.4702587890625
11.0703125,0.6413941156296503,0.4697589111328125
11.0859375,0.6426039196196056,0.469832763671875
11.1015625,0.6427081880115334,0.47031799316406236
11.1171875,0.6422845749627977,0.4700234985351561
11.1328125,0.6420455206008191,0.4700234985351561
11.1484375,0.6431910196940104,0.470185546875
11.1640625,0.6425138201032367,0.47033233642578126
11.1796875,0.6429574148995536,0.4702880859375
11.1953125,0.6427325294131324,0.4701416015625
11.2109375,0.6419227236793155,0.4704794311523439
11.2265625,0.6414013817196801,0.47033233642578126
11.2421875,0.6415590558733258,0.46984710693359377
11.2578125,0.6416338966006324,0.470244140625
11.2734375,0.6421552385602679,0.47033233642578126
11.2890625,0.6416982014973952,0.470538330078125
11.3046875,0.6421316237676711,0.47046447753906234
11.3203125,0.6425218128022694,0.470596923828125
11.3359375,0.6424916585286452,0.47043518066406237
11.3515625,0.6423928397042404,0.47062652587890624
11.3671875,0.6415387108212426,0.4702880859375
11.3828125,0.6414729527064739,0.470611572265625
11.3984375,0.6416269938151048,0.4701708984375
11.4140625,0.6414962041945691,0.47009735107421874
11.4296875,0.6414166405087426,0.47027374267578126
11.4453125,0.6414729527064739,0.4702587890625
11.4609375,0.6414903913225454,0.4707147216796875
11.4765625,0.6414754958379836,0.4707147216796875
11.4921875,0.6414111909412202,0.4697589111328125
11.5078125,0.6415652320498512,0.470244140625
11.5234375,0.6414725894019717,0.470244140625
11.5390625,0.6413301740373883,0.47040618896484376
11.5546875,0.6414536975678944,0.47027374267578126
11.5703125,0.6413799467540929,0.47031799316406236
11.5859375,0.6413948422386533,0.4701708984375
11.6015625,0.6413962954566592,0.4702587890625
11.6171875,0.6413977486746651,0.47031799316406236
11.6328125,0.6413381667364211,0.470185546875
11.6484375,0.6414711361839658,0.47033233642578126
11.6640625,0.6413810366675967,0.470244140625
11.6796875,0.6413690476190477,0.470538330078125
11.6953125,0.641402108328683,0.470596923828125
11.7109375,0.6412996564592633,0.470567626953125
11.7265625,0.6413988385881689,0.470244140625
11.7421875,0.6413690476190477,0.47031799316406236
11.7578125,0.6414166405087426,0.47031799316406236
11.7734375,0.6413988385881689,0.47034729003906234
11.7890625,0.6413810366675967,0.47033233642578126
11.8046875,0.6413385300409227,0.470596923828125
11.8203125,0.6413846697126117,0.47062652587890624
11.8359375,0.6413610549200142,0.470538330078125
11.8515625,0.6413839431036086,0.47033233642578126
11.8671875,0.6412960234142485,0.47033233642578126
11.8828125,0.6413385300409227,0.4703619384765625
11.8984375,0.6417196364629836,0.4697589111328125
11.9140625,0.6421167282831094,0.47008239746093766
11.9296875,0.642324538457962,0.4697589111328125
11.9453125,0.6420026506696429,0.4698770141601561
11.9609375,0.6425381615048357,0.46942108154296874
11.9765625,0.6422002883184523,0.46970062255859374
11.9921875,0.6424785795665929,0.470185546875
12.0078125,0.6419728597005215,0.4696124267578125
12.0234375,0.6418329874674479,0.46931793212890627
12.0390625,0.6419038318452381,0.46942108154296874
12.0546875,0.6419692266555059,0.469200439453125
12.0703125,0.6423539661225819,0.4698770141601561
12.0859375,0.6421893891834071,0.46962677001953124
12.1015625,0.6420720418294271,0.469156494140625
12.1171875,0.6419510614304309,0.46942108154296874
12.1328125,0.6421007428850454,0.46942108154296874
12.1484375,0.6425559634254092,0.46955322265625
12.1640625,0.642319815499442,0.47008239746093766
12.1796875,0.6423132760184151,0.4700384521484375
12.1953125,0.6425367082868311,0.46962677001953124
12.2109375,0.6427975609188988,0.46949432373046873
12.2265625,0.6425250825427834,0.4693035888671875
12.2421875,0.6417999267578118,0.4692739868164064
12.2578125,0.6422409784226191,0.4696417236328125
12.2734375,0.6417479742140997,0.46942108154296874
12.2890625,0.6416847592308408,0.46958251953125
12.3046875,0.641587393624442,0.46949432373046873
12.3203125,0.6415677751813617,0.46971496582031236
12.3359375,0.6415536063058036,0.46990600585937486
12.3515625,0.6414322626023072,0.4698770141601561
12.3671875,0.6414991106305811,0.47019989013671876
12.3828125,0.6414398919968378,0.469832763671875
12.3984375,0.6414845784505215,0.470538330078125
12.4140625,0.6415550595238095,0.47033233642578126
12.4296875,0.6414922078450521,0.46970062255859374
12.4453125,0.641432625906808,0.4700534057617187
12.4609375,0.6413490658714658,0.4697589111328125
12.4765625,0.6414903913225454,0.4703619384765625
12.4921875,0.6413883027576265,0.46949432373046873
12.5078125,0.6413407098679309,0.46981811523437483
12.5234375,0.6412880307152158,0.4704205322265625
12.5390625,0.6413824898856026,0.46995025634765625
12.5546875,0.6413683210100454,0.4702587890625
12.5703125,0.6413301740373883,0.4698770141601561
12.5859375,0.6414355323428199,0.4697589111328125
12.6015625,0.6413617815290179,0.4696124267578125
12.6171875,0.6412778581891742,0.4697589111328125
12.6328125,0.6413196382068452,0.4696124267578125
12.6484375,0.6413236345563617,0.46993530273437484
12.6640625,0.6412894839332217,0.46947998046875
12.6796875,0.6413011096772694,0.4697589111328125
12.6953125,0.6413617815290179,0.4697589111328125
12.7109375,0.6413091023763021,0.47008239746093766
12.7265625,0.6412851242792039,0.4698770141601561
12.7421875,0.6412927536737358,0.4697589111328125
12.7578125,0.6413265409923735,0.46970062255859374
12.7734375,0.6412796747116809,0.46980316162109376
12.7890625,0.6413381667364211,0.46962677001953124
12.8046875,0.6412851242792039,0.4695242309570313
12.8203125,0.6412836710611979,0.47022979736328124
12.8359375,0.6412978399367559,0.46965637207031236
12.8515625,0.6412328084309896,0.46943603515625
12.8671875,0.6413036528087798,0.46990600585937486
12.8828125,0.6413824898856026,0.4697589111328125
12.8984375,0.6411881219773072,0.4698770141601561
12.9140625,0.6412535167875737,0.4698770141601561
12.9296875,0.6412818545386905,0.46980316162109376
12.9453125,0.6412702287946429,0.4700234985351561
12.9609375,0.6412382579985119,0.46990600585937486
12.9765625,0.6412113734654025,0.46980316162109376
12.9921875,0.6412349882579985,0.4696417236328125
13.0078125,0.6412782214936763,0.4697589111328125
13.0234375,0.6412843976702008,0.4700534057617187
13.0390625,0.6412386213030133,0.47011169433593764
13.0546875,0.641221182686942,0.46958251953125
13.0703125,0.6413065592447916,0.46931793212890627
13.0859375,0.6411739531017485,0.46962677001953124
13.1015625,0.6411786760602679,0.4692596435546875
13.1171875,0.641219729468936,0.46945037841796877
13.1328125,0.6413258143833706,0.46947998046875
13.1484375,0.6419096447172619,0.469832763671875
13.1640625,0.6418297177269345,0.4697589111328125
13.1796875,0.641920907156808,0.46990600585937486
13.1953125,0.6419020153227306,0.46980316162109376
13.2109375,0.6416902087983631,0.4695242309570313
13.2265625,0.6418424333844867,0.46958251953125
13.2421875,0.6425156366257441,0.46942108154296874
13.2578125,0.6421116420200893,0.46970062255859374
13.2734375,0.6429766700381324,0.46949432373046873
13.2890625,0.6418028331938237,0.4696124267578125
13.3046875,0.6421635945638021,0.46965637207031236
13.3203125,0.6431575956798735,0.4696124267578125
13.3359375,0.6417901175362724,0.46949432373046873
13.3515625,0.6419096447172619,0.46942108154296874
13.3671875,0.6416131882440477,0.46980316162109376
13.3828125,0.6417294456845238,0.4698770141601561
13.3984375,0.6423961094447544,0.4693035888671875
13.4140625,0.6421025594075521,0.46959747314453126
13.4296875,0.6416302635556176,0.469156494140625
13.4453125,0.6419688633510044,0.4696124267578125
13.4609375,0.6419009254092262,0.46990600585937486
13.4765625,0.641923086983817,0.4697589111328125
13.4921875,0.6418529692150298,0.4694061279296875
13.5078125,0.6424030122302834,0.46949432373046873
13.5234375,0.642012459891183,0.46970062255859374
13.5390625,0.6419768560500372,0.46949432373046873
13.5546875,0.6413683210100454,0.4693035888671875
13.5703125,0.6418180919828869,0.469156494140625
13.5859375,0.6424774896530878,0.46965637207031236
13.6015625,0.6419655936104904,0.46949432373046873
13.6171875,0.6419379824683786,0.4697589111328125
13.6328125,0.6424011957077753,0.469156494140625
13.6484375,0.6415601457868311,0.46958251953125
13.6640625,0.6420073736281622,0.4698770141601561
13.6796875,0.6423924763997396,0.470185546875
13.6953125,0.6420687720889143,0.4696124267578125
13.7109375,0.6416869390578497,0.4689950561523439
13.7265625,0.6415143694196429,0.46896514892578123
13.7421875,0.6425813947405133,0.46942108154296874
13.7578125,0.6420509701683408,0.469229736328125
13.7734375,0.6421334402901786,0.46958251953125
13.7890625,0.6422420683361235,0.46942108154296874
13.8046875,0.6419692266555059,0.46903900146484373
13.8203125,0.6415826706659227,0.469200439453125
13.8359375,0.6416418892996651,0.46949432373046873
13.8515625,0.6420873006184896,0.469156494140625
13.8671875,0.6417483375186012,0.469156494140625
13.8828125,0.6418264479864211,0.46881866455078125
13.8984375,0.6425864810035342,0.469200439453125
13.9140625,0.6418482462565104,0.46889190673828124
13.9296875,0.6418616885230655,0.4689950561523439
13.9453125,0.6422333490280878,0.46884765625
13.9609375,0.6419176374162954,0.469229736328125
13.9765625,0.6419590541294643,0.46903900146484373
13.9921875,0.6426961989629836,0.469200439453125
14.0078125,0.6416418892996651,0.46878875732421876
14.0234375,0.642563956124442,0.46892120361328127
14.0390625,0.6424062819707961,0.46900939941406233
14.0546875,0.6418991088867188,0.46896514892578123
14.0703125,0.6422682262602306,0.469156494140625
14.0859375,0.6423993791852679,0.46903900146484373
14.1015625,0.6422409784226191,0.46886260986328127
14.1171875,0.642465500604538,0.469200439453125
14.1328125,0.6425454275948668,0.4685540771484375
14.1484375,0.6428244454520096,0.46896514892578123
14.1640625,0.6415318080357143,0.4687005615234375
14.1796875,0.6422500610351562,0.46903900146484373
14.1953125,0.642105465843564,0.469156494140625
14.2109375,0.6416487920851928,0.469200439453125
14.2265625,0.6415034702845975,0.4689361572265625
14.2421875,0.6415815807524181,0.4689950561523439
14.2578125,0.6415143694196429,0.46931793212890627
14.2734375,0.6415045601981026,0.4696124267578125
14.2890625,0.6414239065987724,0.46942108154296874
14.3046875,0.6414391653878349,0.469832763671875
14.3203125,0.6414344424293155,0.4696124267578125
14.3359375,0.6414239065987724,0.4697589111328125
14.3515625,0.6413196382068452,0.46990600585937486
14.3671875,0.6414497012183786,0.46984710693359377
14.3828125,0.6413207281203497,0.4700677490234375
14.3984375,0.6413345336914062,0.4704794311523439
14.4140625,0.6414013817196801,0.4703619384765625
14.4296875,0.6413279942103794,0.46949432373046873
14.4453125,0.6413192749023438,0.4696417236328125
14.4609375,0.6413639613560261,0.47008239746093766
14.4765625,0.6413774036225819,0.46962677001953124
14.4921875,0.6413599650065104,0.4696417236328125
14.5078125,0.6413781302315849,0.46970062255859374
14.5234375,0.6413258143833706,0.47008239746093766
14.5390625,0.6413672310965401,0.4697589111328125
14.5546875,0.6413232712518594,0.4698770141601561
14.5703125,0.6414104643322166,0.4703619384765625
14.5859375,0.6412676856631324,0.4698770141601561
14.6015625,0.6413392566499263,0.4697589111328125
14.6171875,0.6413232712518594,0.46980316162109376
14.6328125,0.6412880307152158,0.469156494140625
14.6484375,0.6413290841238832,0.46942108154296874
14.6640625,0.6412818545386905,0.46990600585937486
14.6796875,0.6413396199544271,0.46962677001953124
14.6953125,0.6412782214936763,0.46946533203125
14.7109375,0.6412295386904762,0.4700534057617187
14.7265625,0.6412883940197166,0.4699209594726563
14.7421875,0.6411935715448289,0.469832763671875
14.7578125,0.6413101922898072,0.4696124267578125
14.7734375,0.6412847609747023,0.46999450683593763
14.7890625,0.6411982945033475,0.46970062255859374
14.8046875,0.6413258143833706,0.46981811523437483
14.8203125,0.6412847609747023,0.46943603515625
14.8359375,0.6412044706798735,0.46955322265625
14.8515625,0.6412418910435261,0.47008239746093766
14.8671875,0.6412887573242188,0.4698770141601561
14.8828125,0.6412858508882069,0.46965637207031236
14.8984375,0.641250247047061,0.4697589111328125
14.9140625,0.6413265409923735,0.47033233642578126
14.9296875,0.6412927536737358,0.4696124267578125
14.9453125,0.6412066505068824,0.46958251953125
14.9609375,0.6412847609747023,0.46946533203125
14.9765625,0.6413149152483258,0.4697589111328125
14.9921875,0.6415652320498512,0.4697589111328125
15.0078125,0.6417570568266369,0.46965637207031236
15.0234375,0.6423107328869048,0.469891357421875
15.0390625,0.6420291718982515,0.47008239746093766
15.0546875,0.6430035545712426,0.47008239746093766
15.0703125,0.6429501488095238,0.4697589111328125
15.0859375,0.6421734037853429,0.46971496582031236
15.1015625,0.6426987420944941,0.4690533447265625
15.1171875,0.6425933837890618,0.46958251953125
15.1328125,0.6420956566220238,0.4696124267578125
15.1484375,0.6417152768089658,0.4696124267578125
15.1640625,0.6415942964099702,0.4697589111328125
15.1796875,0.6415652320498512,0.4696124267578125
15.1953125,0.6417120070684523,0.46953857421875
15.2109375,0.6416716802687872,0.46945037841796877
15.2265625,0.6419659569149926,0.4698770141601561
15.2421875,0.6415096464611235,0.4696124267578125
15.2578125,0.6414627801804309,0.46942108154296874
15.2734375,0.6415419805617559,0.46881866455078125
15.2890625,0.6414725894019717,0.4686712646484375
15.3046875,0.6418366205124628,0.4696124267578125
15.3203125,0.6416197277250737,0.469185791015625
15.3359375,0.6414776756649926,0.469156494140625
15.3515625,0.6416306268601191,0.469127197265625
15.3671875,0.6417196364629836,0.46931793212890627
15.3828125,0.6414337158203118,0.4686566162109376
15.3984375,0.6418656848725819,0.4684802246093749
15.4140625,0.6419376191638765,0.4687744140625
15.4296875,0.6424575079055059,0.4684359741210937
15.4453125,0.6420789446149546,0.4684802246093749
15.4609375,0.6420938400995164,0.4685098266601561
15.4765625,0.6420800345284599,0.4687744140625
15.4921875,0.6424756731305811,0.46802490234375
15.5078125,0.6413646879650298,0.46802490234375
15.5234375,0.6415183657691592,0.4673193359375
15.5390625,0.6415819440569189,0.46802490234375
15.5546875,0.6413185482933408,0.467745361328125
15.5703125,0.6412044706798735,0.46818634033203127
15.5859375,0.6415205455961681,0.46748077392578125
15.6015625,0.6417912074497761,0.467774658203125
15.6171875,0.6418914794921882,0.46802490234375
15.6328125,0.6423114594959071,0.46802490234375
15.6484375,0.6421229044596354,0.46783355712890623
15.6640625,0.6417145501999628,0.46764221191406236
15.6796875,0.6420782180059523,0.46802490234375
15.6953125,0.6420942034040179,0.4678778076171875
15.7109375,0.6418075561523438,0.46818634033203127
15.7265625,0.6422602335611979,0.46802490234375
15.7421875,0.6420981997535342,0.46748077392578125
15.7578125,0.6420865740094867,0.4675100708007813
15.7734375,0.6419339861188617,0.46800994873046875
15.7890625,0.6416498819986979,0.4669366455078125
15.8046875,0.641801016671317,0.4675689697265625
15.8203125,0.64158921014695,0.46715728759765623
15.8359375,0.6418892996651786,0.4675689697265625
15.8515625,0.6421835763113832,0.4667901611328125
15.8671875,0.6422398885091146,0.46686340332031234
15.8828125,0.6419492449079242,0.4672601318359376
15.8984375,0.6420509701683408,0.46711303710937485
15.9140625,0.6418031964983258,0.4669366455078125
15.9296875,0.6416338966006324,0.46748077392578125
15.9453125,0.6414315359933036,0.4672601318359376
15.9609375,0.6415423438662574,0.4672161865234375
15.9765625,0.6415060134161086,0.4669366455078125
15.9921875,0.6415416172572544,0.46764221191406236
16.0078125,0.6415477934337798,0.46736328125
16.0234375,0.6415299915132069,0.4675982666015625
16.0390625,0.6414871215820312,0.46802490234375
16.0546875,0.6415002005440849,0.46806884765625
16.0703125,0.6414362589518229,0.46783355712890623
16.0859375,0.6414369855608258,0.46802490234375
16.1015625,0.6414431617373512,0.467672119140625
16.1171875,0.6414275396437872,0.4669366455078125
16.1328125,0.6413065592447916,0.4669366455078125
16.1484375,0.6413526989164806,0.46752502441406235
16.1640625,0.641357421875,0.46748077392578125
16.1796875,0.6413283575148809,0.46748077392578125
16.1953125,0.6413283575148809,0.46783355712890623
16.2109375,0.6414050147646949,0.46748077392578125
16.2265625,0.6413566952659977,0.46783355712890623
16.2421875,0.6413334437779025,0.46783355712890623
16.2578125,0.6413443429129464,0.46745147705078127
16.2734375,0.6413992018926711,0.467745361328125
16.2890625,0.6414039248511905,0.46802490234375
16.3046875,0.6413828531901048,0.4673193359375
16.3203125,0.6412902105422247,0.4673486328125
16.3359375,0.6413298107328869,0.46748077392578125
16.3515625,0.6413323538643974,0.4675100708007813
16.3671875,0.6412931169782367,0.46689270019531237
16.3828125,0.641244797479538,0.46764221191406236
16.3984375,0.6413592383975074,0.46783355712890623
16.4140625,0.6413094656808036,0.46802490234375
16.4296875,0.6413003830682664,0.46748077392578125
16.4453125,0.6413036528087798,0.46723114013671874
16.4609375,0.6412498837425595,0.46764221191406236
16.4765625,0.6412487938290551,0.4680392456054687
16.4921875,0.6413646879650298,0.4675689697265625
16.5078125,0.6412582397460938,0.46748077392578125
16.5234375,0.6412535167875737,0.46802490234375
16.5390625,0.6412833077566964,0.46737762451171877
16.5546875,0.6412022908528646,0.4672601318359376
16.5703125,0.6412433442615334,0.4678778076171875
16.5859375,0.6412527901785714,0.46786285400390626
16.6015625,0.6412593296595975,0.46740753173828126
16.6171875,0.6412916637602306,0.46802490234375
16.6328125,0.6412796747116809,0.4677603149414064
16.6484375,0.6412299019949776,0.4675982666015625
16.6640625,0.6412128266834071,0.46764221191406236
16.6796875,0.6416756766183036,0.46748077392578125
16.6953125,0.6416099185035342,0.467745361328125
16.7109375,0.6416455223446801,0.46748077392578125
16.7265625,0.6416131882440477,0.467672119140625
16.7421875,0.6417726789202008,0.467672119140625
16.7578125,0.6425697689964658,0.4677603149414064
16.7734375,0.6415641421363467,0.46825958251953126
16.7890625,0.6417279924665179,0.46748077392578125
16.8046875,0.6417519705636168,0.4675982666015625
16.8203125,0.6420240856352306,0.46786285400390626
16.8359375,0.6422380719866071,0.467672119140625
16.8515625,0.6422348022460938,0.46748077392578125
16.8671875,0.6433243524460572,0.4670547485351561
16.8828125,0.6422079177129836,0.46723114013671874
16.8984375,0.6422286260695691,0.46764221191406236
16.9140625,0.6422097342354904,0.4674658203125
16.9296875,0.6423528762090773,0.46748077392578125
16.9453125,0.6429152715773809,0.46748077392578125
16.9609375,0.6416702270507812,0.4675689697265625
16.9765625,0.6422188168480283,0.4673486328125
16.9921875,0.6416785830543155,0.4671868896484375
17.0078125,0.6425054640997023,0.4672454833984375
17.0234375,0.6423993791852679,0.4672601318359376
17.0390625,0.6418773106166294,0.467069091796875
17.0546875,0.6422184535435261,0.4669366455078125
17.0703125,0.6428113664899546,0.46723114013671874
17.0859375,0.6424560546875,0.4669366455078125
17.1015625,0.6416440691266742,0.46674591064453125
17.1171875,0.6417120070684523,0.4669366455078125
17.1328125,0.6417120070684523,0.4672601318359376
17.1484375,0.6422293526785714,0.4669366455078125
17.1640625,0.6421712239583334,0.46745147705078127
17.1796875,0.6420575096493676,0.4669366455078125
17.1953125,0.6417512439546131,0.4670547485351561
17.2109375,0.6415536063058036,0.4673486328125
17.2265625,0.6422660464332217,0.4673193359375
17.2421875,0.6417919340587798,0.4669366455078125
17.2578125,0.6419187273297992,0.46752502441406235
17.2734375,0.6424288068498883,0.4669366455078125
17.2890625,0.6418082827613467,0.4672601318359376
17.3046875,0.6420259021577381,0.4669073486328125
17.3203125,0.641861325218564,0.4669366455078125
17.3359375,0.6417120070684523,0.46723114013671874
17.3515625,0.6418693179175967,0.46715728759765623
17.3671875,0.6423343476795015,0.46737762451171877
17.3828125,0.6412880307152158,0.46686340332031234
17.3984375,0.6412055605933786,0.4672601318359376
17.4140625,0.641830807640439,0.4672601318359376
17.4296875,0.6424353463309151,0.46748077392578125
17.4453125,0.6415815807524181,0.46687835693359375
17.4609375,0.6418246314639143,0.4665838623046875
17.4765625,0.6415183657691592,0.46695159912109374
17.4921875,0.6415801275344122,0.4669073486328125
17.5078125,0.6414838518415179,0.46664306640625
17.5234375,0.6415506998697916,0.46717224121093764
17.5390625,0.6415408906482515,0.46631927490234387
17.5546875,0.6414606003534227,0.4669366455078125
17.5703125,0.6415376209077381,0.46736328125
17.5859375,0.6414907546270461,0.4672454833984375
17.6015625,0.6414885748000372,0.467745361328125
17.6171875,0.6413566952659977,0.46711303710937485
17.6328125,0.6414264497302834,0.46764221191406236
17.6484375,0.6414980207170758,0.46723114013671874
17.6640625,0.641427902948288,0.4673193359375
17.6796875,0.6413545154389881,0.4672601318359376
17.6953125,0.6413534255254836,0.46728942871093765
17.7109375,0.6414246332077753,0.4672601318359376
17.7265625,0.6414355323428199,0.46702484130859373
17.7421875,0.6413465227399546,0.46764221191406236
17.7578125,0.6414159138997396,0.4669366455078125
17.7734375,0.6413988385881689,0.4669366455078125
17.7890625,0.6413490658714658,0.4669366455078125
17.8046875,0.6414130074637276,0.4669366455078125
17.8203125,0.6413988385881689,0.4675100708007813
17.8359375,0.6413327171688988,0.46723114013671874
17.8515625,0.6413530622209821,0.4669366455078125
17.8671875,0.6412636893136168,0.4669366455078125
17.8828125,0.6413312639508929,0.46723114013671874
17.8984375,0.6412927536737358,0.46745147705078127
17.9140625,0.6412960234142485,0.46737762451171877
17.9296875,0.6413374401274181,0.46740753173828126
17.9453125,0.6412916637602306,0.4672601318359376
17.9609375,0.6413534255254836,0.4675100708007813
17.9765625,0.6413755871000737,0.46737762451171877
17.9921875,0.6417715890066964,0.4672601318359376
18.0078125,0.6418057396298357,0.46764221191406236
18.0234375,0.6420851207914806,0.4673486328125
18.0390625,0.6421374366396949,0.46723114013671874
18.0546875,0.6418660481770834,0.4675100708007813
18.0703125,0.6419303530738467,0.46695159912109374
18.0859375,0.6423739478701643,0.4672601318359376
18.1015625,0.64198012579055,0.4672454833984375
18.1171875,0.6417875744047619,0.46752502441406235
18.1328125,0.6417741321382069,0.4675100708007813
18.1484375,0.6422115507579985,0.4669366455078125
18.1640625,0.6423416137695312,0.4669073486328125
18.1796875,0.6421134585425967,0.46737762451171877
18.1953125,0.6416967482793906,0.4669366455078125
18.2109375,0.6422493344261533,0.46712799072265626
18.2265625,0.6418711344401048,0.4664666748046875
18.2421875,0.6419608706519717,0.46737762451171877
18.2578125,0.641800290062314,0.46687835693359375
18.2734375,0.6420204525902158,0.4672161865234375
18.2890625,0.6420182727632069,0.4669366455078125
18.3046875,0.6422598702566964,0.4672601318359376
18.3203125,0.6422111874534977,0.46698089599609377
18.3359375,0.6422602335611979,0.4669366455078125
18.3515625,0.6417617797851562,0.4665838623046875
18.3671875,0.6419027419317336,0.46686340332031234
18.3828125,0.6420026506696429,0.46711303710937485
18.3984375,0.6420240856352306,0.46686340332031234
18.4140625,0.6418140956333706,0.46661376953125
18.4296875,0.6419808523995536,0.46664306640625
18.4453125,0.6416647774832596,0.46683410644531237
18.4609375,0.6421585083007812,0.46606964111328125
18.4765625,0.6417345319475454,0.46661376953125
18.4921875,0.6422765822637642,0.4660989379882812
18.5078125,0.6415924798874628,0.46673095703125
18.5234375,0.6419045584542404,0.46612854003906234
18.5390625,0.6422831217447916,0.46612854003906234
18.5546875,0.6421123686290929,0.4660989379882812
18.5703125,0.6421545119512642,0.4664373779296875
18.5859375,0.6417011079334071,0.46692230224609377
18.6015625,0.6422061011904762,0.466290283203125
18.6171875,0.6418765840076265,0.4660989379882812
18.6328125,0.6419412522088914,0.46612854003906234
18.6484375,0.6417857578822544,0.46627532958984375
18.6640625,0.6418976556687128,0.465908203125
18.6796875,0.6419423421223952,0.465555419921875
18.6953125,0.6417770385742188,0.46606964111328125
18.7109375,0.6419121878487724,0.46580505371093767
18.7265625,0.6420655023484003,0.4659521484375
18.7421875,0.6420066470191592,0.46530517578125
18.7578125,0.6423067365373883,0.46592254638671876
18.7734375,0.6416113717215401,0.466025390625
18.7890625,0.6412251790364584,0.465672607421875
18.8046875,0.6421981084914428,0.46526092529296875
18.8203125,0.6418046497163319,0.46592254638671876
18.8359375,0.6419852120535714,0.46524658203125
18.8515625,0.6416756766183036,0.46562866210937487
18.8671875,0.6415358043852306,0.46523193359375
18.8828125,0.6415299915132069,0.46520263671875
18.8984375,0.6414580572219122,0.4658489990234375
18.9140625,0.6414322626023072,0.4660107421875
18.9296875,0.6414457048688617,0.465584716796875
18.9453125,0.6414642333984382,0.46523193359375
18.9609375,0.6414231799897694,0.465584716796875
18.9765625,0.6414282662527901,0.46527587890625
18.9921875,0.6414061046782,0.4650845336914064
19.0078125,0.6413962954566592,0.46537902832031236
19.0234375,0.6413258143833706,0.4657168579101561
19.0390625,0.6414980207170758,0.46592254638671876
19.0546875,0.6413334437779025,0.465672607421875
19.0703125,0.6413872128441214,0.4658489990234375
19.0859375,0.6412796747116809,0.4660403442382812
19.1015625,0.6413712274460572,0.46589324951171873
19.1171875,0.6413083757672992,0.46589324951171873
19.1328125,0.6413083757672992,0.46612854003906234
19.1484375,0.6412655058361235,0.46583435058593764
19.1640625,0.6413755871000737,0.465555419921875
19.1796875,0.6413178216843378,0.46592254638671876
19.1953125,0.6413160051618311,0.46574615478515613
19.2109375,0.6413130987258191,0.46589324951171873
19.2265625,0.6413690476190477,0.4658489990234375
19.2421875,0.6413468860444569,0.46659881591796876
19.2578125,0.6413864862351191,0.46606964111328125
19.2734375,0.6413712274460572,0.46580505371093767
19.2890625,0.6412862141927084,0.4660989379882812
19.3046875,0.6413363502139143,0.46621673583984374
19.3203125,0.6414380754743311,0.4661727905273439
19.3359375,0.6414304460797992,0.46582000732421874
19.3515625,0.6413675944010416,0.46621673583984374
19.3671875,0.6413385300409227,0.46582000732421874
19.3828125,0.6414140973772321,0.4665545654296875
19.3984375,0.6414180937267485,0.4664517211914064
19.4140625,0.6412883940197166,0.466290283203125
19.4296875,0.6413109188988095,0.46582000732421874
19.4453125,0.6413890293666294,0.4659664916992188
19.4609375,0.6412709554036452,0.46589324951171873
19.4765625,0.6413476126534599,0.4659375
19.4921875,0.6412633260091146,0.4664813232421875
19.5078125,0.6412106468563988,0.4658489990234375
19.5234375,0.6412651425316214,0.4659375
19.5390625,0.6412030174618676,0.46671630859375
19.5546875,0.6413207281203497,0.46673095703125
19.5703125,0.6412749517531622,0.4660989379882812
19.5859375,0.6412651425316214,0.46661376953125
19.6015625,0.6413872128441214,0.4664373779296875
19.6171875,0.6418467930385044,0.46670196533203123
19.6328125,0.6419041951497396,0.46662811279296873
19.6484375,0.6422907511393229,0.4658489990234375
19.6640625,0.6424142746698289,0.4669073486328125
19.6796875,0.6426046462286086,0.4660403442382812
19.6953125,0.6420189993722099,0.46683410644531237
19.7109375,0.6427957443963914,0.4669073486328125
19.7265625,0.6421563284737724,0.46599639892578126
19.7421875,0.6419219970703118,0.46624603271484377
19.7578125,0.6423383440290179,0.467010498046875
19.7734375,0.6421152750651048,0.46624603271484377
19.7890625,0.6423027401878714,0.4659521484375
19.8046875,0.6421563284737724,0.4664224243164064
19.8203125,0.6417537870861235,0.4665838623046875
19.8359375,0.6425890241350454,0.4662017822265625
19.8515625,0.6420102800641742,0.46612854003906234
19.8671875,0.6421447027297247,0.4664813232421875
19.8828125,0.642221359979538,0.4660845947265625
19.8984375,0.6424535115559896,0.4664517211914064
19.9140625,0.6419786725725454,0.4664224243164064
19.9296875,0.6422449747721354,0.4660989379882812
19.9453125,0.6423361642020096,0.46624603271484377
19.9609375,0.6425090971447166,0.46599639892578126
19.9765625,0.6423953828357515,0.4664813232421875
19.9921875,0.642288571312314,0.46592254638671876
20.0078125,0.6423118228004092,0.46582000732421874
20.0234375,0.6421864827473952,0.4659664916992188
20.0390625,0.642547607421875,0.46586395263671876
20.0546875,0.6420237223307285,0.4658489990234375
20.0703125,0.6420233590262276,0.46561370849609374
20.0859375,0.6422932942708334,0.46574615478515613
20.1015625,0.6419968377976191,0.4660403442382812
20.1171875,0.642289297921317,0.4659375
20.1328125,0.6420066470191592,0.4650994873046875
20.1484375,0.6416204543340773,0.46562866210937487
20.1640625,0.6422366187686012,0.46554046630859375
20.1796875,0.6419154575892857,0.46580505371093767
20.1953125,0.6424139113653273,0.46592254638671876
20.2109375,0.6420059204101562,0.46559936523437484
20.2265625,0.6420011974516369,0.46534912109375
20.2421875,0.6423997424897694,0.4655111694335938
20.2578125,0.6423100062779025,0.46534912109375
20.2734375,0.6414606003534227,0.46530517578125
20.2890625,0.6417054675874263,0.46527587890625
20.3046875,0.6417694091796882,0.465584716796875
20.3203125,0.6420298985072544,0.46561370849609374
20.3359375,0.6420128231956845,0.4656436157226562
20.3515625,0.6419557843889508,0.46520263671875
20.3671875,0.6414620535714286,0.4655111694335938
20.3828125,0.6415023803710938,0.4650994873046875
20.3984375,0.6414922078450521,0.4657318115234375
20.4140625,0.6415870303199405,0.46523193359375
20.4296875,0.6415299915132069,0.464952392578125
20.4453125,0.6415470668247761,0.46530517578125
20.4609375,0.6415670485723586,0.4660403442382812
20.4765625,0.6415706816173735,0.46589324951171873
20.4921875,0.6414863949730283,0.4654522705078125
20.5078125,0.6415012904575893,0.46562866210937487
20.5234375,0.641464596702939,0.465555419921875
20.5390625,0.641427902948288,0.465701904296875
20.5546875,0.6414304460797992,0.46520263671875
20.5703125,0.6414515177408854,0.46533477783203125
20.5859375,0.6414787655784977,0.4650845336914064
20.6015625,0.6414213634672619,0.46552551269531234
20.6171875,0.6414380754743311,0.465555419921875
20.6328125,0.6412825811476928,0.465701904296875
20.6484375,0.6413309006463914,0.46546722412109376
20.6640625,0.6413483392624628,0.46568756103515613
20.6796875,0.6413483392624628,0.46559936523437484
20.6953125,0.6413250877743676,0.46586395263671876
20.7109375,0.6413152785528273,0.46552551269531234
20.7265625,0.641402834937686,0.465701904296875
20.7421875,0.6413875761486235,0.46537902832031236
20.7578125,0.6414257231212798,0.46520263671875
20.7734375,0.6412560599190849,0.46531982421875
20.7890625,0.6413675944010416,0.4651727294921875
20.8046875,0.6412764049711681,0.46534912109375
20.8203125,0.6412720453171503,0.46520263671875
20.8359375,0.6412520635695691,0.46527587890625
20.8515625,0.641342526390439,0.46574615478515613
20.8671875,0.6413490658714658,0.46520263671875
20.8828125,0.6413232712518594,0.4650994873046875
20.8984375,0.6412967500232515,0.46562866210937487
20.9140625,0.6412586030505952,0.46523193359375
20.9296875,0.6412596929640997,0.46527587890625
20.9453125,0.641342526390439,0.4650262451171875
20.9609375,0.6412920270647321,0.465701904296875
20.9765625,0.6412804013206845,0.46552551269531234
20.9921875,0.6412636893136168,0.4648348999023439
21.0078125,0.6411721365792404,0.4650262451171875
21.0234375,0.6412102835518974,0.4644970703125
21.0390625,0.6414940243675595,0.464967041015625
21.0546875,0.6414195469447544,0.4650845336914064
21.0703125,0.6416204543340773,0.4650262451171875
21.0859375,0.6414736793154762,0.465555419921875
21.1015625,0.6416091918945312,0.46533477783203125
21.1171875,0.6412538800920758,0.46515838623046873
21.1328125,0.6415394374302456,0.46552551269531234
21.1484375,0.6412284487769717,0.46577575683593764
21.1640625,0.6413029261997761,0.46565795898437484
21.1796875,0.6414834885370164,0.4660107421875
21.1953125,0.6420615059988832,0.4654229736328125
21.2109375,0.6413694109235492,0.46523193359375
21.2265625,0.6413734072730655,0.46523193359375
21.2421875,0.6413948422386533,0.46592254638671876
21.2578125,0.6414871215820312,0.465555419921875
21.2734375,0.6418515159970238,0.46582000732421874
21.2890625,0.6416985648018974,0.4650994873046875
21.3046875,0.6417414347330729,0.46586395263671876
21.3203125,0.6414431617373512,0.46520263671875
21.3359375,0.6414082845052084,0.46586395263671876
21.3515625,0.6417712257021949,0.46515838623046873
21.3671875,0.6416219075520834,0.4660403442382812
21.3828125,0.6415706816173735,0.46534912109375
21.3984375,0.6416349865141369,0.4658489990234375
21.4140625,0.6416956583658854,0.46577575683593764
21.4296875,0.6418013799758191,0.465555419921875
21.4453125,0.6416487920851928,0.46527587890625
21.4609375,0.6416233607700893,0.465555419921875
21.4765625,0.6413032895042783,0.46577575683593764
21.4921875,0.641648428780692,0.465555419921875
21.5078125,0.6413352603004092,0.46582000732421874
21.5234375,0.6417338053385416,0.46583435058593764
21.5390625,0.6414358956473214,0.46579010009765626
21.5546875,0.6418268112909227,0.46592254638671876
21.5703125,0.6417857578822544,0.46577575683593764
21.5859375,0.6416912987118676,0.46599639892578126
21.6015625,0.6420785813104539,0.4650994873046875
21.6171875,0.6415103730701265,0.46579010009765626
21.6328125,0.6415383475167404,0.4656436157226562
21.6484375,0.6415183657691592,0.46579010009765626
21.6640625,0.6416168212890618,0.46586395263671876
21.6796875,0.6413581484840023,0.46537902832031236
21.6953125,0.6412262689499628,0.4658489990234375
21.7109375,0.6411230904715401,0.46527587890625
21.7265625,0.6412139165969122,0.465555419921875
21.7421875,0.6414315359933036,0.46606964111328125
21.7578125,0.6415783110119048,0.46527587890625
21.7734375,0.6417512439546131,0.46520263671875
21.7890625,0.6416291736421131,0.46565795898437484
21.8046875,0.6415361676897321,0.46527587890625
21.8203125,0.641495114281064,0.46586395263671876
21.8359375,0.6415361676897321,0.46586395263671876
21.8515625,0.6414293561662954,0.4660403442382812
21.8671875,0.6415419805617559,0.46561370849609374
21.8828125,0.6414329892113095,0.4660403442382812
21.8984375,0.6414355323428199,0.465672607421875
21.9140625,0.6413548787434896,0.46592254638671876
21.9296875,0.6414976574125737,0.46537902832031236
21.9453125,0.6414006551106771,0.46586395263671876
21.9609375,0.6414329892113095,0.46577575683593764
21.9765625,0.6414275396437872,0.46580505371093767
21.9921875,0.6414315359933036,0.465672607421875
22.0078125,0.6414046514601928,0.46554046630859375
22.0234375,0.6413428896949405,0.46582000732421874
22.0390625,0.6414253598167783,0.46592254638671876
22.0546875,0.6414155505952381,0.46664306640625
22.0703125,0.6413694109235492,0.46568756103515613
22.0859375,0.6413661411830357,0.46612854003906234
22.1015625,0.6412909371512276,0.46586395263671876
22.1171875,0.6413225446428571,0.4660989379882812
22.1328125,0.6413792201450893,0.46582000732421874
22.1484375,0.6413323538643974,0.4660403442382812
22.1640625,0.6413999285016742,0.4659375
22.1796875,0.641305832635788,0.4659375
22.1953125,0.6414271763392857,0.46568756103515613
22.2109375,0.6412596929640997,0.4650262451171875
22.2265625,0.6413457961309523,0.46565795898437484
22.2421875,0.6413014729817715,0.46592254638671876
22.2578125,0.6412876674107143,0.4655111694335938
22.2734375,0.6412676856631324,0.46537902832031236
22.2890625,0.6413258143833706,0.465908203125
22.3046875,0.6412629627046131,0.46577575683593764
22.3203125,0.6412858508882069,0.46520263671875
22.3359375,0.6413051060267857,0.46527587890625
22.3515625,0.6413810366675967,0.465672607421875
22.3671875,0.6412095569428944,0.46574615478515613
22.3828125,0.6412600562686012,0.46520263671875
22.3984375,0.641219729468936,0.46586395263671876
22.4140625,0.6413225446428571,0.46552551269531234
22.4296875,0.6412567865280878,0.4659375
22.4453125,0.6412237258184523,0.46530517578125
22.4609375,0.641592116582962,0.46540832519531233
22.4765625,0.6416073753720238,0.46523193359375
22.4921875,0.6418827601841525,0.46612854003906234
22.5078125,0.6418958391462046,0.4661138916015625
22.5234375,0.642044430687314,0.4660403442382812
22.5390625,0.6418057396298357,0.4660107421875
22.5546875,0.6417625063941592,0.46592254638671876
22.5703125,0.6419674101329985,0.4656436157226562
22.5859375,0.6416851225353429,0.46577575683593764
22.6015625,0.6420324416387642,0.46552551269531234
22.6171875,0.6417977469308036,0.46520263671875
22.6328125,0.6418533325195312,0.4658489990234375
22.6484375,0.6419979277111235,0.466025390625
22.6640625,0.6416553315662202,0.46539337158203126
22.6796875,0.6417886643182664,0.465555419921875
22.6953125,0.6415350777762276,0.46568756103515613
22.7109375,0.6420386178152901,0.46586395263671876
22.7265625,0.6416037423270096,0.465701904296875
22.7421875,0.6421668643043155,0.46534912109375
22.7578125,0.6414253598167783,0.46527587890625
22.7734375,0.6414773123604904,0.46589324951171873
22.7890625,0.6418529692150298,0.46574615478515613
22.8046875,0.6415623256138393,0.46552551269531234
22.8203125,0.6415590558733258,0.46527587890625
22.8359375,0.6418115525018594,0.46582000732421874
22.8515625,0.6419121878487724,0.46577575683593764
22.8671875,0.6417516072591146,0.465555419921875
22.8828125,0.6415350777762276,0.46527587890625
22.8984375,0.6417261759440104,0.46586395263671876
22.9140625,0.6417635963076643,0.46534912109375
22.9296875,0.6416135515485492,0.46577575683593764
22.9453125,0.64183335077195,0.465555419921875
22.9609375,0.6417665027436763,0.46523193359375
22.9765625,0.6417185465494785,0.46546722412109376
22.9921875,0.641800290062314,0.46589324951171873
23.0078125,0.6415641421363467,0.46552551269531234
23.0234375,0.6416088285900298,0.46526092529296875
23.0390625,0.641495114281064,0.4655697631835938
23.0546875,0.6415452503022694,0.465672607421875
23.0703125,0.6416041056315104,0.4651727294921875
23.0859375,0.6418460664295015,0.46523193359375
23.1015625,0.6416229974655878,0.4650845336914064
23.1171875,0.641357421875,0.46527587890625
23.1328125,0.6417759486607143,0.4648641967773439
23.1484375,0.6419056483677456,0.46520263671875
23.1640625,0.6417748587472099,0.46562866210937487
23.1796875,0.6430122738792783,0.46562866210937487
23.1953125,0.6417635963076643,0.4661138916015625
23.2109375,0.6420091901506689,0.465555419921875
23.2265625,0.6417770385742188,0.46552551269531234
23.2421875,0.6415023803710938,0.46523193359375
23.2578125,0.6415510631742931,0.4650994873046875
23.2734375,0.6414569673084071,0.46592254638671876
23.2890625,0.641586667015439,0.4654522705078125
23.3046875,0.6414620535714286,0.465555419921875
23.3203125,0.6414071945917039,0.46565795898437484
23.3359375,0.6415009271530878,0.46559936523437484
23.3515625,0.6414642333984382,0.46586395263671876
23.3671875,0.6414896647135416,0.46562866210937487
23.3828125,0.6413726806640618,0.4660403442382812
23.3984375,0.6413359869094122,0.46534912109375
23.4140625,0.6414355323428199,0.46574615478515613
23.4296875,0.6414061046782,0.46568756103515613
23.4453125,0.6413661411830357,0.4660403442382812
23.4609375,0.6413359869094122,0.4659375
23.4765625,0.6413163684663319,0.46586395263671876
23.4921875,0.6413047427222842,0.4657168579101561
23.5078125,0.6413381667364211,0.46592254638671876
23.5234375,0.6413334437779025,0.46599639892578126
23.5390625,0.6413348969959071,0.46520263671875
23.5546875,0.6413051060267857,0.46568756103515613
23.5703125,0.6412596929640997,0.46606964111328125
23.5859375,0.6413178216843378,0.4657168579101561
23.6015625,0.6413061959402901,0.46582000732421874
23.6171875,0.6412219092959449,0.46586395263671876
23.6328125,0.6413083757672992,0.46589324951171873
23.6484375,0.6412687755766369,0.4657168579101561
23.6640625,0.6413741338820691,0.46599639892578126
23.6796875,0.6413061959402901,0.46606964111328125
23.6953125,0.6412328084309896,0.46523193359375
23.7109375,0.6412527901785714,0.4660403442382812
23.7265625,0.6413250877743676,0.46574615478515613
23.7421875,0.6412455240885416,0.46527587890625
23.7578125,0.6413134620303199,0.46592254638671876
23.7734375,0.6413516090029762,0.4650845336914064
23.7890625,0.641250247047061,0.46549621582031236
23.8046875,0.6412244524274546,0.46586395263671876
23.8203125,0.6411804925827753,0.46577575683593764
23.8359375,0.6412251790364584,0.46520263671875
23.8515625,0.6412520635695691,0.4658489990234375
23.8671875,0.6413218180338548,0.46527587890625
23.8828125,0.6412636893136168,0.46537902832031236
23.8984375,0.6412404378255215,0.46577575683593764
23.9140625,0.6417160034179688,0.46574615478515613
23.9296875,0.6419397989908854,0.46565795898437484
23.9453125,0.6425505138578869,0.4660403442382812
23.9609375,0.6429726736886168,0.46574615478515613
23.9765625,0.6423525129045758,0.46559936523437484
23.9921875,0.6427557809012276,0.466378173828125
24.0078125,0.6432727632068452,0.46520263671875
24.0234375,0.6426398867652523,0.46565795898437484
24.0390625,0.6422446114676332,0.46599639892578126
24.0546875,0.6433305286225819,0.46526092529296875
24.0703125,0.642622811453683,0.46579010009765626
24.0859375,0.6421999250139508,0.46586395263671876
24.1015625,0.6425149100167404,0.46586395263671876
24.1171875,0.6418562389555431,0.4661138916015625
24.1328125,0.6420273553757441,0.4660989379882812
24.1484375,0.6423430669875372,0.46592254638671876
24.1640625,0.6425581432524181,0.46606964111328125
24.1796875,0.6421933855329242,0.46599639892578126
24.1953125,0.6423844837007069,0.46618713378906235
24.2109375,0.6422311692010789,0.4657168579101561
24.2265625,0.6422598702566964,0.46589324951171873
24.2421875,0.6417781284877239,0.46592254638671876
24.2578125,0.6426322573707217,0.46537902832031236
24.2734375,0.642471676781064,0.4661138916015625
24.2890625,0.6424644106910342,0.46586395263671876
24.3046875,0.642226082938058,0.466025390625
24.3203125,0.6424240838913691,0.46580505371093767
24.3359375,0.6418693179175967,0.4659521484375
24.3515625,0.6426613217308408,0.4660403442382812
24.3671875,0.6422217232840401,0.4665106201171875
24.3828125,0.6422500610351562,0.46667205810546875
24.3984375,0.6420353480747761,0.4660403442382812
24.4140625,0.6420793079194569,0.4661727905273439
24.4296875,0.641952877952939,0.46673095703125
24.4453125,0.6418584187825521,0.466334228515625
24.4609375,0.6422082810174858,0.46606964111328125
24.4765625,0.6418482462565104,0.4662017822265625
24.4921875,0.6421777634393594,0.46621673583984374
24.5078125,0.6425236293247761,0.4664813232421875
24.5234375,0.6414704095749628,0.466378173828125
24.5390625,0.6423761276971727,0.46673095703125
24.5546875,0.6424738566080729,0.4664956665039062
24.5703125,0.6427194504510789,0.46599639892578126
24.5859375,0.6420004708426332,0.466025390625
24.6015625,0.6415917532784599,0.466378173828125
24.6171875,0.6416397094726562,0.46614288330078124
24.6328125,0.6415641421363467,0.4663931274414064
24.6484375,0.6415470668247761,0.46634918212890625
24.6640625,0.6415750412713914,0.46612854003906234
24.6796875,0.6414903913225454,0.4667752075195313
24.6953125,0.6414747692289806,0.46574615478515613
24.7109375,0.6414413452148438,0.46673095703125
24.7265625,0.6415488833472842,0.46659881591796876
24.7421875,0.6414148239862358,0.4660989379882812
24.7578125,0.6414823986235119,0.46662811279296873
24.7734375,0.6413941156296503,0.46662811279296873
24.7890625,0.6415150960286452,0.4664813232421875
24.8046875,0.6414420718238467,0.46659881591796876
24.8203125,0.6413864862351191,0.4660989379882812
24.8359375,0.6413792201450893,0.46606964111328125
24.8515625,0.6414213634672619,0.466290283203125
24.8671875,0.6414144606817336,0.466334228515625
24.8828125,0.6413828531901048,0.46574615478515613
24.8984375,0.6414696829659599,0.4664956665039062
24.9140625,0.6413850330171131,0.4660989379882812
24.9296875,0.6414148239862358,0.4664813232421875
24.9453125,0.6413672310965401,0.4660989379882812
24.9609375,0.6413327171688988,0.4664224243164064
24.9765625,0.6413843064081094,0.4659521484375
24.9921875,0.641341073172433,0.4663931274414064
25.0078125,0.6414155505952381,0.4659521484375
25.0234375,0.6413483392624628,0.46599639892578126
25.0390625,0.6413243611653646,0.4661578369140624
25.0546875,0.6414013817196801,0.4659375
25.0703125,0.6412669590541294,0.4656436157226562
25.0859375,0.6413933890206474,0.46592254638671876
25.1015625,0.6412695021856406,0.46580505371093767
25.1171875,0.6413748604910714,0.4660845947265625
25.1328125,0.6412902105422247,0.4659664916992188
25.1484375,0.6413348969959071,0.46592254638671876
25.1640625,0.6413766770135789,0.465701904296875
25.1796875,0.6413661411830357,0.46624603271484377
25.1953125,0.6412745884486607,0.46586395263671876
25.2109375,0.6413047427222842,0.4665838623046875
25.2265625,0.6413330804734003,0.4660989379882812
25.2421875,0.6412942068917404,0.4664373779296875
25.2578125,0.6412455240885416,0.46574615478515613
25.2734375,0.6413207281203497,0.46592254638671876
25.2890625,0.6414373488653273,0.4659521484375
25.3046875,0.6418576921735492,0.46627532958984375
25.3203125,0.6420687720889143,0.4664517211914064
25.3359375,0.6429817563011533,0.46631927490234387
25.3515625,0.6420368012927834,0.4660989379882812
25.3671875,0.6422013782319569,0.4661727905273439
25.3828125,0.6428142729259666,0.46661376953125
25.3984375,0.6424611409505215,0.4659814453125
25.4140625,0.6423165457589286,0.46662811279296873
25.4296875,0.6424546014694941,0.46662811279296873
25.4453125,0.6425468808128714,0.46661376953125
25.4609375,0.6423761276971727,0.4664813232421875
25.4765625,0.6424059186662954,0.4661578369140624
25.4921875,0.6420455206008191,0.46687835693359375
25.5078125,0.6419743129185261,0.4660989379882812
25.5234375,0.6425570533389143,0.4660989379882812
25.5390625,0.6421937488374263,0.46621673583984374
25.5546875,0.6422453380766369,0.46627532958984375
25.5703125,0.6419939313616071,0.46606964111328125
25.5859375,0.6422507876441592,0.4659664916992188
25.6015625,0.6420502435593378,0.46627532958984375
25.6171875,0.6420291718982515,0.46664306640625
25.6328125,0.6418496994745164,0.4660989379882812
25.6484375,0.6426282610212046,0.466378173828125
25.6640625,0.642500741141183,0.4660546875
25.6796875,0.6422286260695691,0.4659375
25.6953125,0.6424589611235119,0.46612854003906234
25.7109375,0.6427281697591146,0.46599639892578126
25.7265625,0.6420538766043526,0.4661138916015625
25.7421875,0.6424367995489211,0.46589324951171873
25.7578125,0.6422511509486607,0.46599639892578126
25.7734375,0.6430108206612724,0.4658489990234375
25.7890625,0.6426246279761905,0.4664956665039062
25.8046875,0.6429359799339658,0.46606964111328125
25.8203125,0.6425239926292783,0.4659521484375
25.8359375,0.6428531465076265,0.46627532958984375
25.8515625,0.642563229515439,0.4659814453125
25.8671875,0.6423772176106771,0.466334228515625
25.8828125,0.6427314394996286,0.46599639892578126
25.8984375,0.6422991071428571,0.46662811279296873
25.9140625,0.6428847539992559,0.46671630859375
25.9296875,0.6427543276832217,0.46661376953125
25.9453125,0.6419456118629092,0.46671630859375
25.9609375,0.6418758573986235,0.46673095703125
25.9765625,0.6420182727632069,0.46661376953125
25.9921875,0.64173598516555,0.466334228515625
26.0078125,0.6417915707542783,0.4665838623046875
26.0234375,0.6415325346447166,0.46624603271484377
26.0390625,0.6415274483816964,0.46687835693359375
26.0546875,0.6414834885370164,0.46670196533203123
26.0703125,0.6414805821010044,0.46631927490234387
26.0859375,0.6415103730701265,0.46737762451171877
26.1015625,0.6415085565476191,0.46631927490234387
26.1171875,0.6414606003534227,0.46674591064453125
26.1328125,0.6414740426199776,0.46687835693359375
26.1484375,0.6415510631742931,0.46737762451171877
26.1640625,0.6414304460797992,0.46711303710937485
26.1796875,0.6414264497302834,0.46727508544921875
26.1953125,0.6414246332077753,0.46711303710937485
26.2109375,0.6414871215820312,0.46695159912109374
26.2265625,0.6414308093843,0.46686340332031234
26.2421875,0.6414191836402523,0.4673486328125
26.2578125,0.6414903913225454,0.46686340332031234
26.2734375,0.6414228166852679,0.4669366455078125
26.2890625,0.641448974609375,0.4672012329101561
26.3046875,0.6414526076543906,0.4669366455078125
26.3203125,0.6414842151460194,0.4672454833984375
26.3359375,0.6413962954566592,0.46680450439453125
26.3515625,0.6414253598167783,0.4672601318359376
26.3671875,0.6414536975678944,0.4672601318359376
26.3828125,0.6414962041945691,0.4667901611328125
26.3984375,0.6414678664434523,0.4669073486328125
26.4140625,0.6414195469447544,0.4672454833984375
26.4296875,0.6414529709588914,0.46748077392578125
26.4453125,0.6413566952659977,0.4670547485351561
26.4609375,0.6413508823939739,0.4669366455078125
26.4765625,0.6413381667364211,0.46676025390625
26.4921875,0.6414173671177456,0.46686340332031234
26.5078125,0.6413298107328869,0.4670547485351561
26.5234375,0.6413861229306176,0.4665838623046875
26.5390625,0.6413792201450893,0.4670547485351561
26.5546875,0.6413218180338548,0.4669366455078125
26.5703125,0.6413312639508929,0.4672601318359376
26.5859375,0.6413076491582961,0.46737762451171877
26.6015625,0.6413094656808036,0.4672601318359376
26.6171875,0.6413076491582961,0.4672012329101561
26.6328125,0.6414809454055059,0.4669366455078125
26.6484375,0.6417083740234382,0.4672601318359376
26.6640625,0.6419586908249628,0.46695159912109374
26.6796875,0.6420142764136905,0.46695159912109374
26.6953125,0.6418217250279025,0.46687835693359375
26.7109375,0.6417679559616809,0.466363525390625
26.7265625,0.6421981084914428,0.46702484130859373
26.7421875,0.6422326224190849,0.46702484130859373
26.7578125,0.6419692266555059,0.4669073486328125
26.7734375,0.642013913109189,0.4669366455078125
26.7890625,0.6427932012648809,0.46687835693359375
26.8046875,0.6427179972330729,0.46676025390625
26.8203125,0.6420186360677084,0.46680450439453125
26.8359375,0.642019362676712,0.46686340332031234
26.8515625,0.6422660464332217,0.46624603271484377
26.8671875,0.6420854840959821,0.46695159912109374
26.8828125,0.6426050095331094,0.4669366455078125
26.8984375,0.6421141851515997,0.46695159912109374
26.9140625,0.6425341651553199,0.4669073486328125
26.9296875,0.6421563284737724,0.46662811279296873
26.9453125,0.6426605951218378,0.4660989379882812
26.9609375,0.6420698620024181,0.46671630859375
26.9765625,0.6419397989908854,0.4667901611328125
26.9921875,0.6423249017624628,0.4659521484375
27.0078125,0.6420600527808786,0.46671630859375
27.0234375,0.6423626854306176,0.4662017822265625
27.0390625,0.6419463384719122,0.46606964111328125
27.0546875,0.6422286260695691,0.4661138916015625
27.0703125,0.6422369820731026,0.46624603271484377
27.0859375,0.6420676821754092,0.46661376953125
27.1015625,0.6420520600818452,0.46662811279296873
27.1171875,0.6422765822637642,0.46612854003906234
27.1328125,0.6420204525902158,0.46667205810546875
27.1484375,0.642532711937314,0.46671630859375
27.1640625,0.6424204508463548,0.46687835693359375
27.1796875,0.6419492449079242,0.4664813232421875
27.1953125,0.6420041038876488,0.46624603271484377
27.2109375,0.641897292364212,0.4664813232421875
27.2265625,0.6420502435593378,0.4664956665039062
27.2421875,0.6418896629696801,0.46673095703125
27.2578125,0.6420538766043526,0.46661376953125
27.2734375,0.6421018327985492,0.46624603271484377
27.2890625,0.642195565359933,0.4664813232421875
27.3046875,0.6420142764136905,0.46614288330078124
27.3203125,0.6423009236653646,0.4664373779296875
27.3359375,0.6423056466238832,0.46621673583984374
27.3515625,0.6413708641415551,0.46659881591796876
27.3671875,0.6423648652576265,0.46606964111328125
27.3828125,0.6419263567243311,0.4664517211914064
27.3984375,0.6415732247488832,0.466304931640625
27.4140625,0.6414747692289806,0.4659521484375
27.4296875,0.6415655953543526,0.4659521484375
27.4453125,0.6416506086077008,0.46592254638671876
27.4609375,0.6414620535714286,0.46661376953125
27.4765625,0.6415754045758929,0.4667752075195313
27.4921875,0.6415775844029025,0.46686340332031234
27.5078125,0.6415118262881324,0.46673095703125
27.5234375,0.6414457048688617,0.4659664916992188
27.5390625,0.6414453415643594,0.46662811279296873
27.5546875,0.6413872128441214,0.46676025390625
27.5703125,0.6414210001627604,0.46612854003906234
27.5859375,0.6413192749023438,0.46606964111328125
27.6015625,0.6413712274460572,0.46687835693359375
27.6171875,0.6413694109235492,0.46671630859375
27.6328125,0.6414199102492559,0.46614288330078124
27.6484375,0.6413799467540929,0.46659881591796876
27.6640625,0.6412833077566964,0.46674591064453125
27.6796875,0.6414206368582596,0.46659881591796876
27.6953125,0.6413439796084449,0.46606964111328125
27.7109375,0.6413069225492931,0.4662017822265625
27.7265625,0.6413628714425224,0.46702484130859373
27.7421875,0.6413214547293526,0.46606964111328125
27.7578125,0.6412753150576643,0.46621673583984374
27.7734375,0.6413632347470238,0.466363525390625
27.7890625,0.6412764049711681,0.46621673583984374
27.8046875,0.6413029261997761,0.4660403442382812
27.8203125,0.6413109188988095,0.4662017822265625
27.8359375,0.6413523356119785,0.4661138916015625
27.8515625,0.6413185482933408,0.46631927490234387
27.8671875,0.6413145519438237,0.4658489990234375
27.8828125,0.6412295386904762,0.46671630859375
27.8984375,0.6412745884486607,0.4661727905273439
27.9140625,0.6413091023763021,0.466378173828125
27.9296875,0.6413225446428571,0.4667901611328125
27.9453125,0.6413468860444569,0.4664813232421875
27.9609375,0.6412782214936763,0.46656951904296873
27.9765625,0.6412469773065477,0.46671630859375
27.9921875,0.6413167317708334,0.4662017822265625
28.0078125,0.6413094656808036,0.4664517211914064
28.0234375,0.6412313552129836,0.4660989379882812
28.0390625,0.6412262689499628,0.46606964111328125
28.0546875,0.6412328084309896,0.4660403442382812
28.0703125,0.6412716820126488,0.4661138916015625
28.0859375,0.6412836710611979,0.46621673583984374
28.1015625,0.6411928449358258,0.46589324951171873
28.1171875,0.6412299019949776,0.4658489990234375
28.1328125,0.6412684122721354,0.46614288330078124
28.1484375,0.6413512456984747,0.4662310791015625
28.1640625,0.6410860334123883,0.46614288330078124
28.1796875,0.6416357131231406,0.46627532958984375
28.1953125,0.6421112787155878,0.46586395263671876
28.2109375,0.6417247227260044,0.4664224243164064
28.2265625,0.6421523321242559,0.4659664916992188
28.2421875,0.6426685878208706,0.4660845947265625
28.2578125,0.6418664114815849,0.4660989379882812
28.2734375,0.6420269920712426,0.46586395263671876
28.2890625,0.6421051025390618,0.4660989379882812
28.3046875,0.6422293526785714,0.4667752075195313
28.3203125,0.6422929309663319,0.46661376953125
28.3359375,0.6431405203683036,0.4659521484375
28.3515625,0.6424476986839658,0.46631927490234387
28.3671875,0.6420298985072544,0.4660107421875
28.3828125,0.6416415259951643,0.46586395263671876
28.3984375,0.6424041021437872,0.46586395263671876
28.4140625,0.642226082938058,0.46606964111328125
28.4296875,0.6420259021577381,0.4659521484375
28.4453125,0.6420567830403646,0.46582000732421874
28.4609375,0.6428905668712798,0.46634918212890625
28.4765625,0.6418061029343378,0.466334228515625
28.4921875,0.6424894787016369,0.4659664916992188
28.5078125,0.6417083740234382,0.46606964111328125
28.5234375,0.6422286260695691,0.46580505371093767
28.5390625,0.6422431582496286,0.466025390625
28.5546875,0.641897292364212,0.46606964111328125
28.5703125,0.6428338913690477,0.4664813232421875
28.5859375,0.6418406168619785,0.46662811279296873
28.6015625,0.6418958391462046,0.4660989379882812
28.6171875,0.6415002005440849,0.466378173828125
28.6328125,0.6418849400111607,0.466363525390625
28.6484375,0.6421839396158854,0.46673095703125
28.6640625,0.6420716785249263,0.46662811279296873
28.6796875,0.6423194521949405,0.46624603271484377
28.6953125,0.6422391619001117,0.4665838623046875
28.7109375,0.6422547839936763,0.46676025390625
28.7265625,0.6418478829520096,0.4669073486328125
28.7421875,0.6418042864118311,0.466378173828125
28.7578125,0.6417036510649181,0.46659881591796876
28.7734375,0.64161391485305,0.4662017822265625
28.7890625,0.6422486078171503,0.4665838623046875
28.8046875,0.6425003778366809,0.46664306640625
28.8203125,0.6414544241768974,0.46673095703125
28.8359375,0.6423423403785342,0.46662811279296873
28.8515625,0.6422765822637642,0.46680450439453125
28.8671875,0.6416920253208706,0.4665838623046875
28.8828125,0.6416073753720238,0.4667901611328125
28.8984375,0.6415997459774926,0.4669366455078125
28.9140625,0.6417152768089658,0.46723114013671874
28.9296875,0.6415808541434151,0.4669366455078125
28.9453125,0.6415764944893974,0.46748077392578125
28.9609375,0.6415274483816964,0.4672601318359376
28.9765625,0.6416883922758556,0.46748077392578125
28.9921875,0.6415209089006689,0.4672601318359376
29.0078125,0.6415423438662574,0.4670547485351561
29.0234375,0.6415394374302456,0.4675689697265625
29.0390625,0.6415219988141742,0.4675100708007813
29.0546875,0.6414925711495536,0.4675100708007813
29.0703125,0.6414573306129092,0.467701416015625
29.0859375,0.6414420718238467,0.4674658203125
29.1015625,0.6414562406994048,0.4676129150390624
29.1171875,0.6414587838309151,0.46780426025390626
29.1328125,0.6414362589518229,0.46764221191406236
29.1484375,0.6413843064081094,0.46802490234375
29.1640625,0.6414079212007069,0.4675982666015625
29.1796875,0.6413334437779025,0.4667752075195313
29.1953125,0.6414210001627604,0.46764221191406236
29.2109375,0.641341073172433,0.46737762451171877
29.2265625,0.6412949335007441,0.46764221191406236
29.2421875,0.6413483392624628,0.4674365234375
29.2578125,0.6413992018926711,0.46764221191406236
29.2734375,0.641326904296875,0.4675100708007813
29.2890625,0.6413610549200142,0.4672601318359376
29.3046875,0.6413359869094122,0.4673486328125
29.3203125,0.6413694109235492,0.4667752075195313
29.3359375,0.6413534255254836,0.4672601318359376
29.3515625,0.6412081037248883,0.4672601318359376
29.3671875,0.6412931169782367,0.46737762451171877
29.3828125,0.6413025628952753,0.46680450439453125
29.3984375,0.6413646879650298,0.4669073486328125
29.4140625,0.6413628714425224,0.46711303710937485
29.4296875,0.6412843976702008,0.4669366455078125
29.4453125,0.6413134620303199,0.4669366455078125
29.4609375,0.6412883940197166,0.4670547485351561
29.4765625,0.6413399832589286,0.4669366455078125
29.4921875,0.6413207281203497,0.4675100708007813
29.5078125,0.6412760416666666,0.4669366455078125
29.5234375,0.6413381667364211,0.46711303710937485
29.5390625,0.6411416190011168,0.4669366455078125
29.5546875,0.6411674136207217,0.46698089599609377
29.5703125,0.6410936628069189,0.46680450439453125
29.5859375,0.6411724998837426,0.46661376953125
29.6015625,0.6410344441731771,0.466025390625
29.6171875,0.641128903343564,0.46686340332031234
29.6328125,0.6409603300548735,0.4659521484375
29.6484375,0.6410322643461681,0.4669366455078125
29.6640625,0.6408829461960572,0.46662811279296873
29.6796875,0.641127450125558,0.4665838623046875
29.6953125,0.6412404378255215,0.46676025390625
29.7109375,0.6411365327380952,0.4669366455078125
29.7265625,0.6413632347470238,0.46695159912109374
29.7421875,0.641249520438058,0.46723114013671874
29.7578125,0.6413995651971727,0.4665838623046875
29.7734375,0.6412909371512276,0.4672601318359376
29.7890625,0.6413534255254836,0.4669366455078125
29.8046875,0.6413777669270834,0.46737762451171877
29.8203125,0.6412843976702008,0.4669366455078125
29.8359375,0.6414275396437872,0.46723114013671874
29.8515625,0.6413530622209821,0.46717224121093764
29.8671875,0.6413483392624628,0.4669366455078125
29.8828125,0.6412033807663691,0.46723114013671874
29.8984375,0.6413530622209821,0.46745147705078127
29.9140625,0.6413744971865699,0.46745147705078127
29.9296875,0.6412887573242188,0.467745361328125
29.9453125,0.64129638671875,0.46748077392578125
29.9609375,0.6412004743303571,0.4667901611328125
29.9765625,0.6412433442615334,0.4670837402343749
29.9921875,0.6414438883463548,0.4670547485351561
30.0078125,0.641371590750558,0.46748077392578125
30.0234375,0.6413145519438237,0.4669366455078125
30.0390625,0.6410932995024181,0.4672454833984375
30.0546875,0.6412927536737358,0.46680450439453125
30.0703125,0.6412012009393594,0.46727508544921875
30.0859375,0.6410518827892485,0.4669366455078125
30.1015625,0.6413029261997761,0.4670547485351561
30.1171875,0.6413149152483258,0.4665838623046875
30.1328125,0.6412618727911086,0.4669366455078125
30.1484375,0.6411997477213548,0.4669366455078125
30.1640625,0.6411499750046503,0.4672601318359376
30.1796875,0.6412578764415929,0.46715728759765623
30.1953125,0.6413523356119785,0.4672454833984375
30.2109375,0.641427902948288,0.46662811279296873
30.2265625,0.6415401640392485,0.46723114013671874
30.2421875,0.641524178641183,0.4669366455078125
30.2578125,0.6418544224330357,0.46764221191406236
30.2734375,0.6423343476795015,0.4675100708007813
30.2890625,0.6420585995628714,0.46764221191406236
30.3046875,0.6418431599934896,0.46783355712890623
30.3203125,0.6416615077427456,0.46764221191406236
30.3359375,0.6416190011160714,0.4679067993164064
30.3515625,0.6416124616350454,0.4673193359375
30.3671875,0.6416705903552834,0.4679067993164064
30.3828125,0.6415906633649546,0.467672119140625
30.3984375,0.641615731375558,0.46802490234375
30.4140625,0.641571044921875,0.46818634033203127
30.4296875,0.6414460681733631,0.46802490234375
30.4453125,0.641464596702939,0.46802490234375
30.4609375,0.641464596702939,0.46821563720703124
30.4765625,0.641556149437314,0.4679510498046875
30.4921875,0.6415670485723586,0.46868621826171875
30.5078125,0.6414569673084071,0.4687005615234375
30.5234375,0.6415103730701265,0.4682452392578125
30.5390625,0.6415212722051711,0.46815704345703124
30.5546875,0.6414627801804309,0.46818634033203127
30.5703125,0.6414424351283475,0.4687744140625
30.5859375,0.6415325346447166,0.4685098266601561
30.6015625,0.6413011096772694,0.4687005615234375
30.6171875,0.6413999285016742,0.468524169921875
30.6328125,0.6413864862351191,0.468524169921875
30.6484375,0.6414155505952381,0.46812744140625
30.6640625,0.6412992931547619,0.46802490234375
30.6796875,0.6412974766322544,0.468377685546875
30.6953125,0.6413701375325521,0.46773040771484375
30.7109375,0.6413428896949405,0.46818634033203127
30.7265625,0.6413494291759666,0.4683038330078125
30.7421875,0.6413690476190477,0.46812744140625
30.7578125,0.641402108328683,0.46773040771484375
30.7734375,0.6413359869094122,0.468377685546875
30.7890625,0.641387939453125,0.4678485107421875
30.8046875,0.6413374401274181,0.46802490234375
30.8203125,0.6414079212007069,0.46802490234375
30.8359375,0.6413043794177834,0.46802490234375
30.8515625,0.6413363502139143,0.4683038330078125
30.8671875,0.6413407098679309,0.46802490234375
30.8828125,0.641432625906808,0.46802490234375
30.8984375,0.6413003830682664,0.4675982666015625
30.9140625,0.6413763137090773,0.46764221191406236
30.9296875,0.6413592383975074,0.46764221191406236
30.9453125,0.6413167317708334,0.4677603149414064
30.9609375,0.641343252999442,0.467672119140625
30.9765625,0.6413414364769345,0.46786285400390626
30.9921875,0.6412985665457596,0.46783355712890623
31.0078125,0.6413265409923735,0.46748077392578125
31.0234375,0.6413392566499263,0.46737762451171877
31.0390625,0.6412949335007441,0.46748077392578125
31.0546875,0.6413461594354539,0.46752502441406235
31.0703125,0.6413290841238832,0.46745147705078127
31.0859375,0.6412106468563988,0.4674365234375
31.1015625,0.6413708641415551,0.4669366455078125
31.1171875,0.6412455240885416,0.46737762451171877
31.1328125,0.6412596929640997,0.4673486328125
31.1484375,0.6412088303338914,0.46723114013671874
31.1640625,0.6413283575148809,0.46698089599609377
31.1796875,0.6413247244698668,0.46687835693359375
31.1953125,0.641347975957962,0.46745147705078127
31.2109375,0.6413457961309523,0.4669366455078125
31.2265625,0.6412960234142485,0.46748077392578125
31.2421875,0.6412288120814739,0.4672161865234375
31.2578125,0.6411714099702381,0.4669366455078125
31.2734375,0.6412883940197166,0.4669366455078125
31.2890625,0.6413207281203497,0.4669366455078125
31.3046875,0.6412455240885416,0.4674365234375
31.3203125,0.6412960234142485,0.46702484130859373
31.3359375,0.6413643246605283,0.46631927490234387
31.3515625,0.6413109188988095,0.46686340332031234
31.3671875,0.6413229079473586,0.4665838623046875
31.3828125,0.6412727719261533,0.46723114013671874
31.3984375,0.6412887573242188,0.4670547485351561
