Time (seconds), Duration (seconds),pred_unlabelled,pred_up,pred_down,pred_left,pred_right
0.01601,0.29891,0.99962,0.00013,0.00010,0.00004,0.00011
0.21580,0.29801,0.99962,0.00013,0.00010,0.00004,0.00011
0.41518,0.29777,0.99962,0.00013,0.00010,0.00004,0.00011
0.61388,0.29853,0.99962,0.00013,0.00010,0.00004,0.00011
0.81262,0.29856,0.99962,0.00013,0.00010,0.00004,0.00011
1.01173,0.29915,0.99962,0.00013,0.00010,0.00004,0.00011
1.21094,0.29867,0.99850,0.00020,0.00031,0.00084,0.00016
1.41008,0.29939,0.00000,0.00000,0.00000,0.00000,1.00000
1.61010,0.29822,0.99440,0.00000,0.00000,0.00000,0.00560
1.80882,0.29934,0.99962,0.00013,0.00010,0.00004,0.00011
2.00858,0.29768,0.99962,0.00013,0.00010,0.00004,0.00011
2.20696,0.29934,0.99422,0.00246,0.00026,0.00069,0.00237
2.40660,0.29874,0.00000,0.00000,0.00000,0.00000,1.00000
2.60548,0.29873,0.99863,0.00019,0.00040,0.00025,0.00053
2.80521,0.29843,0.99962,0.00013,0.00010,0.00004,0.00011
3.00402,0.29956,0.99962,0.00013,0.00010,0.00004,0.00011
3.20302,0.29930,0.99730,0.00032,0.00002,0.00012,0.00224
3.40267,0.29931,0.00012,0.00000,0.00000,0.00000,0.99988
3.60260,0.29793,0.99949,0.00011,0.00017,0.00006,0.00018
3.80157,0.29895,0.00001,0.00000,0.00000,0.00000,0.99999
4.00106,0.29918,0.97554,0.00000,0.00000,0.00000,0.02445
4.20068,0.29821,0.99962,0.00013,0.00010,0.00004,0.00011
4.39977,0.29842,0.99962,0.00013,0.00010,0.00004,0.00011
4.59880,0.29842,0.99962,0.00013,0.00010,0.00004,0.00011
4.79733,0.29875,0.99962,0.00013,0.00010,0.00004,0.00011
4.99662,0.29882,0.03943,0.00624,0.14171,0.00010,0.81251
5.19565,0.29920,0.99240,0.00220,0.00095,0.00001,0.00444
5.39551,0.29889,0.99962,0.00013,0.00010,0.00004,0.00011
5.59430,0.29936,0.99962,0.00013,0.00010,0.00004,0.00011
5.79318,0.29939,0.99962,0.00013,0.00010,0.00004,0.00011
5.99247,0.29894,0.99962,0.00013,0.00010,0.00004,0.00011
6.19207,0.29866,0.99962,0.00013,0.00010,0.00004,0.00011
6.39111,0.29866,0.94509,0.01580,0.00005,0.00004,0.03902
6.59006,0.29960,0.00037,0.00000,0.00001,0.00000,0.99962
6.78933,0.29858,0.99940,0.00016,0.00021,0.00008,0.00015
6.98850,0.29879,0.99962,0.00013,0.00010,0.00004,0.00011
7.18779,0.29916,0.99962,0.00013,0.00010,0.00004,0.00011
7.38725,0.29856,0.99962,0.00013,0.00010,0.00004,0.00011
7.58579,0.29932,0.99962,0.00013,0.00010,0.00004,0.00011
7.78476,0.29986,0.00010,0.00000,0.00000,0.00000,0.99990
7.98435,0.29946,0.98382,0.00000,0.00000,0.00000,0.01618
8.18441,0.29842,0.99962,0.00013,0.00010,0.00004,0.00011
8.38278,0.29893,0.99962,0.00013,0.00010,0.00004,0.00011
8.58170,0.29908,0.91766,0.00051,0.00018,0.00031,0.08134
8.78117,0.29920,0.00001,0.00000,0.00000,0.00000,0.99999
8.98078,0.29880,0.99808,0.00072,0.00014,0.00011,0.00095
9.18002,0.29867,0.99962,0.00013,0.00010,0.00004,0.00011
9.37918,0.29820,0.99962,0.00013,0.00010,0.00004,0.00011
9.57829,0.29894,0.99962,0.00013,0.00010,0.00004,0.00011
9.77743,0.29906,0.00000,0.00000,0.00000,0.00000,1.00000
9.97651,0.29938,0.96718,0.00000,0.00000,0.00000,0.03282
10.17599,0.29857,0.94884,0.00209,0.00024,0.00188,0.04695
10.37549,0.29908,0.00000,0.00000,0.00000,0.00000,1.00000
10.57455,0.29873,0.00015,0.00000,0.00000,0.00000,0.99985
10.77388,0.29919,0.99938,0.00012,0.00021,0.00009,0.00020
10.97377,0.29866,0.99962,0.00013,0.00010,0.00004,0.00011
11.17277,0.29881,0.99962,0.00013,0.00010,0.00004,0.00011
11.37194,0.29828,0.99962,0.00013,0.00010,0.00004,0.00011
11.57046,0.29841,0.00151,0.00088,0.00000,0.00000,0.99761
11.76976,0.29931,0.99960,0.00008,0.00001,0.00000,0.00031
11.96994,0.29771,0.99962,0.00013,0.00010,0.00004,0.00011
12.16893,0.29878,0.99962,0.00013,0.00010,0.00004,0.00011
12.36801,0.29861,0.99962,0.00013,0.00010,0.00004,0.00011
12.56661,0.29878,0.99962,0.00013,0.00010,0.00004,0.00011
12.76577,0.29892,0.97248,0.00042,0.00009,0.00005,0.02696
12.96491,0.29985,0.00007,0.00000,0.00000,0.00000,0.99993
13.16457,0.29935,0.40697,0.03110,0.00947,0.00005,0.55241
13.36420,0.29868,0.99962,0.00013,0.00010,0.00004,0.00011
13.56334,0.29846,0.99962,0.00013,0.00010,0.00004,0.00011
13.76263,0.29847,0.99962,0.00013,0.00010,0.00004,0.00011
13.96188,0.29840,0.99962,0.00013,0.00010,0.00004,0.00011
14.16020,0.29875,0.99962,0.00013,0.00010,0.00004,0.00011
14.35914,0.29909,0.48239,0.00182,0.00005,0.00003,0.51571
14.55834,0.30009,0.00001,0.00000,0.00000,0.00000,0.99999
14.75850,0.29887,0.14716,0.00999,0.00839,0.00007,0.83438
14.95755,0.29932,0.99962,0.00013,0.00010,0.00004,0.00011
15.15745,0.29804,0.99962,0.00013,0.00010,0.00004,0.00011
15.35560,0.29879,0.99962,0.00013,0.00010,0.00004,0.00011
15.55515,0.29861,0.99962,0.00013,0.00010,0.00004,0.00011
15.75401,0.29926,0.95596,0.00199,0.00026,0.00216,0.03962
15.95303,0.29941,0.00037,0.00000,0.00000,0.00000,0.99963
16.15310,0.29893,0.00000,0.00000,0.00000,0.00000,1.00000
16.35226,0.29893,0.99185,0.00001,0.00000,0.00000,0.00814
16.55239,0.29787,0.99962,0.00013,0.00010,0.00004,0.00011
16.75173,0.29790,0.99962,0.00013,0.00010,0.00004,0.00011
16.94961,0.29923,0.99962,0.00013,0.00010,0.00004,0.00011
17.14939,0.29853,0.99962,0.00013,0.00010,0.00004,0.00011
17.34844,0.29929,0.02137,0.00001,0.00001,0.00003,0.97859
17.54791,0.29934,0.00000,0.00000,0.00000,0.00000,1.00000
17.74714,0.29971,0.96798,0.00000,0.00001,0.00000,0.03201
17.94760,0.29772,0.99962,0.00013,0.00010,0.00004,0.00011
18.14615,0.29875,0.99962,0.00013,0.00010,0.00004,0.00011
18.34500,0.29856,0.99962,0.00013,0.00010,0.00004,0.00011
18.54348,0.29963,0.90074,0.04296,0.00003,0.00010,0.05616
18.74375,0.29957,0.00018,0.00000,0.00006,0.00000,0.99976
18.94305,0.29877,0.23361,0.22366,0.00015,0.00001,0.54257
19.14262,0.29891,0.99962,0.00013,0.00010,0.00004,0.00011
19.34188,0.29890,0.99962,0.00013,0.00010,0.00004,0.00011
19.54103,0.29866,0.99962,0.00013,0.00010,0.00004,0.00011
19.74032,0.29815,0.98359,0.00300,0.00018,0.00134,0.01189
19.93957,0.29873,0.00321,0.00000,0.00001,0.00000,0.99678
20.13872,0.29932,0.01036,0.00008,0.00002,0.00000,0.98953
20.33836,0.29884,0.99940,0.00014,0.00022,0.00008,0.00016
20.53788,0.29883,0.99962,0.00013,0.00010,0.00004,0.00011
20.73705,0.29886,0.07118,0.00019,0.00129,0.00001,0.92733
20.93586,0.29933,0.18194,0.02711,0.00105,0.00009,0.78982
21.13566,0.29824,0.99962,0.00013,0.00010,0.00004,0.00011
21.33458,0.29866,0.99962,0.00013,0.00010,0.00004,0.00011
21.53362,0.29922,0.00101,0.00000,0.00008,0.00000,0.99890
21.73268,0.29961,0.87433,0.00316,0.00041,0.00003,0.12207
21.93278,0.29857,0.99962,0.00013,0.00010,0.00004,0.00011
22.13213,0.29873,0.99962,0.00013,0.00010,0.00004,0.00011
22.33122,0.29798,0.99962,0.00013,0.00010,0.00004,0.00011
22.52974,0.29956,0.55636,0.00002,0.00051,0.00007,0.44304
22.72962,0.29900,0.00000,0.00000,0.00000,0.00000,1.00000
22.92915,0.29919,0.99815,0.00000,0.00000,0.00000,0.00185
23.12805,0.29865,0.99962,0.00013,0.00010,0.00004,0.00011
23.32704,0.29908,0.99962,0.00013,0.00010,0.00004,0.00011
23.52621,0.29908,0.97710,0.01729,0.00001,0.00001,0.00559
23.72509,0.29943,0.00007,0.00002,0.00000,0.00000,0.99990
23.92474,0.29949,0.99817,0.00161,0.00002,0.00000,0.00020
24.12436,0.29861,0.99962,0.00013,0.00010,0.00004,0.00011
24.32331,0.29851,0.99962,0.00013,0.00010,0.00004,0.00011
24.52221,0.29910,0.99962,0.00013,0.00010,0.00004,0.00011
24.72216,0.29891,0.97387,0.02004,0.00005,0.00013,0.00591
24.92070,0.29986,0.00011,0.00000,0.00010,0.00000,0.99979
25.12069,0.29853,0.99097,0.00634,0.00033,0.00001,0.00235
25.31949,0.29888,0.99962,0.00013,0.00010,0.00004,0.00011
25.51889,0.29870,0.99962,0.00013,0.00010,0.00004,0.00011
25.71761,0.29964,0.89064,0.00092,0.00014,0.00044,0.10785
25.91744,0.29878,0.00000,0.00000,0.00000,0.00000,1.00000
26.11651,0.29902,0.99941,0.00000,0.00000,0.00000,0.00058
26.31658,0.29786,0.99962,0.00013,0.00010,0.00004,0.00011
26.51556,0.29844,0.99657,0.00073,0.00027,0.00103,0.00140
26.71466,0.29926,0.00000,0.00000,0.00000,0.00000,1.00000
26.91366,0.29972,0.99320,0.00005,0.00001,0.00000,0.00674
27.11373,0.29851,0.99962,0.00013,0.00010,0.00004,0.00011
27.31254,0.29887,0.99962,0.00013,0.00010,0.00004,0.00011
27.51198,0.29876,0.99962,0.00013,0.00010,0.00004,0.00011
27.71097,0.29842,0.99776,0.00055,0.00025,0.00027,0.00116
27.91015,0.29873,0.60045,0.00004,0.00006,0.00001,0.39944
28.10866,0.29955,0.00000,0.00000,0.00000,0.00000,1.00000
28.30849,0.29928,0.99914,0.00025,0.00001,0.00000,0.00060
28.50832,0.29831,0.99962,0.00013,0.00010,0.00004,0.00011
28.70774,0.29822,0.00326,0.00007,0.00004,0.00005,0.99658
28.90643,0.29894,0.99237,0.00000,0.00000,0.00000,0.00763
29.10589,0.29884,0.99962,0.00013,0.00010,0.00004,0.00011
29.30449,0.29964,0.99962,0.00013,0.00010,0.00004,0.00011
29.50375,0.29991,0.00022,0.00006,0.00000,0.00000,0.99972
29.70308,0.29975,0.98731,0.00009,0.00000,0.00000,0.01260
29.90254,0.29939,0.99962,0.00013,0.00010,0.00004,0.00011
30.10186,0.29888,0.99962,0.00013,0.00010,0.00004,0.00011
30.30118,0.29882,0.99962,0.00013,0.00010,0.00004,0.00011
30.50000,0.29844,0.99962,0.00013,0.00010,0.00004,0.00011
