# Time (seconds),f0
0.0078125,967.6630249023438
0.0234375,967.6710205078125
0.0390625,967.6770629882812
0.0546875,967.671142578125
0.0703125,967.6696166992188
0.0859375,967.6708984375
0.1015625,967.6646118164062
0.1171875,967.6502685546875
0.1328125,967.6685791015625
0.1484375,967.670654296875
0.1640625,967.6655883789062
0.1796875,967.679443359375
0.1953125,967.6669921875
0.2109375,967.6738891601562
0.2265625,967.6657104492188
0.2421875,967.67138671875
0.2578125,967.6643676757812
0.2734375,967.6646728515625
0.2890625,967.6561279296875
0.3046875,967.6665649414062
0.3203125,967.6762084960938
0.3359375,967.653076171875
0.3515625,967.665283203125
0.3671875,967.6635131835938
0.3828125,967.6758422851562
0.3984375,967.6756591796875
0.4140625,967.6686401367188
0.4296875,967.6696166992188
0.4453125,967.6721801757812
0.4609375,967.6639404296875
0.4765625,967.65234375
0.4921875,967.6717529296875
0.5078125,967.6823120117188
0.5234375,967.6697387695312
0.5390625,967.6806030273438
0.5546875,967.671630859375
0.5703125,967.6605834960938
0.5859375,967.6700439453125
0.6015625,967.6722412109375
0.6171875,967.6742553710938
0.6328125,967.680419921875
0.6484375,967.6636352539062
0.6640625,967.6650390625
0.6796875,967.6719970703125
0.6953125,967.6495971679688
0.7109375,967.6508178710938
0.7265625,967.6605834960938
0.7421875,967.6525268554688
0.7578125,967.6607055664062
0.7734375,967.6690673828125
0.7890625,967.6702270507812
0.8046875,967.6577758789062
0.8203125,967.6710815429688
0.8359375,967.6585693359375
0.8515625,967.6629638671875
0.8671875,967.6593017578125
0.8828125,967.6524658203125
0.8984375,967.6653442382812
0.9140625,967.6596069335938
0.9296875,967.6715698242188
0.9453125,967.657958984375
0.9609375,967.6412353515625
0.9765625,967.65185546875
0.9921875,967.6583862304688
1.0078125,967.6436767578125
1.0234375,967.6621704101562
1.0390625,967.6646728515625
1.0546875,967.6719970703125
1.0703125,967.6719970703125
1.0859375,967.6500854492188
1.1015625,967.6375732421875
1.1171875,967.657470703125
1.1328125,967.6344604492188
1.1484375,967.6571044921875
1.1640625,967.6604614257812
1.1796875,967.6616821289062
1.1953125,967.6647338867188
1.2109375,967.653076171875
1.2265625,967.6624755859375
1.2421875,967.6431274414062
1.2578125,967.6690673828125
1.2734375,967.6607666015625
1.2890625,967.66162109375
1.3046875,967.6630859375
1.3203125,967.673095703125
1.3359375,967.6404418945312
1.3515625,967.6531982421875
1.3671875,967.6578979492188
1.3828125,967.6566162109375
1.3984375,967.6641235351562
1.4140625,967.669921875
1.4296875,967.6396484375
1.4453125,967.641845703125
1.4609375,967.6481323242188
1.4765625,967.6512451171875
1.4921875,967.643310546875
1.5078125,967.6971435546875
1.5234375,967.7969360351562
1.5390625,967.8987426757812
1.5546875,967.8924560546875
1.5703125,967.99755859375
1.5859375,968.0720825195312
1.6015625,967.9642944335938
1.6171875,968.2054443359375
1.6328125,968.01513671875
1.6484375,967.9063720703125
1.6640625,967.9668579101562
1.6796875,967.9459838867188
1.6953125,968.0106201171875
1.7109375,967.9625854492188
1.7265625,968.0700073242188
1.7421875,967.9066162109375
1.7578125,968.0215454101562
1.7734375,967.9149780273438
1.7890625,967.981201171875
1.8046875,967.9939575195312
1.8203125,967.781005859375
1.8359375,968.05078125
1.8515625,968.0467529296875
1.8671875,968.0557861328125
1.8828125,967.8668823242188
1.8984375,967.8447265625
1.9140625,968.1250610351562
1.9296875,968.2021484375
1.9453125,967.875
1.9609375,967.8591918945312
1.9765625,967.8514404296875
1.9921875,968.0615234375
2.0078125,967.968017578125
2.0234375,968.0525512695312
2.0390625,967.96875
2.0546875,968.043701171875
2.0703125,967.9552001953125
2.0859375,967.8450317382812
2.1015625,967.9248046875
2.1171875,967.9788818359375
2.1328125,967.8645629882812
2.1484375,967.9727172851562
2.1640625,967.8754272460938
2.1796875,967.8612060546875
2.1953125,967.9808959960938
2.2109375,967.8930053710938
2.2265625,967.8158569335938
2.2421875,967.83935546875
2.2578125,967.9151611328125
2.2734375,967.8009033203125
2.2890625,967.9185791015625
2.3046875,967.8934936523438
2.3203125,967.9310913085938
2.3359375,968.1243286132812
2.3515625,967.93115234375
2.3671875,967.93359375
2.3828125,967.9436645507812
2.3984375,967.8978881835938
2.4140625,967.9244995117188
2.4296875,967.9277954101562
2.4453125,967.9629516601562
2.4609375,967.9342651367188
2.4765625,967.7344360351562
2.4921875,967.9609375
2.5078125,968.0197143554688
2.5234375,967.962158203125
2.5390625,967.7708129882812
2.5546875,968.0045776367188
2.5703125,967.8326416015625
2.5859375,967.8370361328125
2.6015625,967.9338989257812
2.6171875,967.8037109375
2.6328125,967.9735717773438
2.6484375,967.9767456054688
2.6640625,967.9144287109375
2.6796875,967.9105834960938
2.6953125,967.953125
2.7109375,967.821533203125
2.7265625,967.9522705078125
2.7421875,967.9322509765625
2.7578125,967.8696899414062
2.7734375,967.8438720703125
2.7890625,967.8790283203125
2.8046875,967.8602294921875
2.8203125,968.0159301757812
2.8359375,967.9893798828125
2.8515625,967.7601928710938
2.8671875,967.8851318359375
2.8828125,967.8381958007812
2.8984375,968.041015625
2.9140625,967.9740600585938
2.9296875,967.8203735351562
2.9453125,968.0299072265625
2.9609375,967.8377685546875
2.9765625,967.74365234375
2.9921875,967.965576171875
3.0078125,967.8759155273438
3.0234375,967.884521484375
3.0390625,967.8276977539062
3.0546875,967.8923950195312
3.0703125,967.981201171875
3.0859375,967.9021606445312
3.1015625,967.7520751953125
3.1171875,967.9199829101562
3.1328125,967.8582763671875
3.1484375,967.92919921875
3.1640625,967.8948974609375
3.1796875,967.8543701171875
3.1953125,968.1396484375
3.2109375,967.9682006835938
3.2265625,967.9669189453125
3.2421875,968.0084838867188
3.2578125,968.109375
3.2734375,967.8739013671875
3.2890625,968.0458984375
3.3046875,967.8809814453125
3.3203125,967.8690185546875
3.3359375,968.1137084960938
3.3515625,967.8832397460938
3.3671875,967.982421875
3.3828125,967.8743286132812
3.3984375,967.9954223632812
3.4140625,967.8052368164062
3.4296875,967.9415893554688
3.4453125,967.88623046875
3.4609375,967.9581909179688
3.4765625,967.9719848632812
3.4921875,967.9338989257812
3.5078125,967.964111328125
3.5234375,967.9143676757812
3.5390625,967.8775024414062
3.5546875,967.9105224609375
3.5703125,967.941162109375
3.5859375,968.1487426757812
3.6015625,968.0864868164062
3.6171875,968.1832885742188
3.6328125,967.900390625
3.6484375,967.8612060546875
3.6640625,967.8233642578125
3.6796875,967.8080444335938
3.6953125,967.7896118164062
3.7109375,967.9771118164062
3.7265625,967.9931640625
3.7421875,967.9701538085938
3.7578125,967.882568359375
3.7734375,967.98046875
3.7890625,967.87109375
3.8046875,967.96826171875
3.8203125,967.7063598632812
3.8359375,967.7703857421875
3.8515625,968.3480224609375
3.8671875,967.9298706054688
3.8828125,968.264404296875
3.8984375,967.9426879882812
3.9140625,967.8507080078125
3.9296875,968.0170288085938
3.9453125,967.875732421875
3.9609375,967.96875
3.9765625,967.9220581054688
3.9921875,967.9507446289062
4.0078125,967.9112548828125
4.0234375,967.8748779296875
4.0390625,967.9347534179688
4.0546875,967.9747314453125
4.0703125,967.8890380859375
4.0859375,967.9259033203125
4.1015625,967.924560546875
4.1171875,967.8837280273438
4.1328125,967.9119873046875
4.1484375,967.8228149414062
4.1640625,968.0704345703125
4.1796875,967.8801879882812
4.1953125,967.7553100585938
4.2109375,967.8095092773438
4.2265625,967.948974609375
4.2421875,967.8844604492188
4.2578125,967.8613891601562
4.2734375,967.8958129882812
4.2890625,967.9803466796875
4.3046875,967.7540893554688
4.3203125,967.9124755859375
4.3359375,967.8517456054688
4.3515625,967.7700805664062
4.3671875,967.8455200195312
4.3828125,967.8955078125
4.3984375,967.7993774414062
4.4140625,967.8613891601562
4.4296875,967.9048461914062
4.4453125,967.9116821289062
4.4609375,967.876220703125
4.4765625,967.9046020507812
4.4921875,967.8764038085938
4.5078125,967.7797241210938
4.5234375,967.8599243164062
4.5390625,967.98193359375
4.5546875,967.8981323242188
4.5703125,967.9392700195312
4.5859375,967.9755249023438
4.6015625,967.9983520507812
4.6171875,967.9439086914062
4.6328125,967.9340209960938
4.6484375,968.0143432617188
4.6640625,968.0731811523438
4.6796875,967.9682006835938
4.6953125,967.7582397460938
4.7109375,967.9036254882812
4.7265625,967.8196411132812
4.7421875,967.9507446289062
4.7578125,967.7377319335938
4.7734375,967.8087768554688
4.7890625,967.7387084960938
4.8046875,967.9105834960938
4.8203125,967.9153442382812
4.8359375,967.889404296875
4.8515625,967.9185791015625
4.8671875,967.9501342773438
4.8828125,967.78076171875
4.8984375,967.9507446289062
4.9140625,968.0210571289062
4.9296875,967.828125
4.9453125,967.7308349609375
4.9609375,967.8717651367188
4.9765625,967.7365112304688
4.9921875,967.8733520507812
5.0078125,967.8850708007812
5.0234375,967.860595703125
5.0390625,967.7933959960938
5.0546875,967.9987182617188
5.0703125,967.797607421875
5.0859375,967.7877807617188
5.1015625,967.8373413085938
5.1171875,967.7476196289062
5.1328125,967.7815551757812
5.1484375,967.7301635742188
5.1640625,967.7112426757812
5.1796875,967.7074584960938
5.1953125,967.7142944335938
5.2109375,967.71826171875
5.2265625,967.7208251953125
5.2421875,967.6918334960938
5.2578125,967.6976318359375
5.2734375,967.704833984375
5.2890625,967.6990966796875
5.3046875,967.693115234375
5.3203125,967.6985473632812
5.3359375,967.702880859375
5.3515625,967.7044067382812
5.3671875,967.6962280273438
5.3828125,967.6915283203125
5.3984375,967.6976928710938
5.4140625,967.672607421875
5.4296875,967.6831665039062
5.4453125,967.6936645507812
5.4609375,967.6822509765625
5.4765625,967.6946411132812
5.4921875,967.6969604492188
5.5078125,967.69677734375
5.5234375,967.6895751953125
5.5390625,967.6856079101562
5.5546875,967.6712036132812
5.5703125,967.6982421875
5.5859375,967.6752319335938
5.6015625,967.6881713867188
5.6171875,967.6932373046875
5.6328125,967.6884765625
5.6484375,967.6788330078125
5.6640625,967.6730346679688
5.6796875,967.6694946289062
5.6953125,967.6817016601562
5.7109375,967.6799926757812
5.7265625,967.6743774414062
5.7421875,967.6834106445312
5.7578125,967.6861572265625
5.7734375,967.6853637695312
5.7890625,967.6971435546875
5.8046875,967.6795043945312
5.8203125,967.6646118164062
5.8359375,967.669921875
5.8515625,967.6688842773438
5.8671875,967.6737060546875
5.8828125,967.6749267578125
5.8984375,967.6814575195312
5.9140625,967.673828125
5.9296875,967.6766357421875
5.9453125,967.6780395507812
5.9609375,967.6678466796875
5.9765625,967.66796875
5.9921875,967.66796875
6.0078125,967.6801147460938
6.0234375,967.6780395507812
6.0390625,967.6754760742188
6.0546875,967.6783447265625
6.0703125,967.6683959960938
6.0859375,967.647216796875
6.1015625,967.6796875
6.1171875,967.6708374023438
6.1328125,967.6669311523438
6.1484375,967.688720703125
6.1640625,967.6697998046875
6.1796875,967.6638793945312
6.1953125,967.6619262695312
6.2109375,967.6776123046875
6.2265625,967.66162109375
6.2421875,967.6701049804688
6.2578125,967.655517578125
6.2734375,967.6618041992188
6.2890625,967.6603393554688
6.3046875,967.661865234375
6.3203125,967.6685791015625
6.3359375,967.66357421875
6.3515625,967.670654296875
6.3671875,967.6569213867188
6.3828125,967.6635131835938
6.3984375,967.66552734375
6.4140625,967.6627197265625
6.4296875,967.6629638671875
6.4453125,967.6635131835938
6.4609375,967.6365966796875
6.4765625,967.6493530273438
6.4921875,967.6626586914062
6.5078125,967.663330078125
6.5234375,967.6719970703125
6.5390625,967.6552734375
6.5546875,967.6563720703125
6.5703125,967.6633911132812
6.5859375,967.6629638671875
6.6015625,967.665771484375
6.6171875,967.6627197265625
6.6328125,967.661865234375
6.6484375,967.6649169921875
6.6640625,967.6586303710938
6.6796875,967.6539916992188
6.6953125,967.6637573242188
6.7109375,967.6705932617188
6.7265625,967.6392822265625
6.7421875,967.642333984375
6.7578125,967.6578979492188
6.7734375,967.6515502929688
6.7890625,967.66552734375
6.8046875,967.66552734375
6.8203125,967.6474609375
6.8359375,967.6646118164062
6.8515625,967.6661376953125
6.8671875,967.6458129882812
6.8828125,967.645751953125
6.8984375,967.6495361328125
6.9140625,967.6430053710938
6.9296875,967.6585083007812
6.9453125,967.6618041992188
6.9609375,967.6512451171875
6.9765625,967.6549072265625
6.9921875,967.6392822265625
7.0078125,967.6409912109375
7.0234375,967.6398315429688
7.0390625,967.6576538085938
7.0546875,967.652099609375
7.0703125,967.644287109375
7.0859375,967.6293334960938
7.1015625,967.6415405273438
7.1171875,967.6318359375
7.1328125,967.6373901367188
7.1484375,967.646240234375
7.1640625,967.6395874023438
7.1796875,967.6463012695312
7.1953125,967.6447143554688
7.2109375,967.6431884765625
7.2265625,967.6384887695312
7.2421875,967.6326904296875
7.2578125,967.6245727539062
7.2734375,967.63671875
7.2890625,967.620361328125
7.3046875,967.6290283203125
7.3203125,967.6534423828125
7.3359375,967.6415405273438
7.3515625,967.6409912109375
7.3671875,967.6351318359375
7.3828125,967.6314086914062
7.3984375,967.6317138671875
7.4140625,967.649658203125
7.4296875,967.635986328125
7.4453125,967.6317749023438
7.4609375,967.6373291015625
7.4765625,967.6348266601562
7.4921875,967.630126953125
7.5078125,967.6488037109375
7.5234375,967.6401977539062
7.5390625,967.6356811523438
7.5546875,967.6442260742188
7.5703125,967.6596069335938
7.5859375,967.6213989257812
7.6015625,967.615966796875
7.6171875,967.6746826171875
7.6328125,967.63818359375
7.6484375,967.645263671875
7.6640625,967.6416015625
7.6796875,967.6369018554688
7.6953125,967.6577758789062
7.7109375,967.65185546875
7.7265625,967.64208984375
7.7421875,967.6387939453125
7.7578125,967.6317138671875
7.7734375,967.6351318359375
7.7890625,967.631591796875
7.8046875,967.6381225585938
7.8203125,967.6590576171875
7.8359375,967.6534423828125
7.8515625,967.637939453125
7.8671875,967.6351928710938
7.8828125,967.6524658203125
7.8984375,967.6399536132812
7.9140625,967.6387939453125
7.9296875,967.6314697265625
7.9453125,967.6393432617188
7.9609375,967.6593627929688
7.9765625,967.6533203125
7.9921875,967.6517944335938
8.0078125,967.6373901367188
8.0234375,967.6323852539062
8.0390625,967.6381225585938
8.0546875,967.633544921875
8.0703125,967.6431274414062
8.0859375,967.6328125
8.1015625,967.6395263671875
8.1171875,967.6412353515625
8.1328125,967.6435546875
8.1484375,967.6390991210938
8.1640625,967.6494140625
8.1796875,967.6333618164062
8.1953125,967.637451171875
8.2109375,967.6458129882812
8.2265625,967.6373291015625
8.2421875,967.6357421875
8.2578125,967.6395263671875
8.2734375,967.6350708007812
8.2890625,967.6203002929688
8.3046875,967.6414794921875
8.3203125,967.6421508789062
8.3359375,967.639404296875
8.3515625,967.62451171875
8.3671875,967.6298217773438
8.3828125,967.6209716796875
8.3984375,967.6390991210938
8.4140625,967.6388549804688
8.4296875,967.6233520507812
8.4453125,967.6180419921875
8.4609375,967.6310424804688
8.4765625,967.6197509765625
8.4921875,967.635986328125
8.5078125,967.6345825195312
8.5234375,967.6254272460938
8.5390625,967.631591796875
8.5546875,967.6380004882812
8.5703125,967.6076049804688
8.5859375,967.63232421875
8.6015625,967.6194458007812
8.6171875,967.6314697265625
8.6328125,967.6171875
8.6484375,967.63037109375
8.6640625,967.6166381835938
8.6796875,967.6124877929688
8.6953125,967.6193237304688
8.7109375,967.637451171875
8.7265625,967.6295776367188
8.7421875,967.6290893554688
8.7578125,967.6310424804688
8.7734375,967.6088256835938
8.7890625,967.620361328125
8.8046875,967.6309814453125
8.8203125,967.632080078125
8.8359375,967.6317749023438
8.8515625,967.6320190429688
8.8671875,967.6417846679688
8.8828125,967.6138305664062
8.8984375,967.6209716796875
8.9140625,967.6309204101562
8.9296875,967.6305541992188
8.9453125,967.6177978515625
8.9609375,967.6399536132812
8.9765625,967.63671875
8.9921875,967.6392822265625
9.0078125,967.6194458007812
9.0234375,967.6435546875
9.0390625,967.6321411132812
9.0546875,967.6342163085938
9.0703125,967.6343383789062
9.0859375,967.62890625
9.1015625,967.641845703125
9.1171875,967.6176147460938
9.1328125,967.6312866210938
9.1484375,967.640625
9.1640625,967.6357421875
9.1796875,967.6318359375
9.1953125,967.6217651367188
9.2109375,967.6292724609375
9.2265625,967.63427734375
9.2421875,967.6406860351562
9.2578125,967.6486206054688
9.2734375,967.6424560546875
9.2890625,967.6475830078125
9.3046875,967.6510620117188
9.3203125,967.6215209960938
9.3359375,967.6204223632812
9.3515625,967.6390380859375
9.3671875,967.62109375
9.3828125,967.6356811523438
9.3984375,967.6323852539062
9.4140625,967.6420288085938
9.4296875,967.6353759765625
9.4453125,967.633544921875
9.4609375,967.6345825195312
9.4765625,967.6367797851562
9.4921875,967.6442260742188
9.5078125,967.6350708007812
9.5234375,967.6410522460938
9.5390625,967.6364135742188
9.5546875,967.6259765625
9.5703125,967.6420288085938
9.5859375,967.6401977539062
9.6015625,967.6590576171875
9.6171875,967.6375732421875
9.6328125,967.64599609375
9.6484375,967.6500854492188
9.6640625,967.6853637695312
9.6796875,967.63623046875
9.6953125,967.6449584960938
9.7109375,967.6497192382812
9.7265625,967.6806640625
9.7421875,967.6810913085938
9.7578125,967.7297973632812
9.7734375,967.8026123046875
9.7890625,967.7069091796875
9.8046875,967.6898803710938
9.8203125,967.7457885742188
9.8359375,967.844482421875
9.8515625,967.7172241210938
9.8671875,967.7830200195312
9.8828125,967.727294921875
9.8984375,967.7785034179688
9.9140625,967.778076171875
9.9296875,967.76318359375
9.9453125,967.7930297851562
9.9609375,967.728271484375
9.9765625,967.7801513671875
9.9921875,967.7515258789062
10.0078125,967.8156127929688
10.0234375,967.7201538085938
10.0390625,967.7369995117188
10.0546875,967.7689819335938
10.0703125,967.7954711914062
10.0859375,967.8424072265625
10.1015625,967.7393798828125
10.1171875,967.7422485351562
10.1328125,967.7643432617188
10.1484375,967.7886352539062
10.1640625,967.7457885742188
10.1796875,967.7342529296875
10.1953125,967.8544921875
10.2109375,967.752685546875
10.2265625,967.7285766601562
10.2421875,967.7620239257812
10.2578125,967.7484130859375
10.2734375,967.7045288085938
10.2890625,967.771240234375
10.3046875,967.7548217773438
10.3203125,967.7088012695312
10.3359375,967.7919921875
10.3515625,967.7794189453125
10.3671875,967.7266845703125
10.3828125,967.7344360351562
10.3984375,967.81640625
10.4140625,967.7056884765625
10.4296875,967.7700805664062
10.4453125,967.8128051757812
10.4609375,967.7743530273438
10.4765625,967.7472534179688
10.4921875,967.781005859375
10.5078125,967.8656005859375
10.5234375,967.7699584960938
10.5390625,967.8025512695312
10.5546875,967.7345581054688
10.5703125,967.8071899414062
10.5859375,967.72216796875
10.6015625,967.7738647460938
10.6171875,967.7642211914062
10.6328125,967.807373046875
10.6484375,967.8023071289062
10.6640625,967.7791748046875
10.6796875,967.8189086914062
10.6953125,967.7887573242188
10.7109375,967.8416137695312
10.7265625,967.791748046875
10.7421875,967.7970581054688
10.7578125,967.7487182617188
10.7734375,967.8344116210938
10.7890625,967.718505859375
10.8046875,967.8722534179688
10.8203125,967.7886352539062
10.8359375,967.8059692382812
10.8515625,967.81591796875
10.8671875,967.8677368164062
10.8828125,967.8833618164062
10.8984375,967.858642578125
10.9140625,967.7739868164062
10.9296875,967.8364868164062
10.9453125,967.846435546875
10.9609375,967.7296752929688
10.9765625,967.822021484375
10.9921875,967.74169921875
11.0078125,967.7562866210938
11.0234375,967.8154296875
11.0390625,967.8550415039062
11.0546875,967.6951904296875
11.0703125,967.7985229492188
11.0859375,967.8687133789062
11.1015625,967.8457641601562
11.1171875,967.7560424804688
11.1328125,967.791748046875
11.1484375,967.7205200195312
11.1640625,967.8148193359375
11.1796875,967.8041381835938
11.1953125,967.7908325195312
11.2109375,967.8680419921875
11.2265625,967.822998046875
11.2421875,967.8123779296875
11.2578125,967.8764038085938
11.2734375,967.8257446289062
11.2890625,967.8951416015625
11.3046875,967.99560546875
11.3203125,967.9255981445312
11.3359375,967.7362060546875
11.3515625,967.8924560546875
11.3671875,967.8463134765625
11.3828125,967.85302734375
11.3984375,967.751220703125
11.4140625,967.9552612304688
11.4296875,967.8786010742188
11.4453125,967.8670043945312
11.4609375,967.98828125
11.4765625,967.9069213867188
11.4921875,967.9258422851562
11.5078125,968.03662109375
11.5234375,967.9119262695312
11.5390625,968.0630493164062
11.5546875,967.7406005859375
11.5703125,967.9066772460938
11.5859375,967.9593505859375
11.6015625,967.8564453125
11.6171875,967.8340454101562
11.6328125,967.9241333007812
11.6484375,967.809814453125
11.6640625,967.94140625
11.6796875,967.908203125
11.6953125,967.8078002929688
11.7109375,968.1707763671875
11.7265625,967.9274291992188
11.7421875,967.8908081054688
11.7578125,967.9087524414062
11.7734375,967.935546875
11.7890625,968.1494140625
11.8046875,967.9476318359375
11.8203125,968.1187133789062
11.8359375,968.0037231445312
11.8515625,968.253662109375
11.8671875,968.0521850585938
11.8828125,968.1817626953125
11.8984375,968.119873046875
11.9140625,967.9470825195312
11.9296875,967.8541870117188
11.9453125,967.8555297851562
11.9609375,968.0260620117188
11.9765625,968.1175537109375
11.9921875,967.9517822265625
12.0078125,968.0546875
12.0234375,968.1474609375
12.0390625,968.2078857421875
12.0546875,968.1095581054688
12.0703125,968.0020141601562
12.0859375,968.037109375
12.1015625,967.954345703125
12.1171875,967.8013916015625
12.1328125,968.1551513671875
12.1484375,967.9259033203125
12.1640625,968.0347290039062
12.1796875,968.0333251953125
12.1953125,967.9663696289062
12.2109375,968.0108642578125
12.2265625,967.8868408203125
12.2421875,967.9083862304688
12.2578125,967.7481689453125
12.2734375,967.8410034179688
12.2890625,967.9827270507812
12.3046875,968.0723266601562
12.3203125,967.992919921875
12.3359375,967.9810180664062
12.3515625,967.8175048828125
12.3671875,967.8133544921875
12.3828125,968.1011352539062
12.3984375,968.0662841796875
12.4140625,968.0194091796875
12.4296875,967.9347534179688
12.4453125,967.9097290039062
12.4609375,967.9202270507812
12.4765625,967.9692993164062
12.4921875,968.0090942382812
12.5078125,967.8800659179688
12.5234375,967.98828125
12.5390625,967.8781127929688
12.5546875,968.0060424804688
12.5703125,967.9718017578125
12.5859375,967.93115234375
12.6015625,967.8920288085938
12.6171875,967.9207763671875
12.6328125,967.8768310546875
12.6484375,968.1142578125
12.6640625,967.9379272460938
12.6796875,967.997314453125
12.6953125,967.99560546875
12.7109375,968.08349609375
12.7265625,967.9232788085938
12.7421875,968.0305786132812
12.7578125,967.9483642578125
12.7734375,968.1024169921875
12.7890625,968.0579223632812
12.8046875,967.8727416992188
12.8203125,967.9606323242188
12.8359375,968.0400390625
12.8515625,967.9141845703125
12.8671875,968.0921020507812
12.8828125,967.9061279296875
12.8984375,967.9788208007812
12.9140625,967.8692016601562
12.9296875,968.0000610351562
12.9453125,967.8873901367188
12.9609375,968.0216674804688
12.9765625,967.9568481445312
12.9921875,967.9271850585938
13.0078125,967.8558349609375
13.0234375,967.964111328125
13.0390625,968.0923461914062
13.0546875,968.0117797851562
13.0703125,967.891845703125
13.0859375,967.986083984375
13.1015625,967.8521728515625
13.1171875,967.9737548828125
13.1328125,967.9065551757812
13.1484375,968.193115234375
13.1640625,968.1867065429688
13.1796875,968.033203125
13.1953125,967.9300537109375
13.2109375,968.155029296875
13.2265625,967.9230346679688
13.2421875,968
13.2578125,967.91162109375
13.2734375,968.0256958007812
13.2890625,967.9168701171875
13.3046875,967.901123046875
13.3203125,968.0048828125
13.3359375,967.8527221679688
13.3515625,967.9594116210938
13.3671875,968.0218505859375
13.3828125,968.2821655273438
13.3984375,967.9730834960938
13.4140625,967.9486694335938
13.4296875,968.002685546875
13.4453125,967.9877319335938
13.4609375,967.9451293945312
13.4765625,967.998779296875
13.4921875,967.9353637695312
13.5078125,967.9344482421875
13.5234375,967.9585571289062
13.5390625,967.9216918945312
13.5546875,967.8660888671875
13.5703125,968.0391845703125
13.5859375,967.8860473632812
13.6015625,967.7992553710938
13.6171875,967.8759155273438
13.6328125,967.9196166992188
13.6484375,967.9758911132812
13.6640625,967.8291015625
13.6796875,967.8734130859375
13.6953125,967.8963623046875
13.7109375,968.1383666992188
13.7265625,968.0044555664062
13.7421875,967.8800048828125
13.7578125,967.9680786132812
13.7734375,968.076904296875
13.7890625,968.0818481445312
13.8046875,968.0304565429688
13.8203125,967.9981079101562
13.8359375,968.0044555664062
13.8515625,967.9068603515625
13.8671875,967.9169311523438
13.8828125,967.8051147460938
13.8984375,967.805419921875
13.9140625,967.7199096679688
13.9296875,967.6974487304688
13.9453125,967.688720703125
13.9609375,967.68115234375
13.9765625,967.6937255859375
13.9921875,967.70263671875
14.0078125,967.688232421875
14.0234375,967.6776123046875
14.0390625,967.6842041015625
14.0546875,967.6837768554688
14.0703125,967.6813354492188
14.0859375,967.6846923828125
14.1015625,967.6724853515625
14.1171875,967.68115234375
14.1328125,967.6654663085938
14.1484375,967.6766967773438
14.1640625,967.6747436523438
14.1796875,967.66796875
14.1953125,967.6669921875
14.2109375,967.6664428710938
14.2265625,967.6837768554688
14.2421875,967.6664428710938
14.2578125,967.6707763671875
14.2734375,967.6566772460938
14.2890625,967.67138671875
14.3046875,967.648193359375
14.3203125,967.6696166992188
14.3359375,967.667236328125
14.3515625,967.66357421875
14.3671875,967.6728515625
14.3828125,967.6825561523438
14.3984375,967.667724609375
14.4140625,967.6608276367188
14.4296875,967.6664428710938
14.4453125,967.6519165039062
14.4609375,967.65234375
14.4765625,967.6668701171875
14.4921875,967.6751098632812
14.5078125,967.6513061523438
14.5234375,967.6500854492188
14.5390625,967.6654663085938
14.5546875,967.6505737304688
14.5703125,967.6470947265625
14.5859375,967.67919921875
14.6015625,967.6506958007812
14.6171875,967.65771484375
14.6328125,967.6410522460938
14.6484375,967.654296875
14.6640625,967.647216796875
14.6796875,967.6426391601562
14.6953125,967.6548461914062
14.7109375,967.6552124023438
14.7265625,967.6492919921875
14.7421875,967.6502685546875
14.7578125,967.6720581054688
14.7734375,967.6633911132812
14.7890625,967.6735229492188
14.8046875,967.667724609375
14.8203125,967.652099609375
14.8359375,967.6611328125
14.8515625,967.6689453125
14.8671875,967.6474609375
14.8828125,967.6488647460938
14.8984375,967.6605834960938
14.9140625,967.6486206054688
14.9296875,967.6554565429688
14.9453125,967.6742553710938
14.9609375,967.6618041992188
14.9765625,967.6493530273438
14.9921875,967.6508178710938
15.0078125,967.6618041992188
15.0234375,967.662109375
15.0390625,967.6552124023438
15.0546875,967.6730346679688
15.0703125,967.650146484375
15.0859375,967.6489868164062
15.1015625,967.65234375
15.1171875,967.6552124023438
15.1328125,967.656982421875
15.1484375,967.673583984375
15.1640625,967.65771484375
15.1796875,967.6566772460938
15.1953125,967.6473388671875
15.2109375,967.6529541015625
15.2265625,967.6663208007812
15.2421875,967.6563110351562
15.2578125,967.6728515625
15.2734375,967.6583251953125
15.2890625,967.6486206054688
15.3046875,967.6445922851562
15.3203125,967.6594848632812
15.3359375,967.6485595703125
15.3515625,967.66748046875
15.3671875,967.6568603515625
15.3828125,967.6680908203125
15.3984375,967.6563110351562
15.4140625,967.6509399414062
15.4296875,967.6528930664062
15.4453125,967.6473388671875
15.4609375,967.6498413085938
15.4765625,967.6649780273438
15.4921875,967.657958984375
15.5078125,967.6555786132812
15.5234375,967.6520385742188
15.5390625,967.656982421875
15.5546875,967.6476440429688
15.5703125,967.6646118164062
15.5859375,967.6573486328125
15.6015625,967.6515502929688
15.6171875,967.6486206054688
15.6328125,967.649658203125
15.6484375,967.6500854492188
15.6640625,967.6492919921875
15.6796875,967.6505737304688
15.6953125,967.6627197265625
15.7109375,967.6502075195312
15.7265625,967.6491088867188
15.7421875,967.6494140625
15.7578125,967.64990234375
15.7734375,967.6630859375
15.7890625,967.6526489257812
15.8046875,967.6507568359375
15.8203125,967.651611328125
15.8359375,967.6508178710938
15.8515625,967.670654296875
15.8671875,967.6641845703125
15.8828125,967.6422729492188
15.8984375,967.6564331054688
15.9140625,967.64599609375
15.9296875,967.6541137695312
15.9453125,967.6367797851562
15.9609375,967.6525268554688
15.9765625,967.6502685546875
15.9921875,967.6434326171875
16.0078125,967.6485595703125
16.0234375,967.6486206054688
16.0390625,967.64990234375
16.0546875,967.6513671875
16.0703125,967.65625
16.0859375,967.6509399414062
16.1015625,967.6514892578125
16.1171875,967.6602172851562
16.1328125,967.656005859375
16.1484375,967.6466064453125
16.1640625,967.6513061523438
16.1796875,967.6762084960938
16.1953125,967.6565551757812
16.2109375,967.6517944335938
16.2265625,967.6507568359375
16.2421875,967.665283203125
16.2578125,967.6516723632812
16.2734375,967.64990234375
16.2890625,967.6654663085938
16.3046875,967.6521606445312
16.3203125,967.6596069335938
16.3359375,967.6516723632812
16.3515625,967.6505126953125
16.3671875,967.6522216796875
16.3828125,967.6657104492188
16.3984375,967.6519165039062
16.4140625,967.6517944335938
16.4296875,967.6513671875
16.4453125,967.6602172851562
16.4609375,967.647705078125
16.4765625,967.6516723632812
16.4921875,967.6508178710938
16.5078125,967.6466064453125
16.5234375,967.6526489257812
16.5390625,967.6528930664062
16.5546875,967.6491088867188
16.5703125,967.6524658203125
16.5859375,967.6539916992188
16.6015625,967.6541137695312
16.6171875,967.6520385742188
16.6328125,967.64453125
16.6484375,967.649169921875
16.6640625,967.65234375
16.6796875,967.6608276367188
16.6953125,967.6575317382812
16.7109375,967.6537475585938
16.7265625,967.6622314453125
16.7421875,967.6622314453125
16.7578125,967.6565551757812
16.7734375,967.668701171875
16.7890625,967.6548461914062
16.8046875,967.6707763671875
16.8203125,967.6586303710938
16.8359375,967.6453857421875
16.8515625,967.6409301757812
16.8671875,967.6692504882812
16.8828125,967.64599609375
16.8984375,967.6541137695312
16.9140625,967.643310546875
16.9296875,967.676513671875
16.9453125,967.6551513671875
16.9609375,967.6547241210938
16.9765625,967.655517578125
16.9921875,967.662841796875
17.0078125,967.6741333007812
17.0234375,967.6564331054688
17.0390625,967.6331176757812
17.0546875,967.6559448242188
17.0703125,967.6437377929688
17.0859375,967.654052734375
17.1015625,967.6566772460938
17.1171875,967.6552734375
17.1328125,967.6563110351562
17.1484375,967.665771484375
17.1640625,967.6568603515625
17.1796875,967.6588134765625
17.1953125,967.6484375
17.2109375,967.6557006835938
17.2265625,967.6522216796875
17.2421875,967.656005859375
17.2578125,967.6646118164062
17.2734375,967.6575317382812
17.2890625,967.6597290039062
17.3046875,967.6701049804688
17.3203125,967.6552124023438
17.3359375,967.655517578125
17.3515625,967.6565551757812
17.3671875,967.64990234375
17.3828125,967.6484375
17.3984375,967.6566772460938
17.4140625,967.6567993164062
17.4296875,967.6567993164062
17.4453125,967.6554565429688
17.4609375,967.6519165039062
17.4765625,967.6587524414062
17.4921875,967.6946411132812
17.5078125,967.7106323242188
17.5234375,967.6559448242188
17.5390625,967.671875
17.5546875,967.70849609375
17.5703125,967.6901245117188
17.5859375,967.6676635742188
17.6015625,967.6791381835938
17.6171875,967.665771484375
17.6328125,967.6818237304688
17.6484375,967.7029418945312
17.6640625,967.7228393554688
17.6796875,967.729248046875
17.6953125,967.7494506835938
17.7109375,967.714599609375
17.7265625,967.7074584960938
17.7421875,967.718505859375
17.7578125,967.7548217773438
17.7734375,967.82177734375
17.7890625,967.7205810546875
17.8046875,967.7112426757812
17.8203125,967.698974609375
17.8359375,967.7201538085938
17.8515625,967.7088012695312
17.8671875,967.7779541015625
17.8828125,967.729248046875
17.8984375,967.750732421875
17.9140625,967.7462768554688
17.9296875,967.7409057617188
17.9453125,967.6983642578125
17.9609375,967.6851196289062
17.9765625,967.7210083007812
17.9921875,967.6864624023438
18.0078125,967.736328125
18.0234375,967.7213745117188
18.0390625,967.8116455078125
18.0546875,967.8656616210938
18.0703125,967.770751953125
18.0859375,967.7622680664062
18.1015625,967.7880859375
18.1171875,967.734130859375
18.1328125,967.8642578125
18.1484375,967.7084350585938
18.1640625,967.8466186523438
18.1796875,967.9865112304688
18.1953125,967.9110717773438
18.2109375,967.8452758789062
18.2265625,967.7706298828125
18.2421875,967.745361328125
18.2578125,967.8535766601562
18.2734375,967.8758544921875
18.2890625,967.8538208007812
18.3046875,967.7457885742188
18.3203125,967.8889770507812
18.3359375,967.83154296875
18.3515625,967.87109375
18.3671875,967.83984375
18.3828125,967.98583984375
18.3984375,967.8955078125
18.4140625,967.87451171875
18.4296875,967.7593383789062
18.4453125,967.9819946289062
18.4609375,967.5349731445312
18.4765625,968.05419921875
18.4921875,967.8290405273438
18.5078125,968.0296630859375
18.5234375,967.7955322265625
18.5390625,967.8399047851562
18.5546875,968.104248046875
18.5703125,967.8521118164062
18.5859375,967.7426147460938
18.6015625,967.7857666015625
18.6171875,967.8970947265625
18.6328125,967.9039916992188
18.6484375,967.9010009765625
18.6640625,967.90625
18.6796875,967.8651123046875
18.6953125,967.8973388671875
18.7109375,967.860595703125
18.7265625,967.998779296875
18.7421875,967.949951171875
18.7578125,967.7509765625
18.7734375,967.9102172851562
18.7890625,967.880615234375
18.8046875,967.9494018554688
18.8203125,968.05029296875
18.8359375,968.1666870117188
18.8515625,968.105224609375
18.8671875,967.9178466796875
18.8828125,968.1730346679688
18.8984375,967.9336547851562
18.9140625,968.0167846679688
18.9296875,967.893798828125
18.9453125,967.8770141601562
18.9609375,967.9019165039062
18.9765625,967.9568481445312
18.9921875,967.9677124023438
19.0078125,968.03076171875
19.0234375,967.951171875
19.0390625,967.9822387695312
19.0546875,968.0740356445312
19.0703125,967.8781127929688
19.0859375,967.82177734375
19.1015625,968.0259399414062
19.1171875,967.974609375
19.1328125,967.9337158203125
19.1484375,968.1428833007812
19.1640625,968.043701171875
19.1796875,967.9835205078125
19.1953125,967.9517211914062
19.2109375,968.1144409179688
19.2265625,967.8846435546875
19.2421875,968.028564453125
19.2578125,967.8406982421875
19.2734375,967.8390502929688
19.2890625,967.8564453125
19.3046875,967.8555908203125
19.3203125,967.8770141601562
19.3359375,968.0267944335938
19.3515625,968.0390625
19.3671875,967.8052978515625
19.3828125,967.9063110351562
19.3984375,967.880615234375
19.4140625,967.811767578125
19.4296875,967.8109130859375
19.4453125,967.8291015625
19.4609375,968.0569458007812
19.4765625,967.9077758789062
19.4921875,967.80224609375
19.5078125,967.826904296875
19.5234375,967.7333984375
19.5390625,967.9403076171875
19.5546875,967.8801879882812
19.5703125,968.0989379882812
19.5859375,968.0220336914062
19.6015625,967.7152099609375
19.6171875,967.7902221679688
19.6328125,968.051513671875
19.6484375,967.6177368164062
19.6640625,967.829833984375
19.6796875,967.843505859375
19.6953125,968.030517578125
19.7109375,967.7826538085938
19.7265625,967.8175659179688
19.7421875,967.8983154296875
19.7578125,968.0360717773438
19.7734375,967.8826293945312
19.7890625,967.7730102539062
19.8046875,967.8373413085938
19.8203125,967.9375
19.8359375,968.0563354492188
19.8515625,967.8446044921875
19.8671875,967.9481811523438
19.8828125,967.82421875
19.8984375,967.9514770507812
19.9140625,967.91357421875
19.9296875,967.8967895507812
19.9453125,967.8243408203125
19.9609375,967.8246459960938
19.9765625,967.8352661132812
19.9921875,967.8486328125
20.0078125,967.8517456054688
20.0234375,967.7913818359375
20.0390625,967.800537109375
20.0546875,967.6814575195312
20.0703125,967.8209228515625
20.0859375,967.8262939453125
20.1015625,967.9080200195312
20.1171875,967.7969970703125
20.1328125,967.803955078125
20.1484375,967.9395141601562
20.1640625,967.7835083007812
20.1796875,967.9044799804688
20.1953125,967.7069091796875
20.2109375,967.8822631835938
20.2265625,967.9041748046875
20.2421875,967.856689453125
20.2578125,967.8154296875
20.2734375,967.7986450195312
20.2890625,967.8091430664062
20.3046875,967.9182739257812
20.3203125,967.8731689453125
20.3359375,967.8670654296875
20.3515625,967.97265625
20.3671875,967.8128662109375
20.3828125,968.0316162109375
20.3984375,967.8244018554688
20.4140625,967.9358520507812
20.4296875,967.9036254882812
20.4453125,967.9666137695312
20.4609375,967.8463134765625
20.4765625,967.8622436523438
20.4921875,967.7855834960938
20.5078125,967.8934936523438
20.5234375,967.6685180664062
20.5390625,967.864990234375
20.5546875,968.0140991210938
20.5703125,967.917236328125
20.5859375,967.9602661132812
20.6015625,967.9199829101562
20.6171875,967.7427978515625
20.6328125,967.8836669921875
20.6484375,967.9140625
20.6640625,967.794677734375
20.6796875,967.8131103515625
20.6953125,967.7717895507812
20.7109375,967.7799072265625
20.7265625,967.7013549804688
20.7421875,967.7666015625
20.7578125,967.6937255859375
20.7734375,967.8187255859375
20.7890625,967.787841796875
20.8046875,967.7979736328125
20.8203125,967.8008422851562
20.8359375,967.7391357421875
20.8515625,967.7098388671875
20.8671875,967.6943359375
20.8828125,967.7183227539062
20.8984375,967.7491455078125
20.9140625,967.8412475585938
20.9296875,967.7855834960938
20.9453125,967.7484741210938
20.9609375,967.72021484375
20.9765625,967.8141479492188
20.9921875,967.7168579101562
21.0078125,967.8248291015625
21.0234375,967.6848754882812
21.0390625,967.9068603515625
21.0546875,967.8056030273438
21.0703125,967.7485961914062
21.0859375,967.876220703125
21.1015625,967.7357788085938
21.1171875,967.9073486328125
21.1328125,967.8242797851562
21.1484375,967.7567138671875
21.1640625,967.829345703125
21.1796875,967.9724731445312
21.1953125,967.9068603515625
21.2109375,967.9536743164062
21.2265625,967.8167724609375
21.2421875,967.8067626953125
21.2578125,968.0325317382812
21.2734375,967.9298095703125
21.2890625,967.6455078125
21.3046875,967.7360229492188
21.3203125,967.937255859375
21.3359375,967.8709716796875
21.3515625,967.7210083007812
21.3671875,968.0842895507812
21.3828125,968.0765991210938
21.3984375,968.0302734375
21.4140625,967.7794189453125
21.4296875,967.9279174804688
21.4453125,967.9086303710938
21.4609375,967.800048828125
21.4765625,967.9660034179688
21.4921875,967.7925415039062
21.5078125,967.75390625
21.5234375,967.9658203125
21.5390625,967.9878540039062
21.5546875,967.9124145507812
21.5703125,968.0218505859375
21.5859375,967.9197387695312
21.6015625,968.118896484375
21.6171875,967.9743041992188
21.6328125,968.1332397460938
21.6484375,967.9219360351562
21.6640625,967.9716186523438
21.6796875,967.9493408203125
21.6953125,967.9113159179688
21.7109375,968.2291870117188
21.7265625,967.9158935546875
21.7421875,968.0927124023438
21.7578125,968.0845947265625
21.7734375,968.1624755859375
21.7890625,968.109130859375
21.8046875,967.85302734375
21.8203125,967.87451171875
21.8359375,968.03857421875
21.8515625,967.8631591796875
21.8671875,967.9944458007812
21.8828125,968.0061645507812
21.8984375,968.0880737304688
21.9140625,968.0414428710938
21.9296875,968.037109375
21.9453125,967.9701538085938
21.9609375,967.8040161132812
21.9765625,967.8419189453125
21.9921875,967.9180297851562
22.0078125,967.8058471679688
22.0234375,967.8309326171875
22.0390625,967.7798461914062
22.0546875,967.839111328125
22.0703125,967.9177856445312
22.0859375,967.8265380859375
22.1015625,968.0355224609375
22.1171875,967.889892578125
22.1328125,967.76513671875
22.1484375,967.7344360351562
22.1640625,967.8157348632812
22.1796875,967.8330078125
22.1953125,967.7757568359375
22.2109375,967.751708984375
22.2265625,967.5860595703125
22.2421875,967.7376098632812
22.2578125,967.7676391601562
22.2734375,967.6986694335938
22.2890625,968.0000610351562
22.3046875,967.7991333007812
22.3203125,967.6517944335938
22.3359375,967.6311645507812
22.3515625,967.9027099609375
22.3671875,967.766845703125
22.3828125,967.8092651367188
22.3984375,967.6248779296875
22.4140625,967.6612548828125
22.4296875,967.7807006835938
22.4453125,967.7113037109375
22.4609375,967.6406860351562
22.4765625,967.721923828125
22.4921875,967.8619384765625
22.5078125,967.8086547851562
22.5234375,967.84326171875
22.5390625,967.796142578125
22.5546875,967.7723999023438
22.5703125,967.6747436523438
22.5859375,967.6895751953125
22.6015625,967.773193359375
22.6171875,967.7107543945312
22.6328125,967.70849609375
22.6484375,967.6967163085938
22.6640625,967.6876220703125
22.6796875,967.6821899414062
22.6953125,967.6851196289062
22.7109375,967.7080078125
22.7265625,967.6876831054688
22.7421875,967.6953735351562
22.7578125,967.6873168945312
22.7734375,967.6867065429688
22.7890625,967.6953735351562
22.8046875,967.6655883789062
22.8203125,967.6884155273438
22.8359375,967.6777954101562
22.8515625,967.6885986328125
22.8671875,967.6791381835938
22.8828125,967.6719970703125
22.8984375,967.6797485351562
22.9140625,967.67919921875
22.9296875,967.6766967773438
22.9453125,967.6666870117188
22.9609375,967.6756591796875
22.9765625,967.6638793945312
22.9921875,967.6719360351562
23.0078125,967.6627197265625
23.0234375,967.6619262695312
23.0390625,967.6557006835938
23.0546875,967.6627807617188
23.0703125,967.653076171875
23.0859375,967.6731567382812
23.1015625,967.665283203125
23.1171875,967.6701049804688
23.1328125,967.6710815429688
23.1484375,967.6560668945312
23.1640625,967.660888671875
23.1796875,967.6641845703125
23.1953125,967.671875
23.2109375,967.6702270507812
23.2265625,967.6588134765625
23.2421875,967.6582641601562
23.2578125,967.645751953125
23.2734375,967.6685791015625
23.2890625,967.660888671875
23.3046875,967.6627197265625
23.3203125,967.6639404296875
23.3359375,967.664794921875
23.3515625,967.669189453125
23.3671875,967.6566772460938
23.3828125,967.6563110351562
23.3984375,967.663818359375
23.4140625,967.6593017578125
23.4296875,967.6590576171875
23.4453125,967.6591186523438
23.4609375,967.662841796875
23.4765625,967.6559448242188
23.4921875,967.6644287109375
23.5078125,967.65966796875
23.5234375,967.6489868164062
23.5390625,967.636474609375
23.5546875,967.660888671875
23.5703125,967.6524658203125
23.5859375,967.659423828125
23.6015625,967.6626586914062
23.6171875,967.6566772460938
23.6328125,967.64599609375
23.6484375,967.6705932617188
23.6640625,967.6642456054688
23.6796875,967.6619262695312
23.6953125,967.6541748046875
23.7109375,967.6704711914062
23.7265625,967.6427612304688
23.7421875,967.6561279296875
23.7578125,967.6367797851562
23.7734375,967.6636352539062
23.7890625,967.641845703125
23.8046875,967.6599731445312
23.8203125,967.6427001953125
23.8359375,967.6611328125
23.8515625,967.6664428710938
23.8671875,967.6644287109375
23.8828125,967.6443481445312
23.8984375,967.6541748046875
23.9140625,967.6560668945312
23.9296875,967.6528930664062
23.9453125,967.6649780273438
23.9609375,967.6416015625
23.9765625,967.6427001953125
23.9921875,967.6575317382812
24.0078125,967.6370239257812
24.0234375,967.653076171875
24.0390625,967.6641235351562
24.0546875,967.6568603515625
24.0703125,967.6572265625
24.0859375,967.6613159179688
24.1015625,967.6580810546875
24.1171875,967.6453857421875
24.1328125,967.6498413085938
24.1484375,967.6369018554688
24.1640625,967.6598510742188
24.1796875,967.6543579101562
24.1953125,967.6507568359375
24.2109375,967.6632080078125
24.2265625,967.642333984375
24.2421875,967.6427612304688
24.2578125,967.6431884765625
24.2734375,967.6417846679688
24.2890625,967.6417846679688
24.3046875,967.66015625
24.3203125,967.6476440429688
24.3359375,967.6417846679688
24.3515625,967.65625
24.3671875,967.6599731445312
24.3828125,967.64013671875
24.3984375,967.6585693359375
24.4140625,967.6423950195312
24.4296875,967.6513061523438
24.4453125,967.6448364257812
24.4609375,967.6463623046875
24.4765625,967.6610717773438
24.4921875,967.6423950195312
24.5078125,967.6613159179688
24.5234375,967.6578979492188
24.5390625,967.6470947265625
24.5546875,967.6513061523438
24.5703125,967.6491088867188
24.5859375,967.667236328125
24.6015625,967.6583862304688
24.6171875,967.6389770507812
24.6328125,967.6421508789062
24.6484375,967.6343383789062
24.6640625,967.6519165039062
24.6796875,967.6495361328125
24.6953125,967.6371459960938
24.7109375,967.643798828125
24.7265625,967.6406860351562
24.7421875,967.6494140625
24.7578125,967.6491088867188
24.7734375,967.6349487304688
24.7890625,967.6495361328125
24.8046875,967.6553955078125
24.8203125,967.6372680664062
24.8359375,967.6293334960938
24.8515625,967.6537475585938
24.8671875,967.66015625
24.8828125,967.6498413085938
24.8984375,967.6505126953125
24.9140625,967.635986328125
24.9296875,967.6389770507812
24.9453125,967.6349487304688
24.9609375,967.64404296875
24.9765625,967.6284790039062
24.9921875,967.64599609375
25.0078125,967.6392211914062
25.0234375,967.6438598632812
25.0390625,967.6492919921875
25.0546875,967.66015625
25.0703125,967.6337280273438
25.0859375,967.635986328125
25.1015625,967.6356811523438
25.1171875,967.6491088867188
25.1328125,967.6332397460938
25.1484375,967.6507568359375
25.1640625,967.6349487304688
25.1796875,967.6382446289062
25.1953125,967.6339721679688
25.2109375,967.6339721679688
25.2265625,967.6369018554688
25.2421875,967.6365356445312
25.2578125,967.6384887695312
25.2734375,967.6360473632812
25.2890625,967.643310546875
25.3046875,967.6474609375
25.3203125,967.63427734375
25.3359375,967.6372680664062
25.3515625,967.6282348632812
25.3671875,967.6384887695312
25.3828125,967.6381225585938
25.3984375,967.6506958007812
25.4140625,967.6339111328125
25.4296875,967.636474609375
25.4453125,967.6382446289062
25.4609375,967.6513061523438
25.4765625,967.636474609375
25.4921875,967.639892578125
25.5078125,967.639892578125
25.5234375,967.645263671875
25.5390625,967.6519165039062
25.5546875,967.6396484375
25.5703125,967.6380004882812
25.5859375,967.6359252929688
25.6015625,967.6467895507812
25.6171875,967.6387939453125
25.6328125,967.6378784179688
25.6484375,967.6454467773438
25.6640625,967.6381225585938
25.6796875,967.6426391601562
25.6953125,967.6392822265625
25.7109375,967.654296875
25.7265625,967.6470947265625
25.7421875,967.6387939453125
25.7578125,967.6387329101562
25.7734375,967.63671875
25.7890625,967.6380004882812
25.8046875,967.6552734375
25.8203125,967.6375732421875
25.8359375,967.646240234375
25.8515625,967.6405029296875
25.8671875,967.6452026367188
25.8828125,967.6387939453125
25.8984375,967.6431274414062
25.9140625,967.6383666992188
25.9296875,967.6622924804688
25.9453125,967.6395263671875
25.9609375,967.63623046875
25.9765625,967.6395263671875
25.9921875,967.6577758789062
26.0078125,967.6541137695312
26.0234375,967.6388549804688
26.0390625,967.6473999023438
26.0546875,967.6535034179688
26.0703125,967.6420288085938
26.0859375,967.645751953125
26.1015625,967.639892578125
26.1171875,967.664794921875
26.1328125,967.6429443359375
26.1484375,967.6490478515625
26.1640625,967.6312866210938
26.1796875,967.6614379882812
26.1953125,967.6371459960938
26.2109375,967.6420288085938
26.2265625,967.6469116210938
26.2421875,967.6477661132812
26.2578125,967.6423950195312
26.2734375,967.6339721679688
26.2890625,967.640380859375
26.3046875,967.6397705078125
26.3203125,967.6319580078125
26.3359375,967.6490478515625
26.3515625,967.6383666992188
26.3671875,967.6405029296875
26.3828125,967.639892578125
26.3984375,967.6469116210938
26.4140625,967.6396484375
26.4296875,967.65234375
26.4453125,967.6405029296875
26.4609375,967.639892578125
26.4765625,967.6323852539062
26.4921875,967.6488037109375
26.5078125,967.6488647460938
26.5234375,967.638671875
26.5390625,967.6361694335938
26.5546875,967.6256713867188
26.5703125,967.6431274414062
26.5859375,967.6396484375
26.6015625,967.6405029296875
26.6171875,967.6490478515625
26.6328125,967.6437377929688
26.6484375,967.6426391601562
26.6640625,967.6415405273438
26.6796875,967.6437377929688
26.6953125,967.6412963867188
26.7109375,967.64013671875
26.7265625,967.645751953125
26.7421875,967.640625
26.7578125,967.6405029296875
26.7734375,967.6194458007812
26.7890625,967.6445922851562
26.8046875,967.6500854492188
26.8203125,967.6469116210938
26.8359375,967.6399536132812
26.8515625,967.6421508789062
26.8671875,967.62841796875
26.8828125,967.650146484375
26.8984375,967.6492919921875
26.9140625,967.6416015625
26.9296875,967.6434326171875
26.9453125,967.6423950195312
26.9609375,967.6392822265625
26.9765625,967.63623046875
26.9921875,967.6426391601562
27.0078125,967.6344604492188
27.0234375,967.641845703125
27.0390625,967.6513061523438
27.0546875,967.6390991210938
27.0703125,967.6333618164062
27.0859375,967.641357421875
27.1015625,967.6395874023438
27.1171875,967.63818359375
27.1328125,967.6421508789062
27.1484375,967.6357421875
27.1640625,967.633544921875
27.1796875,967.6258544921875
27.1953125,967.6300048828125
27.2109375,967.631591796875
27.2265625,967.6416015625
27.2421875,967.6432495117188
27.2578125,967.6353149414062
27.2734375,967.6354370117188
27.2890625,967.6456909179688
27.3046875,967.634765625
27.3203125,967.6280517578125
27.3359375,967.6427001953125
27.3515625,967.6275024414062
27.3671875,967.6409301757812
27.3828125,967.6397705078125
27.3984375,967.662841796875
27.4140625,967.6426391601562
27.4296875,967.6231079101562
27.4453125,967.6431274414062
27.4609375,967.6353149414062
27.4765625,967.6438598632812
27.4921875,967.6699829101562
27.5078125,967.6767578125
27.5234375,967.6236572265625
27.5390625,967.6749877929688
27.5546875,967.6879272460938
27.5703125,967.7504272460938
27.5859375,967.716796875
27.6015625,967.6652221679688
27.6171875,967.6998901367188
27.6328125,967.7145385742188
27.6484375,967.7921142578125
27.6640625,967.7348022460938
27.6796875,967.8033447265625
27.6953125,967.8741455078125
27.7109375,967.8010864257812
27.7265625,967.7289428710938
27.7421875,967.8771362304688
27.7578125,967.7600708007812
27.7734375,967.8561401367188
27.7890625,967.8599243164062
27.8046875,967.8109741210938
27.8203125,967.9248046875
27.8359375,967.8790893554688
27.8515625,967.9940185546875
27.8671875,967.8045043945312
27.8828125,967.9662475585938
27.8984375,967.7059326171875
27.9140625,968.02490234375
27.9296875,967.8063354492188
27.9453125,967.9957885742188
27.9609375,967.7919921875
27.9765625,967.7070922851562
27.9921875,967.9064331054688
28.0078125,967.8526611328125
28.0234375,967.9749145507812
28.0390625,968.17919921875
28.0546875,967.6450805664062
28.0703125,967.9459838867188
28.0859375,967.6481323242188
28.1015625,967.8025512695312
28.1171875,968.0912475585938
28.1328125,967.73388671875
28.1484375,967.8114624023438
28.1640625,967.934326171875
28.1796875,967.7263793945312
28.1953125,967.79248046875
28.2109375,967.9789428710938
28.2265625,968.0353393554688
28.2421875,967.9528198242188
28.2578125,967.7626953125
28.2734375,967.755126953125
28.2890625,967.7466430664062
28.3046875,967.6685791015625
28.3203125,967.6986694335938
28.3359375,967.7882080078125
28.3515625,967.9180908203125
28.3671875,967.949951171875
28.3828125,967.7262573242188
28.3984375,967.7194213867188
28.4140625,967.685302734375
28.4296875,967.8991088867188
28.4453125,967.9090576171875
28.4609375,967.8744506835938
28.4765625,967.8404541015625
28.4921875,967.8243408203125
28.5078125,967.821044921875
28.5234375,967.9518432617188
28.5390625,968.0742797851562
28.5546875,967.8209838867188
28.5703125,967.7837524414062
28.5859375,967.947265625
28.6015625,967.9041748046875
28.6171875,967.895263671875
28.6328125,967.8162231445312
28.6484375,967.83544921875
28.6640625,967.866455078125
28.6796875,967.8204345703125
28.6953125,967.9108276367188
28.7109375,967.887939453125
28.7265625,967.822021484375
28.7421875,967.7667846679688
28.7578125,967.8068237304688
28.7734375,967.8717041015625
28.7890625,967.8663940429688
28.8046875,967.8783569335938
28.8203125,967.8604736328125
28.8359375,967.9966430664062
28.8515625,967.7152709960938
28.8671875,967.8602905273438
28.8828125,967.9848022460938
28.8984375,967.9493408203125
28.9140625,967.7987060546875
28.9296875,967.8961791992188
28.9453125,967.980224609375
28.9609375,967.7955322265625
28.9765625,967.8639526367188
28.9921875,967.9017944335938
29.0078125,967.7971801757812
29.0234375,967.8668823242188
29.0390625,967.8526611328125
29.0546875,967.9783935546875
29.0703125,967.8049926757812
29.0859375,967.7833251953125
29.1015625,967.9439697265625
29.1171875,967.9923095703125
29.1328125,967.9869384765625
29.1484375,967.8623046875
29.1640625,967.9532470703125
29.1796875,967.8878173828125
29.1953125,967.9182739257812
29.2109375,967.8809814453125
29.2265625,967.86474609375
29.2421875,967.8147583007812
29.2578125,967.8609008789062
29.2734375,967.8150024414062
29.2890625,967.9489135742188
29.3046875,967.9486694335938
29.3203125,967.9262084960938
29.3359375,967.9205932617188
29.3515625,967.8654174804688
29.3671875,967.9520874023438
29.3828125,967.8370971679688
29.3984375,967.9583129882812
29.4140625,967.96875
29.4296875,967.9075317382812
29.4453125,967.9058227539062
29.4609375,968.0247192382812
29.4765625,968.04638671875
29.4921875,967.8465576171875
29.5078125,967.9939575195312
29.5234375,968.10107421875
29.5390625,967.891845703125
29.5546875,967.9749755859375
29.5703125,968.0321655273438
29.5859375,968.0000610351562
29.6015625,968.1039428710938
29.6171875,968.0975341796875
29.6328125,968.079345703125
29.6484375,968.0848388671875
29.6640625,968.0690307617188
29.6796875,968.0079956054688
29.6953125,967.85693359375
29.7109375,968.03125
29.7265625,967.8856811523438
29.7421875,967.8834838867188
29.7578125,967.8521728515625
29.7734375,967.8804321289062
29.7890625,967.9279174804688
29.8046875,967.9818725585938
29.8203125,967.885498046875
29.8359375,967.9954223632812
29.8515625,967.8814086914062
29.8671875,967.9567260742188
29.8828125,967.9776611328125
29.8984375,967.9783935546875
29.9140625,967.6783447265625
29.9296875,967.8916015625
29.9453125,967.8538208007812
29.9609375,967.95458984375
29.9765625,967.8963012695312
29.9921875,967.8840942382812
30.0078125,968.008544921875
30.0234375,967.8883666992188
30.0390625,967.9334716796875
30.0546875,967.8572998046875
30.0703125,967.9317626953125
30.0859375,967.9153442382812
30.1015625,967.8441772460938
30.1171875,967.825927734375
30.1328125,967.9457397460938
30.1484375,967.8695068359375
30.1640625,967.9696655273438
30.1796875,967.8493041992188
30.1953125,967.8883666992188
30.2109375,968.0855102539062
30.2265625,968.078857421875
30.2421875,968.0150756835938
30.2578125,968.05029296875
30.2734375,967.8630981445312
30.2890625,967.8702392578125
30.3046875,967.9166870117188
30.3203125,967.9118041992188
30.3359375,967.8870849609375
30.3515625,967.8719482421875
30.3671875,967.9212036132812
30.3828125,967.8439331054688
30.3984375,967.831298828125
30.4140625,967.9300537109375
30.4296875,968.1778564453125
30.4453125,967.9819946289062
30.4609375,968.1055297851562
30.4765625,967.8410034179688
30.4921875,968.0481567382812
30.5078125,967.9484252929688
30.5234375,967.7469482421875
30.5390625,967.8611450195312
30.5546875,967.9649047851562
30.5703125,968.0908203125
30.5859375,967.8232421875
30.6015625,967.9895629882812
30.6171875,967.896240234375
30.6328125,967.8618774414062
30.6484375,968.0092163085938
30.6640625,967.8836669921875
30.6796875,967.900390625
30.6953125,967.930419921875
30.7109375,967.8141479492188
30.7265625,968.0187377929688
30.7421875,967.9222412109375
30.7578125,967.7924194335938
30.7734375,967.958984375
30.7890625,967.9590454101562
30.8046875,967.9163208007812
30.8203125,968.1234741210938
30.8359375,967.8553466796875
30.8515625,967.8322143554688
30.8671875,968.0133666992188
30.8828125,967.8963012695312
30.8984375,967.8302001953125
30.9140625,967.9385986328125
30.9296875,968.06201171875
30.9453125,968.0302124023438
30.9609375,967.953125
30.9765625,968.0466918945312
30.9921875,967.8784790039062
31.0078125,967.9021606445312
31.0234375,968.1119995117188
31.0390625,967.8839721679688
31.0546875,968.0527954101562
31.0703125,967.9437255859375
31.0859375,967.9898071289062
31.1015625,968.0314331054688
31.1171875,968.017578125
31.1328125,967.8273315429688
31.1484375,967.9755249023438
31.1640625,968.0248413085938
31.1796875,967.88671875
31.1953125,967.9575805664062
31.2109375,967.8223876953125
31.2265625,967.9376220703125
31.2421875,968.1198120117188
31.2578125,967.9627075195312
31.2734375,968.226318359375
31.2890625,968.1353149414062
31.3046875,967.9478759765625
31.3203125,967.8579711914062
31.3359375,967.7481689453125
31.3515625,967.7617797851562
31.3671875,967.6925048828125
31.3828125,967.6778564453125
31.3984375,967.681640625
31.4140625,967.6781005859375
31.4296875,967.6838989257812
31.4453125,967.7007446289062
31.4609375,967.6760864257812
31.4765625,967.6441040039062
31.4921875,967.6671752929688
31.5078125,967.6758422851562
31.5234375,967.6714477539062
31.5390625,967.6908569335938
31.5546875,967.6918334960938
31.5703125,967.6791381835938
31.5859375,967.664794921875
31.6015625,967.6713256835938
31.6171875,967.6524047851562
31.6328125,967.6610717773438
31.6484375,967.6488037109375
31.6640625,967.6505126953125
31.6796875,967.678955078125
31.6953125,967.6490478515625
31.7109375,967.659912109375
31.7265625,967.6663208007812
31.7421875,967.6480102539062
31.7578125,967.6484985351562
31.7734375,967.66162109375
31.7890625,967.6621704101562
31.8046875,967.6485595703125
31.8203125,967.6450805664062
31.8359375,967.6514892578125
31.8515625,967.6520385742188
31.8671875,967.665283203125
31.8828125,967.6448364257812
31.8984375,967.6534423828125
31.9140625,967.6626586914062
31.9296875,967.6539916992188
31.9453125,967.6488037109375
31.9609375,967.6608276367188
31.9765625,967.651123046875
31.9921875,967.6520385742188
32.0078125,967.651611328125
32.0234375,967.6548461914062
32.0390625,967.6504516601562
32.0546875,967.6451416015625
32.0703125,967.6544189453125
32.0859375,967.6451416015625
32.1015625,967.6437377929688
32.1171875,967.6481323242188
32.1328125,967.6373291015625
32.1484375,967.6414794921875
32.1640625,967.63427734375
32.1796875,967.6371459960938
32.1953125,967.6500854492188
32.2109375,967.6309204101562
32.2265625,967.64599609375
32.2421875,967.6192626953125
32.2578125,967.6504516601562
32.2734375,967.6422729492188
32.2890625,967.6398315429688
32.3046875,967.64013671875
32.3203125,967.6474609375
32.3359375,967.6422729492188
32.3515625,967.6258544921875
32.3671875,967.6259155273438
32.3828125,967.6549072265625
32.3984375,967.642333984375
32.4140625,967.637939453125
32.4296875,967.6359252929688
32.4453125,967.6375732421875
32.4609375,967.6422729492188
32.4765625,967.6317138671875
32.4921875,967.6551513671875
32.5078125,967.6547241210938
32.5234375,967.6512451171875
32.5390625,967.6380004882812
32.5546875,967.648193359375
32.5703125,967.6388549804688
32.5859375,967.6422729492188
32.6015625,967.6427612304688
32.6171875,967.6446533203125
32.6328125,967.6334838867188
32.6484375,967.647216796875
32.6640625,967.6517944335938
32.6796875,967.638427734375
32.6953125,967.6536254882812
32.7109375,967.650390625
32.7265625,967.6536254882812
32.7421875,967.6226196289062
32.7578125,967.6431274414062
32.7734375,967.640380859375
32.7890625,967.6346435546875
32.8046875,967.6356201171875
32.8203125,967.6448974609375
32.8359375,967.6508178710938
32.8515625,967.6431884765625
32.8671875,967.6287841796875
32.8828125,967.6483154296875
32.8984375,967.6488037109375
32.9140625,967.6485595703125
32.9296875,967.64453125
32.9453125,967.628173828125
32.9609375,967.6532592773438
32.9765625,967.6292724609375
32.9921875,967.6563720703125
33.0078125,967.6331787109375
33.0234375,967.6470947265625
33.0390625,967.6314086914062
33.0546875,967.62451171875
33.0703125,967.6439819335938
33.0859375,967.6283569335938
33.1015625,967.632568359375
33.1171875,967.6563110351562
33.1328125,967.643310546875
33.1484375,967.6300659179688
33.1640625,967.6492919921875
33.1796875,967.6349487304688
33.1953125,967.6525268554688
33.2109375,967.6390991210938
33.2265625,967.6495361328125
33.2421875,967.6292724609375
33.2578125,967.6470947265625
33.2734375,967.6329956054688
33.2890625,967.646240234375
33.3046875,967.6441040039062
33.3203125,967.6444091796875
33.3359375,967.6315307617188
33.3515625,967.6345825195312
33.3671875,967.6295166015625
33.3828125,967.6329345703125
33.3984375,967.6458129882812
33.4140625,967.6455078125
33.4296875,967.6453857421875
33.4453125,967.6485595703125
33.4609375,967.6522216796875
33.4765625,967.64990234375
33.4921875,967.6369018554688
33.5078125,967.6463623046875
33.5234375,967.6294555664062
33.5390625,967.6400756835938
33.5546875,967.6470947265625
33.5703125,967.6373291015625
33.5859375,967.6473999023438
33.6015625,967.6561279296875
33.6171875,967.6354370117188
33.6328125,967.6333618164062
33.6484375,967.649658203125
33.6640625,967.649658203125
33.6796875,967.6286010742188
33.6953125,967.6591796875
33.7109375,967.6437377929688
33.7265625,967.6548461914062
33.7421875,967.6309814453125
33.7578125,967.6544799804688
33.7734375,967.648193359375
33.7890625,967.6372680664062
33.8046875,967.6326293945312
33.8203125,967.6368408203125
33.8359375,967.6353149414062
33.8515625,967.6312255859375
33.8671875,967.6284790039062
33.8828125,967.6284790039062
33.8984375,967.6597290039062
33.9140625,967.6508178710938
33.9296875,967.6417236328125
33.9453125,967.6354370117188
33.9609375,967.6490478515625
33.9765625,967.6273803710938
33.9921875,967.6361694335938
34.0078125,967.6286010742188
34.0234375,967.641357421875
34.0390625,967.627685546875
34.0546875,967.6287231445312
34.0703125,967.6300048828125
34.0859375,967.6392822265625
34.1015625,967.6434936523438
34.1171875,967.647705078125
34.1328125,967.6446533203125
34.1484375,967.6552124023438
34.1640625,967.6320190429688
34.1796875,967.6370849609375
34.1953125,967.630615234375
34.2109375,967.6340942382812
34.2265625,967.6351318359375
34.2421875,967.6287231445312
34.2578125,967.6494140625
34.2734375,967.6315307617188
34.2890625,967.6290893554688
34.3046875,967.6326293945312
34.3203125,967.6231079101562
34.3359375,967.6357421875
34.3515625,967.6442260742188
34.3671875,967.6287231445312
34.3828125,967.6373901367188
34.3984375,967.6423950195312
34.4140625,967.6283569335938
34.4296875,967.628173828125
34.4453125,967.6290893554688
34.4609375,967.63671875
34.4765625,967.6273193359375
34.4921875,967.620361328125
34.5078125,967.6372680664062
34.5234375,967.628173828125
34.5390625,967.627685546875
34.5546875,967.6278076171875
34.5703125,967.6275024414062
34.5859375,967.6258544921875
34.6015625,967.6134033203125
34.6171875,967.6349487304688
34.6328125,967.6290893554688
34.6484375,967.6382446289062
34.6640625,967.6273193359375
34.6796875,967.6290893554688
34.6953125,967.6256103515625
34.7109375,967.6284790039062
34.7265625,967.6306762695312
34.7421875,967.6365966796875
34.7578125,967.6289672851562
34.7734375,967.6311645507812
34.7890625,967.6365356445312
34.8046875,967.6282348632812
34.8203125,967.629638671875
34.8359375,967.6287231445312
34.8515625,967.63232421875
34.8671875,967.6262817382812
34.8828125,967.6342163085938
34.8984375,967.6260986328125
34.9140625,967.6295776367188
34.9296875,967.6427001953125
34.9453125,967.63818359375
34.9609375,967.6321411132812
34.9765625,967.6334228515625
34.9921875,967.6295776367188
35.0078125,967.6260986328125
35.0234375,967.6301879882812
35.0390625,967.6214599609375
35.0546875,967.6295166015625
35.0703125,967.6294555664062
35.0859375,967.6336669921875
35.1015625,967.637451171875
35.1171875,967.6138305664062
35.1328125,967.6282348632812
35.1484375,967.6239013671875
35.1640625,967.6211547851562
35.1796875,967.6326293945312
35.1953125,967.6301879882812
35.2109375,967.610107421875
35.2265625,967.6315307617188
35.2421875,967.6083984375
35.2578125,967.6295776367188
35.2734375,967.6295776367188
35.2890625,967.614501953125
35.3046875,967.6290283203125
35.3203125,967.6301879882812
35.3359375,967.6312866210938
35.3515625,967.6222534179688
35.3671875,967.6227416992188
35.3828125,967.6271362304688
35.3984375,967.63818359375
35.4140625,967.6221923828125
35.4296875,967.6361694335938
35.4453125,967.62841796875
35.4609375,967.620849609375
35.4765625,967.6276245117188
35.4921875,967.6319580078125
35.5078125,967.64599609375
35.5234375,967.9049072265625
35.5390625,967.7384033203125
35.5546875,967.84326171875
35.5703125,967.8990478515625
35.5859375,967.7047729492188
35.6015625,967.6947631835938
35.6171875,967.7218017578125
35.6328125,967.8897705078125
35.6484375,967.9033203125
35.6640625,967.7716674804688
35.6796875,967.7197265625
35.6953125,967.7767944335938
35.7109375,967.6736450195312
35.7265625,967.8673095703125
35.7421875,967.73974609375
35.7578125,967.7819213867188
35.7734375,967.7925415039062
35.7890625,967.747802734375
35.8046875,967.8236694335938
35.8203125,967.8099975585938
35.8359375,967.7490234375
35.8515625,967.8208618164062
35.8671875,967.715576171875
35.8828125,967.8338012695312
35.8984375,967.7462768554688
35.9140625,967.7740478515625
35.9296875,967.8338012695312
35.9453125,967.751953125
35.9609375,967.7455444335938
35.9765625,967.74560546875
35.9921875,967.73779296875
36.0078125,967.8617553710938
36.0234375,967.7230224609375
36.0390625,967.7637939453125
36.0546875,967.8598022460938
36.0703125,967.829345703125
36.0859375,967.7911987304688
36.1015625,967.7628784179688
36.1171875,967.76904296875
36.1328125,967.713623046875
36.1484375,967.73193359375
36.1640625,967.7484741210938
36.1796875,967.9967041015625
36.1953125,967.8990478515625
36.2109375,967.8937377929688
36.2265625,967.8306274414062
36.2421875,967.7821044921875
36.2578125,967.7316284179688
36.2734375,967.9471435546875
36.2890625,967.8377075195312
36.3046875,967.8172607421875
36.3203125,967.8306884765625
36.3359375,967.7891845703125
36.3515625,967.770263671875
36.3671875,967.7984008789062
36.3828125,967.7684326171875
36.3984375,967.8596801757812
36.4140625,967.8153686523438
36.4296875,967.8995971679688
36.4453125,967.8259887695312
36.4609375,968.0316162109375
36.4765625,967.8228759765625
36.4921875,967.9826049804688
36.5078125,967.8477783203125
36.5234375,968.0177612304688
36.5390625,968.0556030273438
36.5546875,967.97216796875
36.5703125,967.889892578125
36.5859375,967.86865234375
36.6015625,967.853515625
36.6171875,968.0001831054688
36.6328125,967.6958618164062
36.6484375,967.8820190429688
36.6640625,967.7905883789062
36.6796875,967.845458984375
36.6953125,967.8356323242188
36.7109375,967.8462524414062
36.7265625,967.9231567382812
36.7421875,967.8021850585938
36.7578125,967.8616333007812
36.7734375,967.9234008789062
36.7890625,967.8501586914062
36.8046875,967.8447265625
36.8203125,967.8677978515625
36.8359375,967.8677368164062
36.8515625,967.7864379882812
36.8671875,968.067138671875
36.8828125,967.8728637695312
36.8984375,968.0892944335938
36.9140625,967.8901977539062
36.9296875,967.7799682617188
36.9453125,967.8869018554688
36.9609375,968.106689453125
36.9765625,967.9724731445312
36.9921875,967.87646484375
37.0078125,968.0814819335938
37.0234375,967.8533325195312
37.0390625,968.114990234375
37.0546875,967.8790893554688
37.0703125,967.742919921875
37.0859375,968.1586303710938
37.1015625,967.9732055664062
37.1171875,967.971923828125
37.1328125,967.9671020507812
37.1484375,967.890380859375
37.1640625,967.9805297851562
37.1796875,967.8884887695312
37.1953125,968.0989379882812
37.2109375,968.1587524414062
37.2265625,967.9573974609375
37.2421875,967.8558349609375
37.2578125,967.8307495117188
37.2734375,968.167236328125
37.2890625,968.1632690429688
37.3046875,968.0221557617188
37.3203125,967.882080078125
37.3359375,968.1078491210938
37.3515625,968.1160888671875
37.3671875,967.8634643554688
37.3828125,968.208740234375
37.3984375,968.2853393554688
37.4140625,968.0030517578125
37.4296875,968.1891479492188
37.4453125,968.1832885742188
37.4609375,968.0242919921875
37.4765625,968.1490478515625
37.4921875,968.1480102539062
37.5078125,968.0180053710938
37.5234375,968.0570678710938
37.5390625,968.0623779296875
37.5546875,968.0043334960938
37.5703125,968.2203979492188
37.5859375,968.196044921875
37.6015625,968.1588745117188
37.6171875,968.343505859375
37.6328125,967.9577026367188
37.6484375,968.0778198242188
37.6640625,968.0249633789062
37.6796875,967.9716186523438
37.6953125,968.0068359375
37.7109375,968.0313720703125
37.7265625,968.04638671875
37.7421875,968.126708984375
37.7578125,968.0868530273438
37.7734375,967.98974609375
37.7890625,967.9982299804688
37.8046875,968.0518798828125
37.8203125,967.8374633789062
37.8359375,967.882080078125
37.8515625,967.8990478515625
37.8671875,967.9931640625
37.8828125,968.2040405273438
37.8984375,967.935546875
37.9140625,967.791015625
37.9296875,967.822265625
37.9453125,968.0028686523438
37.9609375,967.96484375
37.9765625,968.2437133789062
37.9921875,967.9224243164062
38.0078125,967.9118041992188
38.0234375,967.9631958007812
38.0390625,967.9951171875
38.0546875,967.9874267578125
38.0703125,968.12060546875
38.0859375,967.8453979492188
38.1015625,967.8130493164062
38.1171875,967.975830078125
38.1328125,968.1437377929688
38.1484375,967.8260498046875
38.1640625,968.1449584960938
38.1796875,967.9105224609375
38.1953125,967.9510498046875
38.2109375,967.90966796875
38.2265625,968.1060791015625
38.2421875,967.9027099609375
38.2578125,967.8289794921875
38.2734375,967.8331298828125
38.2890625,967.9194946289062
38.3046875,967.897216796875
38.3203125,967.853271484375
38.3359375,967.8734741210938
38.3515625,968.0174560546875
38.3671875,967.8653564453125
38.3828125,968.008544921875
38.3984375,968.0206298828125
38.4140625,967.9237060546875
38.4296875,967.7734375
38.4453125,968.0720825195312
38.4609375,967.989501953125
38.4765625,967.7708129882812
38.4921875,967.9288940429688
38.5078125,967.8688354492188
38.5234375,967.7969970703125
38.5390625,967.880859375
38.5546875,967.875732421875
38.5703125,967.8033447265625
38.5859375,967.9479370117188
38.6015625,967.8021850585938
38.6171875,967.8969116210938
38.6328125,968.0758666992188
38.6484375,967.8659057617188
38.6640625,967.8097534179688
38.6796875,967.856201171875
38.6953125,967.8385620117188
38.7109375,967.7642822265625
38.7265625,967.8196411132812
38.7421875,968.0166015625
38.7578125,967.8403930664062
38.7734375,967.970703125
38.7890625,967.82763671875
38.8046875,967.9955444335938
38.8203125,967.7379760742188
38.8359375,967.8055419921875
38.8515625,967.8292236328125
38.8671875,967.9066162109375
38.8828125,967.8469848632812
38.8984375,967.7255859375
38.9140625,967.8472290039062
38.9296875,967.8539428710938
38.9453125,967.7698364257812
38.9609375,967.8519287109375
38.9765625,967.8382568359375
38.9921875,967.7280883789062
39.0078125,967.757080078125
39.0234375,967.7125854492188
39.0390625,967.728515625
39.0546875,967.9063720703125
39.0703125,967.7738037109375
39.0859375,967.7981567382812
39.1015625,967.7890625
39.1171875,967.8178100585938
39.1328125,967.7517700195312
39.1484375,967.8110961914062
39.1640625,967.8696899414062
39.1796875,967.8575439453125
39.1953125,968.0706176757812
39.2109375,967.7907104492188
39.2265625,967.831298828125
39.2421875,967.8058471679688
39.2578125,967.8572998046875
39.2734375,967.8175048828125
39.2890625,967.7368774414062
39.3046875,967.7601318359375
39.3203125,967.7611694335938
39.3359375,967.7133178710938
39.3515625,967.7154541015625
39.3671875,967.6993408203125
39.3828125,967.6636352539062
39.3984375,967.6783447265625
39.4140625,967.6821899414062
39.4296875,967.6694946289062
39.4453125,967.6820068359375
39.4609375,967.6624755859375
39.4765625,967.6637573242188
39.4921875,967.6455078125
39.5078125,967.66552734375
39.5234375,967.6666870117188
39.5390625,967.669189453125
39.5546875,967.6583862304688
39.5703125,967.6558227539062
39.5859375,967.6650390625
39.6015625,967.6420288085938
39.6171875,967.6537475585938
39.6328125,967.6571044921875
39.6484375,967.6438598632812
39.6640625,967.6702880859375
39.6796875,967.6405029296875
39.6953125,967.6477661132812
39.7109375,967.6450805664062
39.7265625,967.64794921875
39.7421875,967.6467895507812
39.7578125,967.6442260742188
39.7734375,967.642578125
39.7890625,967.6536254882812
39.8046875,967.6475830078125
39.8203125,967.6598510742188
39.8359375,967.6328735351562
39.8515625,967.643310546875
39.8671875,967.6543579101562
39.8828125,967.6333618164062
39.8984375,967.6551513671875
39.9140625,967.6486206054688
39.9296875,967.63671875
39.9453125,967.6385498046875
39.9609375,967.6414794921875
39.9765625,967.6409301757812
39.9921875,967.66357421875
40.0078125,967.6443481445312
40.0234375,967.6378784179688
40.0390625,967.6450805664062
40.0546875,967.6473999023438
40.0703125,967.6438598632812
40.0859375,967.6487426757812
40.1015625,967.6358642578125
40.1171875,967.6284790039062
40.1328125,967.6275024414062
40.1484375,967.6389770507812
40.1640625,967.6314086914062
40.1796875,967.6368408203125
40.1953125,967.6538696289062
40.2109375,967.6419067382812
40.2265625,967.6408081054688
40.2421875,967.6248779296875
40.2578125,967.6362915039062
40.2734375,967.6414794921875
40.2890625,967.6304321289062
40.3046875,967.642333984375
40.3203125,967.6395874023438
40.3359375,967.6217041015625
40.3515625,967.6482543945312
40.3671875,967.6216430664062
40.3828125,967.6436767578125
40.3984375,967.634033203125
40.4140625,967.6339111328125
40.4296875,967.63037109375
40.4453125,967.6419067382812
40.4609375,967.64013671875
40.4765625,967.641845703125
40.4921875,967.6370849609375
40.5078125,967.6194458007812
40.5234375,967.6259155273438
40.5390625,967.6356201171875
40.5546875,967.6364135742188
40.5703125,967.6301879882812
40.5859375,967.6144409179688
40.6015625,967.6331787109375
40.6171875,967.6207885742188
40.6328125,967.6395874023438
40.6484375,967.63037109375
40.6640625,967.6183471679688
40.6796875,967.6171875
40.6953125,967.6214599609375
40.7109375,967.6156005859375
40.7265625,967.6273803710938
40.7421875,967.6387329101562
40.7578125,967.6395874023438
40.7734375,967.6390380859375
40.7890625,967.6438598632812
40.8046875,967.6482543945312
40.8203125,967.6314697265625
40.8359375,967.6358642578125
40.8515625,967.6486206054688
40.8671875,967.6430053710938
40.8828125,967.6495361328125
40.8984375,967.6405029296875
40.9140625,967.6428833007812
40.9296875,967.6351928710938
40.9453125,967.6399536132812
40.9609375,967.6398315429688
40.9765625,967.6399536132812
40.9921875,967.6420288085938
41.0078125,967.6375732421875
41.0234375,967.6282348632812
41.0390625,967.6451416015625
41.0546875,967.6368408203125
41.0703125,967.650390625
41.0859375,967.6403198242188
41.1015625,967.6177368164062
41.1171875,967.6223754882812
41.1328125,967.6437377929688
41.1484375,967.628662109375
41.1640625,967.635498046875
41.1796875,967.6400756835938
41.1953125,967.644287109375
41.2109375,967.6207885742188
41.2265625,967.62451171875
41.2421875,967.6343383789062
41.2578125,967.6385498046875
41.2734375,967.6182861328125
41.2890625,967.634033203125
41.3046875,967.6251220703125
41.3203125,967.6353149414062
41.3359375,967.6378784179688
41.3515625,967.623779296875
41.3671875,967.622802734375
41.3828125,967.6243286132812
41.3984375,967.6448364257812
41.4140625,967.6427001953125
41.4296875,967.6306762695312
41.4453125,967.6310424804688
41.4609375,967.6195068359375
41.4765625,967.6255493164062
41.4921875,967.6290893554688
41.5078125,967.618408203125
41.5234375,967.6353149414062
41.5390625,967.6350708007812
41.5546875,967.630615234375
41.5703125,967.6393432617188
41.5859375,967.6395874023438
41.6015625,967.624755859375
41.6171875,967.6251220703125
