# Time (seconds),f0
0.0078125,28.756683349609375
0.0234375,28.742355346679688
0.0390625,28.74749755859375
0.0546875,28.753379821777344
0.0703125,28.74897003173828
0.0859375,28.75080108642578
0.1015625,28.757041931152344
0.1171875,28.74456024169922
0.1328125,28.74712371826172
0.1484375,28.751907348632812
0.1640625,28.75080108642578
0.1796875,28.742355346679688
0.1953125,28.74712371826172
0.2109375,28.742713928222656
0.2265625,28.75080108642578
0.2421875,28.735366821289062
0.2578125,28.740875244140625
0.2734375,28.754104614257812
0.2890625,28.731689453125
0.3046875,28.74712371826172
0.3203125,28.73242950439453
0.3359375,28.734268188476562
0.3515625,28.735366821289062
0.3671875,28.731689453125
0.3828125,28.722869873046875
0.3984375,28.727279663085938
0.4140625,28.7298583984375
0.4296875,28.731689453125
0.4453125,28.726173400878906
0.4609375,28.7298583984375
0.4765625,28.726173400878906
0.4921875,28.73499298095703
0.5078125,28.735740661621094
0.5234375,28.734268188476562
0.5390625,28.735366821289062
0.5546875,28.73499298095703
0.5703125,28.72801971435547
0.5859375,28.73095703125
0.6015625,28.726173400878906
0.6171875,28.74456024169922
0.6328125,28.742355346679688
0.6484375,28.74897003173828
0.6640625,28.75263214111328
0.6796875,28.759994506835938
0.6953125,28.751907348632812
0.7109375,28.751907348632812
0.7265625,28.753379821777344
0.7421875,28.759994506835938
0.7578125,28.756317138671875
0.7734375,28.76660919189453
0.7890625,28.776153564453125
0.8046875,28.776153564453125
0.8203125,28.770645141601562
0.8359375,28.791595458984375
0.8515625,28.78460693359375
0.8671875,28.78791046142578
0.8828125,28.797103881835938
0.8984375,28.806297302246094
0.9140625,28.80554962158203
0.9296875,28.821731567382812
0.9453125,28.80371856689453
0.9609375,28.80004119873047
0.9765625,28.81732177734375
0.9921875,28.83972930908203
1.0078125,28.831283569335938
1.0234375,28.832008361816406
1.0390625,28.83641815185547
1.0546875,28.835693359375
1.0703125,28.844879150390625
1.0859375,28.83899688720703
1.1015625,28.848922729492188
1.1171875,28.8349609375
1.1328125,28.859939575195312
1.1484375,28.859214782714844
1.1640625,28.872802734375
1.1796875,28.877952575683594
1.1953125,28.881263732910156
1.2109375,28.899261474609375
1.2265625,28.894851684570312
1.2421875,28.893386840820312
1.2578125,28.929397583007812
1.2734375,28.933074951171875
1.2890625,28.945938110351562
1.3046875,28.947036743164062
1.3203125,28.969818115234375
1.3359375,28.9779052734375
1.3515625,28.973495483398438
1.3671875,28.99481201171875
1.3828125,29.017593383789062
1.3984375,29.01280975341797
1.4140625,29.023475646972656
1.4296875,29.03229522705078
1.4453125,29.04625701904297
1.4609375,29.056907653808594
1.4765625,29.056907653808594
1.4921875,29.06462860107422
1.5078125,29.076019287109375
1.5234375,29.092559814453125
1.5390625,29.09734344482422
1.5546875,29.114608764648438
1.5703125,29.121597290039062
1.5859375,29.131149291992188
1.6015625,29.13445281982422
1.6171875,29.144378662109375
1.6328125,29.155029296875
1.6484375,29.1561279296875
1.6640625,29.15723419189453
1.6796875,29.160537719726562
1.6953125,29.166053771972656
1.7109375,29.176345825195312
1.7265625,29.174514770507812
1.7421875,29.1903076171875
1.7578125,29.185165405273438
1.7734375,29.19140625
1.7890625,29.183692932128906
1.8046875,29.19178009033203
1.8203125,29.193252563476562
1.8359375,29.174514770507812
1.8515625,29.176345825195312
1.8671875,29.175613403320312
1.8828125,29.1884765625
1.8984375,29.174514770507812
1.9140625,29.17156219482422
1.9296875,29.164215087890625
1.9453125,29.16790008544922
1.9609375,29.17193603515625
1.9765625,29.159805297851562
1.9921875,29.151718139648438
2.0078125,29.141441345214844
2.0234375,29.13555908203125
2.0390625,29.13555908203125
2.0546875,29.128211975097656
2.0703125,29.110198974609375
2.0859375,29.1182861328125
2.1015625,29.10541534423828
2.1171875,29.112403869628906
2.1328125,29.094764709472656
2.1484375,29.06719970703125
2.1640625,29.071243286132812
2.1796875,29.06793212890625
2.1953125,29.071243286132812
2.2109375,29.06389617919922
2.2265625,29.052139282226562
2.2421875,29.0484619140625
2.2578125,29.049560546875
2.2734375,29.04625701904297
2.2890625,29.044784545898438
2.3046875,29.024581909179688
2.3203125,29.019798278808594
2.3359375,29.003990173339844
2.3515625,29.009506225585938
2.3671875,28.990402221679688
2.3828125,28.988929748535156
2.3984375,28.99664306640625
2.4140625,28.969459533691406
2.4296875,28.96026611328125
2.4453125,28.96099853515625
2.4609375,28.969818115234375
2.4765625,28.969085693359375
2.4921875,28.955482482910156
2.5078125,28.965049743652344
2.5234375,28.956954956054688
2.5390625,28.943359375
2.5546875,28.948509216308594
2.5703125,28.947769165039062
2.5859375,28.945938110351562
2.6015625,28.934906005859375
2.6171875,28.936744689941406
2.6328125,28.92498779296875
2.6484375,28.920578002929688
2.6640625,28.931228637695312
2.6796875,28.912857055664062
2.6953125,28.90955352783203
2.7109375,28.904037475585938
2.7265625,28.914337158203125
2.7421875,28.899627685546875
2.7578125,28.903671264648438
2.7734375,28.90587615966797
2.7890625,28.90514373779297
2.8046875,28.905517578125
2.8203125,28.90955352783203
2.8359375,28.91028594970703
2.8515625,28.92498779296875
2.8671875,28.921676635742188
2.8828125,28.935638427734375
2.8984375,28.938217163085938
2.9140625,28.954383850097656
2.9296875,28.955123901367188
2.9453125,28.966880798339844
2.9609375,28.96099853515625
2.9765625,28.975326538085938
2.9921875,28.980484008789062
3.0078125,28.990402221679688
3.0234375,28.99407196044922
3.0390625,29.023834228515625
3.0546875,29.02899169921875
3.0703125,29.041473388671875
3.0859375,29.051040649414062
3.1015625,29.070510864257812
3.1171875,29.073089599609375
3.1328125,29.08594512939453
3.1484375,29.098068237304688
3.1640625,29.13372039794922
3.1796875,29.13848876953125
3.1953125,29.15723419189453
3.2109375,29.16973114013672
3.2265625,29.200225830078125
3.2421875,29.214935302734375
3.2578125,29.22522735595703
3.2734375,29.250938415527344
3.2890625,29.25865936279297
3.3046875,29.27777099609375
3.3203125,29.284011840820312
3.3359375,29.307540893554688
3.3515625,29.342445373535156
3.3671875,29.34832763671875
3.3828125,29.3677978515625
3.3984375,29.396102905273438
3.4140625,29.413375854492188
3.4296875,29.426971435546875
3.4453125,29.440200805664062
3.4609375,29.472900390625
3.4765625,29.47400665283203
3.4921875,29.501571655273438
3.5078125,29.52068328857422
3.5234375,29.534271240234375
3.5390625,29.56403350830078
3.5546875,29.589035034179688
3.5703125,29.582420349121094
3.5859375,29.605567932128906
3.6015625,29.622108459472656
3.6171875,29.64966583251953
3.6328125,29.669143676757812
3.6484375,29.673179626464844
3.6640625,29.694122314453125
3.6796875,29.723159790039062
3.6953125,29.75696563720703
3.7109375,29.7882080078125
3.7265625,29.799957275390625
3.7421875,29.80657196044922
3.7578125,29.811355590820312
3.7734375,29.814666748046875
3.7890625,29.80400848388672
3.8046875,29.80694580078125
3.8203125,29.80841827392578
3.8359375,29.794090270996094
3.8515625,29.800704956054688
3.8671875,29.793716430664062
3.8828125,29.780113220214844
3.8984375,29.77570343017578
3.9140625,29.75623321533203
3.9296875,29.7529296875
3.9453125,29.748519897460938
3.9609375,29.730148315429688
3.9765625,29.725738525390625
3.9921875,29.705894470214844
4.0078125,29.707725524902344
4.0234375,29.695968627929688
4.0390625,29.691558837890625
4.0546875,29.680160522460938
4.0703125,29.662155151367188
4.0859375,29.655181884765625
4.1015625,29.64966583251953
4.1171875,29.64415740966797
4.1328125,29.624313354492188
4.1484375,29.620262145996094
4.1640625,29.59233856201172
4.1796875,29.582420349121094
4.1953125,29.58167266845703
4.2109375,29.562576293945312
4.2265625,29.55889892578125
4.2421875,29.546035766601562
4.2578125,29.533912658691406
4.2734375,29.52581787109375
4.2890625,29.50745391845703
4.3046875,29.49053955078125
4.3203125,29.48981475830078
4.3359375,29.4710693359375
4.3515625,29.46776580810547
4.3671875,29.45269012451172
4.3828125,29.432846069335938
4.3984375,29.429534912109375
4.4140625,29.41888427734375
4.4296875,29.41778564453125
4.4453125,29.406028747558594
4.4609375,29.3994140625
4.4765625,29.392425537109375
4.4921875,29.371475219726562
4.5078125,29.360824584960938
4.5234375,29.356048583984375
4.5390625,29.360458374023438
4.5546875,29.343185424804688
4.5703125,29.335098266601562
4.5859375,29.32775115966797
4.6015625,29.316726684570312
4.6171875,29.31195068359375
4.6328125,29.299819946289062
4.6484375,29.27960205078125
4.6640625,29.272987365722656
4.6796875,29.252410888671875
4.6953125,29.251686096191406
4.7109375,29.238815307617188
4.7265625,29.231468200683594
4.7421875,29.219345092773438
4.7578125,29.216407775878906
4.7734375,29.200973510742188
4.7890625,29.213829040527344
4.8046875,29.197296142578125
4.8203125,29.1895751953125
4.8359375,29.187744140625
4.8515625,29.193252563476562
4.8671875,29.1895751953125
4.8828125,29.179283142089844
4.8984375,29.182586669921875
4.9140625,29.198020935058594
4.9296875,29.200599670410156
4.9453125,29.20794677734375
4.9609375,29.210525512695312
4.9765625,29.219345092773438
4.9921875,29.22779083251953
5.0078125,29.231468200683594
5.0234375,29.238082885742188
5.0390625,29.256820678710938
5.0546875,29.255348205566406
5.0703125,29.271888732910156
5.0859375,29.289527893066406
5.1015625,29.29503631591797
5.1171875,29.306808471679688
5.1328125,29.322967529296875
5.1484375,29.34759521484375
5.1640625,29.350906372070312
5.1796875,29.353836059570312
5.1953125,29.38213348388672
5.2109375,29.41484832763672
5.2265625,29.413375854492188
5.2421875,29.4346923828125
5.2578125,29.425498962402344
5.2734375,29.450851440429688
5.2890625,29.462249755859375
5.3046875,29.477684020996094
5.3203125,29.49053955078125
5.3359375,29.52509307861328
5.3515625,29.512962341308594
5.3671875,29.548599243164062
5.3828125,29.54383087158203
5.3984375,29.5765380859375
5.4140625,29.584625244140625
5.4296875,29.583145141601562
5.4453125,29.601890563964844
5.4609375,29.617698669433594
5.4765625,29.63128662109375
5.4921875,29.636795043945312
5.5078125,29.662155151367188
5.5234375,29.676856994628906
5.5390625,29.695968627929688
5.5546875,29.706253051757812
5.5703125,29.713607788085938
5.5859375,29.727943420410156
5.6015625,29.741531372070312
5.6171875,29.7529296875
5.6328125,29.780860900878906
5.6484375,29.781585693359375
5.6640625,29.80915069580078
5.6796875,29.829368591308594
5.6953125,29.84369659423828
5.7109375,29.864273071289062
5.7265625,29.8616943359375
5.7421875,29.893310546875
5.7578125,29.903228759765625
5.7734375,29.91204833984375
5.7890625,29.92638397216797
5.8046875,29.94402313232422
5.8203125,29.94953155517578
5.8359375,29.953567504882812
5.8515625,29.950637817382812
5.8671875,29.9638671875
5.8828125,29.964599609375
5.8984375,29.969375610351562
5.9140625,29.969375610351562
5.9296875,29.962020874023438
5.9453125,29.964599609375
5.9609375,29.962020874023438
5.9765625,29.972312927246094
5.9921875,29.969375610351562
6.0078125,29.962020874023438
6.0234375,29.94512176513672
6.0390625,29.940711975097656
6.0546875,29.921226501464844
6.0703125,29.91387939453125
6.0859375,29.920867919921875
6.1015625,29.899925231933594
6.1171875,29.889259338378906
6.1328125,29.867210388183594
6.1484375,29.853622436523438
6.1640625,29.86133575439453
6.1796875,29.856185913085938
6.1953125,29.82311248779297
6.2109375,29.811729431152344
6.2265625,29.793716430664062
6.2421875,29.784896850585938
6.2578125,29.747413635253906
6.2734375,29.73676300048828
6.2890625,29.716171264648438
6.3046875,29.705520629882812
6.3203125,29.678329467773438
6.3359375,29.675750732421875
6.3515625,29.658485412597656
6.3671875,29.635696411132812
6.3828125,29.618797302246094
6.3984375,29.607772827148438
6.4140625,29.588661193847656
6.4296875,29.583145141601562
6.4453125,29.554115295410156
6.4609375,29.536849975585938
6.4765625,29.532806396484375
6.4921875,29.5059814453125
6.5078125,29.48981475830078
6.5234375,29.48906707763672
6.5390625,29.462249755859375
6.5546875,29.449020385742188
6.5703125,29.447547912597656
6.5859375,29.41705322265625
6.6015625,29.3994140625
6.6171875,29.378097534179688
6.6328125,29.38433837890625
6.6484375,29.362289428710938
6.6640625,29.343185424804688
6.6796875,29.342445373535156
6.6953125,29.336196899414062
6.7109375,29.33031463623047
6.7265625,29.328857421875
6.7421875,29.306808471679688
6.7578125,29.307540893554688
6.7734375,29.287689208984375
6.7890625,29.291000366210938
6.8046875,29.285118103027344
6.8203125,29.286964416503906
6.8359375,29.263809204101562
6.8515625,29.270782470703125
6.8671875,29.269325256347656
6.8828125,29.255348205566406
6.8984375,29.24322509765625
6.9140625,29.24211883544922
6.9296875,29.248374938964844
6.9453125,29.24469757080078
6.9609375,29.24359130859375
6.9765625,29.253517150878906
6.9921875,29.250938415527344
7.0078125,29.25865936279297
7.0234375,29.255348205566406
7.0390625,29.251686096191406
7.0546875,29.2608642578125
7.0703125,29.26416778564453
7.0859375,29.288795471191406
7.1015625,29.29137420654297
7.1171875,29.297988891601562
7.1328125,29.299087524414062
7.1484375,29.306808471679688
7.1640625,29.324806213378906
7.1796875,29.324806213378906
7.1953125,29.34722900390625
7.2109375,29.35053253173828
7.2265625,29.352737426757812
7.2421875,29.361557006835938
7.2578125,29.374412536621094
7.2734375,29.386917114257812
7.2890625,29.396102905273438
7.3046875,29.39904022216797
7.3203125,29.411895751953125
7.3359375,29.423667907714844
7.3515625,29.431739807128906
7.3671875,29.43614959716797
7.3828125,29.462982177734375
7.3984375,29.469223022460938
7.4140625,29.460777282714844
7.4296875,29.477684020996094
7.4453125,29.480621337890625
7.4609375,29.49347686767578
7.4765625,29.496055603027344
7.4921875,29.5059814453125
7.5078125,29.52619171142578
7.5234375,29.52398681640625
7.5390625,29.516632080078125
7.5546875,29.5423583984375
7.5703125,29.535743713378906
7.5859375,29.550079345703125
7.6015625,29.56072998046875
7.6171875,29.568817138671875
7.6328125,29.583145141601562
7.6484375,29.587188720703125
7.6640625,29.584251403808594
7.6796875,29.57984161376953
7.6953125,29.591598510742188
7.7109375,29.583145141601562
7.7265625,29.591964721679688
7.7421875,29.564407348632812
7.7578125,29.58167266845703
7.7734375,29.583518981933594
7.7890625,29.57360076904297
7.8046875,29.578369140625
7.8203125,29.574325561523438
7.8359375,29.55596160888672
7.8515625,29.55596160888672
7.8671875,29.550079345703125
7.8828125,29.552276611328125
7.8984375,29.536117553710938
7.9140625,29.532440185546875
7.9296875,29.539779663085938
7.9453125,29.52765655517578
7.9609375,29.530601501464844
7.9765625,29.516632080078125
7.9921875,29.517730712890625
8.0078125,29.504501342773438
8.0234375,29.499359130859375
8.0390625,29.50745391845703
8.0546875,29.499359130859375
8.0703125,29.499359130859375
8.0859375,29.48870849609375
8.1015625,29.478790283203125
8.1171875,29.485763549804688
8.1328125,29.47473907470703
8.1484375,29.47327423095703
8.1640625,29.47217559814453
8.1796875,29.45378875732422
8.1953125,29.457839965820312
8.2109375,29.45526123046875
8.2265625,29.45453643798828
8.2421875,29.444610595703125
8.2578125,29.442764282226562
8.2734375,29.425498962402344
8.2890625,29.4365234375
8.3046875,29.432846069335938
8.3203125,29.424026489257812
8.3359375,29.406387329101562
8.3515625,29.407859802246094
8.3671875,29.409332275390625
8.3828125,29.392051696777344
8.3984375,29.397567749023438
8.4140625,29.39904022216797
8.4296875,29.396102905273438
8.4453125,29.38066864013672
8.4609375,29.393524169921875
8.4765625,29.388015747070312
8.4921875,29.375160217285156
8.5078125,29.386184692382812
8.5234375,29.3677978515625
8.5390625,29.376617431640625
8.5546875,29.361557006835938
8.5703125,29.361557006835938
8.5859375,29.361557006835938
8.6015625,29.356048583984375
8.6171875,29.3677978515625
8.6328125,29.356048583984375
8.6484375,29.342445373535156
8.6640625,29.34649658203125
8.6796875,29.34429168701172
8.6953125,29.342445373535156
8.7109375,29.340240478515625
8.7265625,29.33362579345703
8.7421875,29.333267211914062
8.7578125,29.328857421875
8.7734375,29.321136474609375
8.7890625,29.309738159179688
8.8046875,29.31452178955078
8.8203125,29.301651000976562
8.8359375,29.320396423339844
8.8515625,29.306808471679688
8.8671875,29.301651000976562
8.8828125,29.299087524414062
8.8984375,29.309371948242188
8.9140625,29.304229736328125
8.9296875,29.292098999023438
8.9453125,29.316726684570312
8.9609375,29.309371948242188
8.9765625,29.31378173828125
8.9921875,29.299087524414062
9.0078125,29.31378173828125
9.0234375,29.321495056152344
9.0390625,29.333267211914062
9.0546875,29.33216094970703
9.0703125,29.3314208984375
9.0859375,29.32958984375
9.1015625,29.356048583984375
9.1171875,29.354568481445312
9.1328125,29.3641357421875
9.1484375,29.38543701171875
9.1640625,29.386917114257812
9.1796875,29.406387329101562
9.1953125,29.393898010253906
9.2109375,29.41925811767578
9.2265625,29.4365234375
9.2421875,29.43431854248047
9.2578125,29.444610595703125
9.2734375,29.464080810546875
9.2890625,29.480995178222656
9.3046875,29.48870849609375
9.3203125,29.48981475830078
9.3359375,29.517730712890625
9.3515625,29.54015350341797
9.3671875,29.539779663085938
9.3828125,29.57616424560547
9.3984375,29.59600830078125
9.4140625,29.605567932128906
9.4296875,29.609603881835938
9.4453125,29.617698669433594
9.4609375,29.638275146484375
9.4765625,29.653335571289062
9.4921875,29.67943572998047
9.5078125,29.682373046875
9.5234375,29.692291259765625
9.5390625,29.711402893066406
9.5546875,29.724258422851562
9.5703125,29.75623321533203
9.5859375,29.765426635742188
9.6015625,29.794448852539062
9.6171875,29.797393798828125
9.6328125,29.821273803710938
9.6484375,29.836341857910156
9.6640625,29.852142333984375
9.6796875,29.8580322265625
9.6953125,29.870887756347656
9.7109375,29.888153076171875
9.7265625,29.902862548828125
9.7421875,29.907638549804688
9.7578125,29.91498565673828
9.7734375,29.919395446777344
9.7890625,29.93004608154297
9.8046875,29.92894744873047
9.8203125,29.939613342285156
9.8359375,29.92821502685547
9.8515625,29.941444396972656
9.8671875,29.939613342285156
9.8828125,29.92638397216797
9.8984375,29.93262481689453
9.9140625,29.94402313232422
9.9296875,29.933731079101562
9.9453125,29.942176818847656
9.9609375,29.923431396484375
9.9765625,29.93189239501953
9.9921875,29.921600341796875
10.0078125,29.91240692138672
10.0234375,29.903228759765625
10.0390625,29.902862548828125
10.0546875,29.89220428466797
10.0703125,29.89404296875
10.0859375,29.881179809570312
10.1015625,29.873825073242188
10.1171875,29.85692596435547
10.1328125,29.850669860839844
10.1484375,29.86133575439453
10.1640625,29.85582733154297
10.1796875,29.834877014160156
10.1953125,29.82752227783203
10.2109375,29.82862091064453
10.2265625,29.82421112060547
10.2421875,29.814666748046875
10.2578125,29.813934326171875
10.2734375,29.794448852539062
10.2890625,29.776451110839844
10.3046875,29.77276611328125
10.3203125,29.761749267578125
10.3359375,29.748146057128906
10.3515625,29.750717163085938
10.3671875,29.740798950195312
10.3828125,29.724990844726562
10.3984375,29.718017578125
10.4140625,29.709556579589844
10.4296875,29.710304260253906
10.4453125,29.709556579589844
10.4609375,29.695968627929688
10.4765625,29.673179626464844
10.4921875,29.658111572265625
10.5078125,29.64672088623047
10.5234375,29.648193359375
10.5390625,29.633865356445312
10.5546875,29.634963989257812
10.5703125,29.61585235595703
10.5859375,29.61695098876953
10.6015625,29.61695098876953
10.6171875,29.603721618652344
10.6328125,29.59527587890625
10.6484375,29.589767456054688
10.6640625,29.57801055908203
10.6796875,29.57360076904297
10.6953125,29.566986083984375
10.7109375,29.56072998046875
10.7265625,29.5430908203125
10.7421875,29.548599243164062
10.7578125,29.52581787109375
10.7734375,29.519935607910156
10.7890625,29.530227661132812
10.8046875,29.52509307861328
10.8203125,29.512962341308594
10.8359375,29.514801025390625
10.8515625,29.502296447753906
10.8671875,29.50745391845703
10.8828125,29.503768920898438
10.8984375,29.497886657714844
10.9140625,29.50414276123047
10.9296875,29.49053955078125
10.9453125,29.52434539794922
10.9609375,29.52251434326172
10.9765625,29.535011291503906
10.9921875,29.550445556640625
11.0078125,29.547866821289062
11.0234375,29.554115295410156
11.0390625,29.5787353515625
11.0546875,29.59344482421875
11.0703125,29.604469299316406
11.0859375,29.601516723632812
11.1015625,29.61438751220703
11.1171875,29.63055419921875
11.1328125,29.6463623046875
11.1484375,29.662155151367188
11.1640625,29.680160522460938
11.1796875,29.698532104492188
11.1953125,29.711402893066406
11.2109375,29.721328735351562
11.2265625,29.750350952148438
11.2421875,29.745208740234375
11.2578125,29.759910583496094
11.2734375,29.785995483398438
11.2890625,29.80841827392578
11.3046875,29.834877014160156
11.3203125,29.85692596435547
11.3359375,29.873825073242188
11.3515625,29.887420654296875
11.3671875,29.902130126953125
11.3828125,29.920127868652344
11.3984375,29.9296875
11.4140625,29.94402313232422
11.4296875,29.970840454101562
11.4453125,29.993255615234375
11.4609375,30.023399353027344
11.4765625,30.059402465820312
11.4921875,30.05462646484375
11.5078125,30.081825256347656
11.5234375,30.081825256347656
11.5390625,30.101669311523438
11.5546875,30.127029418945312
11.5703125,30.141357421875
11.5859375,30.157150268554688
11.6015625,30.16082763671875
11.6171875,30.180679321289062
11.6328125,30.185455322265625
11.6484375,30.19794464111328
11.6640625,30.20861053466797
11.6796875,30.205299377441406
11.6953125,30.222564697265625
11.7109375,30.222564697265625
11.7265625,30.22991180419922
11.7421875,30.239105224609375
11.7578125,30.242042541503906
11.7734375,30.232864379882812
11.7890625,30.25012969970703
11.8046875,30.238731384277344
11.8203125,30.23432159423828
11.8359375,30.24388885498047
11.8515625,30.24388885498047
11.8671875,30.23432159423828
11.8828125,30.22955322265625
11.8984375,30.22918701171875
11.9140625,30.226974487304688
11.9296875,30.217056274414062
11.9453125,30.199790954589844
11.9609375,30.201622009277344
11.9765625,30.19794464111328
11.9921875,30.19097137451172
12.0078125,30.174057006835938
12.0234375,30.170753479003906
12.0390625,30.16266632080078
12.0546875,30.156417846679688
12.0703125,30.12665557861328
12.0859375,30.128128051757812
12.1015625,30.115257263183594
12.1171875,30.10974884033203
12.1328125,30.097991943359375
12.1484375,30.08954620361328
12.1640625,30.081825256347656
12.1796875,30.084762573242188
12.1953125,30.076316833496094
12.2109375,30.064186096191406
12.2265625,30.045074462890625
12.2421875,30.040664672851562
12.2578125,30.039932250976562
12.2734375,30.030372619628906
12.2890625,30.01971435546875
12.3046875,30.012733459472656
12.3203125,30.00501251220703
12.3359375,29.993988037109375
12.3515625,30.001708984375
12.3671875,29.98150634765625
12.3828125,29.969375610351562
12.3984375,29.972312927246094
12.4140625,29.954299926757812
12.4296875,29.955047607421875
12.4453125,29.938865661621094
12.4609375,29.93004608154297
12.4765625,29.920867919921875
12.4921875,29.91461181640625
12.5078125,29.91057586669922
12.5234375,29.889999389648438
12.5390625,29.902488708496094
12.5546875,29.8951416015625
12.5703125,29.881912231445312
12.5859375,29.888153076171875
12.6015625,29.87456512451172
12.6171875,29.866851806640625
12.6328125,29.84332275390625
12.6484375,29.837814331054688
12.6640625,29.829368591308594
12.6796875,29.834136962890625
12.6953125,29.82495880126953
12.7109375,29.82238006591797
12.7265625,29.811729431152344
12.7421875,29.78636932373047
12.7578125,29.78893280029297
12.7734375,29.78893280029297
12.7890625,29.759910583496094
12.8046875,29.763946533203125
12.8203125,29.7540283203125
12.8359375,29.748886108398438
12.8515625,29.742630004882812
12.8671875,29.746307373046875
12.8828125,29.740066528320312
12.8984375,29.73565673828125
12.9140625,29.732711791992188
12.9296875,29.742630004882812
12.9453125,29.73748779296875
12.9609375,29.73235321044922
12.9765625,29.741531372070312
12.9921875,29.748886108398438
13.0078125,29.749244689941406
13.0234375,29.765052795410156
13.0390625,29.77093505859375
13.0546875,29.766525268554688
13.0703125,29.77239990234375
13.0859375,29.789306640625
13.1015625,29.784896850585938
13.1171875,29.794815063476562
13.1328125,29.80841827392578
13.1484375,29.827896118164062
13.1640625,29.82495880126953
13.1796875,29.84222412109375
13.1953125,29.847732543945312
13.2109375,29.855079650878906
13.2265625,29.85692596435547
13.2421875,29.883384704589844
13.2578125,29.89366912841797
13.2734375,29.89807891845703
13.2890625,29.898818969726562
13.3046875,29.920127868652344
13.3203125,29.944747924804688
13.3359375,29.950637817382812
13.3515625,29.957611083984375
13.3671875,29.96790313720703
13.3828125,29.98296356201172
13.3984375,30.006118774414062
13.4140625,30.034423828125
13.4296875,30.03845977783203
13.4453125,30.058677673339844
13.4609375,30.062339782714844
13.4765625,30.074844360351562
13.4921875,30.1075439453125
13.5078125,30.12628173828125
13.5234375,30.133644104003906
13.5390625,30.165237426757812
13.5546875,30.165611267089844
13.5703125,30.198684692382812
13.5859375,30.188392639160156
13.6015625,30.21411895751953
13.6171875,30.236900329589844
13.6328125,30.256370544433594
13.6484375,30.261154174804688
13.6640625,30.28173065185547
13.6796875,30.305984497070312
13.6953125,30.3173828125
13.7109375,30.326927185058594
13.7265625,30.35228729248047
13.7421875,30.3548583984375
13.7578125,30.358169555664062
13.7734375,30.366256713867188
13.7890625,30.37102508544922
13.8046875,30.36736297607422
13.8203125,30.378013610839844
13.8359375,30.385360717773438
13.8515625,30.38720703125
13.8671875,30.38720703125
13.8828125,30.38720703125
13.8984375,30.39124298095703
13.9140625,30.382049560546875
13.9296875,30.390869140625
13.9453125,30.39124298095703
13.9609375,30.3890380859375
13.9765625,30.373977661132812
13.9921875,30.378013610839844
14.0078125,30.37287139892578
14.0234375,30.37287139892578
14.0390625,30.36846160888672
14.0546875,30.35596466064453
14.0703125,30.364410400390625
14.0859375,30.35669708251953
14.1015625,30.346038818359375
14.1171875,30.33208465576172
14.1328125,30.330612182617188
14.1484375,30.316650390625
14.1640625,30.30010986328125
14.1796875,30.298263549804688
14.1953125,30.292022705078125
14.2109375,30.28099822998047
14.2265625,30.251602172851562
14.2421875,30.257843017578125
14.2578125,30.24571990966797
14.2734375,30.239105224609375
14.2890625,30.23432159423828
14.3046875,30.222198486328125
14.3203125,30.204200744628906
14.3359375,30.187660217285156
14.3515625,30.167076110839844
14.3671875,30.144668579101562
14.3828125,30.114158630371094
14.3984375,30.097991943359375
14.4140625,30.096519470214844
14.4296875,30.081825256347656
14.4453125,30.0726318359375
14.4609375,30.051315307617188
14.4765625,30.050216674804688
14.4921875,30.03588104248047
14.5078125,30.01457977294922
14.5234375,30.02044677734375
14.5390625,29.993988037109375
14.5546875,29.993988037109375
14.5703125,29.988479614257812
14.5859375,29.990325927734375
14.6015625,29.974517822265625
14.6171875,29.972686767578125
14.6328125,29.953941345214844
14.6484375,29.941444396972656
14.6640625,29.93189239501953
14.6796875,29.920867919921875
14.6953125,29.920867919921875
14.7109375,29.91387939453125
14.7265625,29.896240234375
14.7421875,29.902862548828125
14.7578125,29.888153076171875
14.7734375,29.89293670654297
14.7890625,29.87529754638672
14.8046875,29.85692596435547
14.8203125,29.855079650878906
14.8359375,29.86133575439453
14.8515625,29.84039306640625
14.8671875,29.82311248779297
14.8828125,29.82568359375
14.8984375,29.82862091064453
14.9140625,29.812828063964844
14.9296875,29.814666748046875
14.9453125,29.811729431152344
14.9609375,29.80474090576172
14.9765625,29.80694580078125
14.9921875,29.802162170410156
15.0078125,29.801063537597656
15.0234375,29.80988311767578
15.0390625,29.811729431152344
15.0546875,29.80841827392578
15.0703125,29.819442749023438
15.0859375,29.834136962890625
15.1015625,29.838546752929688
15.1171875,29.855079650878906
15.1328125,29.856185913085938
15.1484375,29.865371704101562
15.1640625,29.87456512451172
15.1796875,29.89293670654297
15.1953125,29.898818969726562
15.2109375,29.91130828857422
15.2265625,29.9293212890625
15.2421875,29.935928344726562
15.2578125,29.943275451660156
15.2734375,29.960189819335938
15.2890625,29.974517822265625
15.3046875,29.992530822753906
15.3203125,29.988479614257812
15.3359375,30.011627197265625
15.3515625,30.039566040039062
15.3671875,30.05316162109375
15.3828125,30.05426788330078
15.3984375,30.046905517578125
15.4140625,30.049484252929688
15.4296875,30.066024780273438
15.4453125,30.074111938476562
15.4609375,30.078521728515625
15.4765625,30.081085205078125
15.4921875,30.100196838378906
15.5078125,30.102027893066406
15.5234375,30.10828399658203
15.5390625,30.11084747314453
15.5546875,30.096519470214844
15.5703125,30.109390258789062
15.5859375,30.12151336669922
15.6015625,30.111595153808594
15.6171875,30.111595153808594
15.6328125,30.113426208496094
15.6484375,30.114898681640625
15.6640625,30.12445068359375
15.6796875,30.116363525390625
15.6953125,30.117103576660156
15.7109375,30.100570678710938
15.7265625,30.1075439453125
15.7421875,30.111595153808594
15.7578125,30.1075439453125
15.7734375,30.10460662841797
15.7890625,30.101669311523438
15.8046875,30.100196838378906
15.8203125,30.091751098632812
15.8359375,30.09064483642578
15.8515625,30.08917236328125
15.8671875,30.079254150390625
15.8828125,30.067855834960938
15.8984375,30.067855834960938
15.9140625,30.068222045898438
15.9296875,30.05536651611328
15.9453125,30.049484252929688
15.9609375,30.050216674804688
15.9765625,30.045074462890625
15.9921875,30.03588104248047
16.0078125,30.030372619628906
16.0234375,30.02155303955078
16.0390625,30.010894775390625
16.0546875,30.012374877929688
16.0703125,29.9998779296875
16.0859375,30.009063720703125
16.1015625,29.991058349609375
16.1171875,30.000244140625
16.1328125,29.98296356201172
16.1484375,29.98223876953125
16.1640625,29.971939086914062
16.1796875,29.98480987548828
16.1953125,29.968276977539062
16.2109375,29.967529296875
16.2265625,29.955047607421875
16.2421875,29.95209503173828
16.2578125,29.94696044921875
16.2734375,29.935928344726562
16.2890625,29.92748260498047
16.3046875,29.920867919921875
16.3203125,29.922698974609375
16.3359375,29.924537658691406
16.3515625,29.917922973632812
16.3671875,29.91057586669922
16.3828125,29.91057586669922
16.3984375,29.890731811523438
16.4140625,29.89404296875
16.4296875,29.89697265625
16.4453125,29.886322021484375
16.4609375,29.889259338378906
16.4765625,29.886322021484375
16.4921875,29.87529754638672
16.5078125,29.890731811523438
16.5234375,29.882644653320312
16.5390625,29.870887756347656
16.5546875,29.8609619140625
16.5703125,29.87456512451172
16.5859375,29.84369659423828
16.6015625,29.838546752929688
16.6171875,29.845535278320312
16.6328125,29.838546752929688
16.6484375,29.835235595703125
16.6640625,29.831199645996094
16.6796875,29.82862091064453
16.6953125,29.813186645507812
16.7109375,29.80915069580078
16.7265625,29.80621337890625
16.7421875,29.813186645507812
16.7578125,29.811729431152344
16.7734375,29.797393798828125
16.7890625,29.797027587890625
16.8046875,29.794090270996094
16.8203125,29.793716430664062
16.8359375,29.77313995361328
16.8515625,29.781219482421875
16.8671875,29.783065795898438
16.8828125,29.777549743652344
16.8984375,29.765052795410156
16.9140625,29.774978637695312
16.9296875,29.765052795410156
16.9453125,29.73748779296875
16.9609375,29.75806427001953
16.9765625,29.748886108398438
16.9921875,29.743377685546875
17.0078125,29.75109100341797
17.0234375,29.7547607421875
17.0390625,29.741897583007812
17.0546875,29.738967895507812
17.0703125,29.74042510986328
17.0859375,29.73455810546875
17.1015625,29.724258422851562
17.1171875,29.73786163330078
17.1328125,29.732711791992188
17.1484375,29.73748779296875
17.1640625,29.74042510986328
17.1796875,29.750717163085938
17.1953125,29.744834899902344
17.2109375,29.749244689941406
17.2265625,29.759910583496094
17.2421875,29.7529296875
17.2578125,29.77349853515625
17.2734375,29.774978637695312
17.2890625,29.785629272460938
17.3046875,29.789306640625
17.3203125,29.784896850585938
17.3359375,29.794090270996094
17.3515625,29.818344116210938
17.3671875,29.815032958984375
17.3828125,29.82862091064453
17.3984375,29.834136962890625
17.4140625,29.831199645996094
17.4296875,29.84039306640625
17.4453125,29.84039306640625
17.4609375,29.8580322265625
17.4765625,29.87712860107422
17.4921875,29.870887756347656
17.5078125,29.87346649169922
17.5234375,29.888153076171875
17.5390625,29.898818969726562
17.5546875,29.906539916992188
17.5703125,29.90874481201172
17.5859375,29.923072814941406
17.6015625,29.93262481689453
17.6171875,29.936660766601562
17.6328125,29.944747924804688
17.6484375,29.94402313232422
17.6640625,29.96422576904297
17.6796875,29.98113250732422
17.6953125,29.98150634765625
17.7109375,29.990325927734375
17.7265625,29.997299194335938
17.7421875,30.00318145751953
17.7578125,30.005760192871094
17.7734375,30.01751708984375
17.7890625,30.031471252441406
17.8046875,30.028533935546875
17.8203125,30.041038513183594
17.8359375,30.045448303222656
17.8515625,30.044700622558594
17.8671875,30.060882568359375
17.8828125,30.059402465820312
17.8984375,30.061981201171875
17.9140625,30.074111938476562
17.9296875,30.074111938476562
17.9453125,30.0726318359375
17.9609375,30.074844360351562
17.9765625,30.0697021484375
17.9921875,30.07373809814453
18.0078125,30.062339782714844
18.0234375,30.078147888183594
18.0390625,30.07556915283203
18.0546875,30.074111938476562
18.0703125,30.065292358398438
18.0859375,30.064918518066406
18.1015625,30.062339782714844
18.1171875,30.060134887695312
18.1328125,30.067855834960938
18.1484375,30.042137145996094
18.1640625,30.030014038085938
18.1796875,30.051315307617188
18.1953125,30.034423828125
18.2109375,30.0380859375
18.2265625,30.02044677734375
18.2421875,29.993988037109375
18.2578125,29.992156982421875
18.2734375,29.980758666992188
18.2890625,29.975250244140625
18.3046875,29.96790313720703
18.3203125,29.959083557128906
18.3359375,29.955406188964844
18.3515625,29.93335723876953
18.3671875,29.939613342285156
18.3828125,29.922332763671875
18.3984375,29.922332763671875
18.4140625,29.915359497070312
18.4296875,29.91571807861328
18.4453125,29.907638549804688
18.4609375,29.89697265625
18.4765625,29.902130126953125
18.4921875,29.89220428466797
18.5078125,29.883384704589844
18.5234375,29.888153076171875
18.5390625,29.880081176757812
18.5546875,29.87970733642578
18.5703125,29.869781494140625
18.5859375,29.86133575439453
18.6015625,29.851776123046875
18.6171875,29.84369659423828
18.6328125,29.838546752929688
18.6484375,29.834877014160156
18.6640625,29.847007751464844
18.6796875,29.82678985595703
18.6953125,29.82495880126953
18.7109375,29.82752227783203
18.7265625,29.80474090576172
18.7421875,29.80657196044922
18.7578125,29.800331115722656
18.7734375,29.801437377929688
18.7890625,29.798126220703125
18.8046875,29.796653747558594
18.8203125,29.801437377929688
18.8359375,29.78636932373047
18.8515625,29.77239990234375
18.8671875,29.776451110839844
18.8828125,29.77570343017578
18.8984375,29.761016845703125
18.9140625,29.759910583496094
18.9296875,29.757339477539062
18.9453125,29.73491668701172
18.9609375,29.728668212890625
18.9765625,29.741531372070312
18.9921875,29.73676300048828
19.0078125,29.73748779296875
19.0234375,29.727943420410156
19.0390625,29.732711791992188
19.0546875,29.724258422851562
19.0703125,29.731979370117188
19.0859375,29.724258422851562
19.1015625,29.732711791992188
19.1171875,29.727195739746094
19.1328125,29.731605529785156
19.1484375,29.721328735351562
19.1640625,29.721328735351562
19.1796875,29.723159790039062
19.1953125,29.725364685058594
19.2109375,29.724990844726562
19.2265625,29.730148315429688
19.2421875,29.7532958984375
19.2578125,29.746681213378906
19.2734375,29.749244689941406
19.2890625,29.75109100341797
19.3046875,29.760643005371094
19.3203125,29.763221740722656
19.3359375,29.777549743652344
19.3515625,29.774246215820312
19.3671875,29.77239990234375
19.3828125,29.776451110839844
19.3984375,29.793716430664062
19.4140625,29.78968048095703
19.4296875,29.800704956054688
19.4453125,29.793716430664062
19.4609375,29.80474090576172
19.4765625,29.830467224121094
19.4921875,29.814666748046875
19.5078125,29.813186645507812
19.5234375,29.814666748046875
19.5390625,29.830467224121094
19.5546875,29.84295654296875
19.5703125,29.845901489257812
19.5859375,29.86133575439453
19.6015625,29.86133575439453
19.6171875,29.85692596435547
19.6328125,29.8616943359375
19.6484375,29.853622436523438
19.6640625,29.85692596435547
19.6796875,29.889259338378906
19.6953125,29.87640380859375
19.7109375,29.87933349609375
19.7265625,29.89293670654297
19.7421875,29.8944091796875
19.7578125,29.883743286132812
19.7734375,29.906898498535156
19.7890625,29.908370971679688
19.8046875,29.904335021972656
19.8203125,29.904693603515625
19.8359375,29.903228759765625
19.8515625,29.909469604492188
19.8671875,29.907638549804688
19.8828125,29.91057586669922
19.8984375,29.903228759765625
19.9140625,29.906898498535156
19.9296875,29.919769287109375
19.9453125,29.919021606445312
19.9609375,29.919021606445312
19.9765625,29.91387939453125
19.9921875,29.92638397216797
20.0078125,29.920867919921875
20.0234375,29.91240692138672
20.0390625,29.921226501464844
20.0546875,29.907638549804688
20.0703125,29.916458129882812
20.0859375,29.907638549804688
20.1015625,29.91057586669922
20.1171875,29.91057586669922
20.1328125,29.899925231933594
20.1484375,29.89404296875
20.1640625,29.898818969726562
20.1796875,29.89110565185547
20.1953125,29.899925231933594
20.2109375,29.883010864257812
20.2265625,29.891830444335938
20.2421875,29.87567138671875
20.2578125,29.89220428466797
20.2734375,29.881179809570312
20.2890625,29.881912231445312
20.3046875,29.866104125976562
20.3203125,29.873825073242188
20.3359375,29.870513916015625
20.3515625,29.887420654296875
20.3671875,29.85986328125
20.3828125,29.856185913085938
20.3984375,29.86133575439453
20.4140625,29.85986328125
20.4296875,29.86133575439453
20.4453125,29.85692596435547
20.4609375,29.8580322265625
20.4765625,29.84332275390625
20.4921875,29.855079650878906
20.5078125,29.84039306640625
20.5234375,29.847732543945312
20.5390625,29.85692596435547
20.5546875,29.835235595703125
20.5703125,29.838546752929688
20.5859375,29.847007751464844
20.6015625,29.834503173828125
20.6171875,29.834136962890625
20.6328125,29.829368591308594
20.6484375,29.82678985595703
20.6640625,29.84039306640625
20.6796875,29.836341857910156
20.6953125,29.839645385742188
20.7109375,29.82275390625
20.7265625,29.82605743408203
20.7421875,29.831932067871094
20.7578125,29.82752227783203
20.7734375,29.821273803710938
20.7890625,29.830467224121094
20.8046875,29.817596435546875
20.8203125,29.829368591308594
20.8359375,29.82752227783203
20.8515625,29.82421112060547
20.8671875,29.82568359375
20.8828125,29.813934326171875
20.8984375,29.813186645507812
20.9140625,29.821273803710938
20.9296875,29.82568359375
20.9453125,29.810623168945312
20.9609375,29.798858642578125
20.9765625,29.814666748046875
20.9921875,29.803634643554688
21.0078125,29.80474090576172
21.0234375,29.797752380371094
21.0390625,29.798858642578125
21.0546875,29.796653747558594
21.0703125,29.799957275390625
21.0859375,29.799224853515625
21.1015625,29.800704956054688
21.1171875,29.800331115722656
21.1328125,29.80841827392578
21.1484375,29.80547332763672
21.1640625,29.798500061035156
21.1796875,29.811729431152344
21.1953125,29.80474090576172
21.2109375,29.80621337890625
21.2265625,29.804367065429688
21.2421875,29.80841827392578
21.2578125,29.80657196044922
21.2734375,29.82752227783203
21.2890625,29.822006225585938
21.3046875,29.82311248779297
21.3203125,29.816864013671875
21.3359375,29.821273803710938
21.3515625,29.82678985595703
21.3671875,29.834503173828125
21.3828125,29.839645385742188
21.3984375,29.84295654296875
21.4140625,29.860595703125
21.4296875,29.85948944091797
21.4453125,29.84516143798828
21.4609375,29.84332275390625
21.4765625,29.84332275390625
21.4921875,29.852142333984375
21.5078125,29.86133575439453
21.5234375,29.855079650878906
21.5390625,29.86133575439453
21.5546875,29.84039306640625
21.5703125,29.84332275390625
21.5859375,29.84295654296875
21.6015625,29.855453491210938
21.6171875,29.850311279296875
21.6328125,29.834877014160156
21.6484375,29.84222412109375
21.6640625,29.834877014160156
21.6796875,29.84039306640625
21.6953125,29.84039306640625
21.7109375,29.834136962890625
21.7265625,29.831932067871094
21.7421875,29.835983276367188
21.7578125,29.831199645996094
21.7734375,29.814666748046875
21.7890625,29.82421112060547
21.8046875,29.813186645507812
21.8203125,29.810623168945312
21.8359375,29.796295166015625
21.8515625,29.79334259033203
21.8671875,29.794815063476562
21.8828125,29.797752380371094
21.8984375,29.789306640625
21.9140625,29.785629272460938
21.9296875,29.77239990234375
21.9453125,29.766883850097656
21.9609375,29.75806427001953
21.9765625,29.75109100341797
21.9921875,29.761016845703125
22.0078125,29.75182342529297
22.0234375,29.766525268554688
22.0390625,29.748146057128906
22.0546875,29.744834899902344
22.0703125,29.733078002929688
22.0859375,29.728668212890625
22.1015625,29.708831787109375
22.1171875,29.725738525390625
22.1328125,29.724258422851562
22.1484375,29.709930419921875
22.1640625,29.718017578125
22.1796875,29.70220947265625
22.1953125,29.710304260253906
22.2109375,29.710304260253906
22.2265625,29.711029052734375
22.2421875,29.689353942871094
22.2578125,29.708457946777344
22.2734375,29.693389892578125
22.2890625,29.695968627929688
22.3046875,29.695968627929688
22.3203125,29.689353942871094
22.3359375,29.673179626464844
22.3515625,29.67943572998047
22.3671875,29.669509887695312
22.3828125,29.669143676757812
22.3984375,29.66289520263672
22.4140625,29.66656494140625
22.4296875,29.658111572265625
22.4453125,29.660324096679688
22.4609375,29.655181884765625
22.4765625,29.642684936523438
22.4921875,29.633865356445312
22.5078125,29.64966583251953
22.5234375,29.66583251953125
22.5390625,29.64781951904297
22.5546875,29.638999938964844
22.5703125,29.627243041992188
22.5859375,29.627243041992188
22.6015625,29.64415740966797
22.6171875,29.636436462402344
22.6328125,29.63202667236328
22.6484375,29.634963989257812
22.6640625,29.635696411132812
22.6796875,29.63275909423828
22.6953125,29.625045776367188
22.7109375,29.63202667236328
22.7265625,29.63275909423828
22.7421875,29.642684936523438
22.7578125,29.640106201171875
22.7734375,29.640106201171875
22.7890625,29.64781951904297
22.8046875,29.640106201171875
22.8203125,29.62945556640625
22.8359375,29.636436462402344
22.8515625,29.63202667236328
22.8671875,29.644515991210938
22.8828125,29.633865356445312
22.8984375,29.633865356445312
22.9140625,29.637901306152344
22.9296875,29.63128662109375
22.9453125,29.62945556640625
22.9609375,29.63092803955078
22.9765625,29.626876831054688
22.9921875,29.63092803955078
23.0078125,29.627243041992188
23.0234375,29.619529724121094
23.0390625,29.618797302246094
23.0546875,29.61585235595703
23.0703125,29.617698669433594
23.0859375,29.61585235595703
23.1015625,29.622467041015625
23.1171875,29.61474609375
23.1328125,29.616592407226562
23.1484375,29.619529724121094
23.1640625,29.62651824951172
23.1796875,29.619529724121094
23.1953125,29.622467041015625
23.2109375,29.625411987304688
23.2265625,29.622467041015625
23.2421875,29.634963989257812
23.2578125,29.623207092285156
23.2734375,29.626876831054688
23.2890625,29.626144409179688
23.3046875,29.62761688232422
23.3203125,29.618057250976562
23.3359375,29.623939514160156
23.3515625,29.627243041992188
23.3671875,29.635696411132812
23.3828125,29.627243041992188
23.3984375,29.636436462402344
23.4140625,29.64781951904297
23.4296875,29.636436462402344
23.4453125,29.64781951904297
23.4609375,29.64966583251953
23.4765625,29.644515991210938
23.4921875,29.63092803955078
23.5078125,29.651504516601562
23.5234375,29.644515991210938
23.5390625,29.648193359375
23.5546875,29.643409729003906
23.5703125,29.655181884765625
23.5859375,29.658111572265625
23.6015625,29.661048889160156
23.6171875,29.66620635986328
23.6328125,29.655181884765625
23.6484375,29.658843994140625
23.6640625,29.66583251953125
23.6796875,29.651504516601562
23.6953125,29.66400146484375
23.7109375,29.654075622558594
23.7265625,29.672821044921875
23.7421875,29.669143676757812
23.7578125,29.66473388671875
23.7734375,29.669143676757812
23.7890625,29.662155151367188
23.8046875,29.66289520263672
23.8203125,29.669509887695312
23.8359375,29.66473388671875
23.8515625,29.672447204589844
23.8671875,29.66620635986328
23.8828125,29.672821044921875
23.8984375,29.68126678466797
23.9140625,29.66289520263672
23.9296875,29.66289520263672
23.9453125,29.653335571289062
23.9609375,29.658111572265625
23.9765625,29.64966583251953
23.9921875,29.66583251953125
24.0078125,29.657012939453125
24.0234375,29.643409729003906
24.0390625,29.644515991210938
24.0546875,29.640106201171875
24.0703125,29.651504516601562
24.0859375,29.642684936523438
24.1015625,29.637168884277344
24.1171875,29.638275146484375
24.1328125,29.65039825439453
24.1484375,29.638275146484375
24.1640625,29.64966583251953
24.1796875,29.640472412109375
24.1953125,29.642684936523438
24.2109375,29.642684936523438
24.2265625,29.636436462402344
24.2421875,29.62908172607422
24.2578125,29.634963989257812
24.2734375,29.638275146484375
24.2890625,29.63202667236328
24.3046875,29.625045776367188
24.3203125,29.63202667236328
24.3359375,29.63128662109375
24.3515625,29.622467041015625
24.3671875,29.62834930419922
24.3828125,29.622467041015625
24.3984375,29.63092803955078
24.4140625,29.622467041015625
24.4296875,29.627243041992188
24.4453125,29.61144256591797
24.4609375,29.610336303710938
24.4765625,29.620635986328125
24.4921875,29.61474609375
24.5078125,29.602996826171875
24.5234375,29.604827880859375
24.5390625,29.605567932128906
24.5546875,29.618797302246094
24.5703125,29.61474609375
24.5859375,29.606300354003906
24.6015625,29.603363037109375
24.6171875,29.603363037109375
24.6328125,29.607772827148438
24.6484375,29.59600830078125
24.6640625,29.59490203857422
24.6796875,29.605926513671875
24.6953125,29.61144256591797
24.7109375,29.587928771972656
24.7265625,29.59380340576172
24.7421875,29.598587036132812
24.7578125,29.589035034179688
24.7734375,29.591964721679688
24.7890625,29.587188720703125
24.8046875,29.59380340576172
24.8203125,29.591964721679688
24.8359375,29.580947875976562
24.8515625,29.566986083984375
24.8671875,29.568084716796875
24.8828125,29.571754455566406
24.8984375,29.583877563476562
24.9140625,29.57801055908203
24.9296875,29.57910919189453
24.9453125,29.571754455566406
24.9609375,29.57801055908203
24.9765625,29.584625244140625
24.9921875,29.57543182373047
25.0078125,29.591964721679688
25.0234375,29.583145141601562
25.0390625,29.5787353515625
25.0546875,29.582778930664062
25.0703125,29.585357666015625
25.0859375,29.59454345703125
25.1015625,29.589035034179688
25.1171875,29.587188720703125
25.1328125,29.591598510742188
25.1484375,29.597854614257812
25.1640625,29.589035034179688
25.1796875,29.605926513671875
25.1953125,29.605567932128906
25.2109375,29.61511993408203
25.2265625,29.60887908935547
25.2421875,29.606300354003906
25.2578125,29.627243041992188
25.2734375,29.636436462402344
25.2890625,29.627243041992188
25.3046875,29.638275146484375
25.3203125,29.650772094726562
25.3359375,29.64856719970703
25.3515625,29.662155151367188
25.3671875,29.676483154296875
25.3828125,29.686782836914062
25.3984375,29.675750732421875
25.4140625,29.693389892578125
25.4296875,29.693389892578125
25.4453125,29.696701049804688
25.4609375,29.689353942871094
25.4765625,29.705894470214844
25.4921875,29.727195739746094
25.5078125,29.724258422851562
25.5234375,29.741897583007812
25.5390625,29.749244689941406
25.5546875,29.747787475585938
25.5703125,29.761749267578125
25.5859375,29.78857421875
25.6015625,29.777908325195312
25.6171875,29.79334259033203
25.6328125,29.799957275390625
25.6484375,29.80841827392578
25.6640625,29.813934326171875
25.6796875,29.82568359375
25.6953125,29.830093383789062
25.7109375,29.84295654296875
25.7265625,29.855079650878906
25.7421875,29.862442016601562
25.7578125,29.870887756347656
25.7734375,29.887420654296875
25.7890625,29.902862548828125
25.8046875,29.904693603515625
25.8203125,29.907272338867188
25.8359375,29.921226501464844
25.8515625,29.903961181640625
25.8671875,29.900283813476562
25.8828125,29.91571807861328
25.8984375,29.907638549804688
25.9140625,29.922332763671875
25.9296875,29.904693603515625
25.9453125,29.91168212890625
25.9609375,29.91057586669922
25.9765625,29.898818969726562
25.9921875,29.900283813476562
26.0078125,29.91057586669922
26.0234375,29.89917755126953
26.0390625,29.898818969726562
26.0546875,29.890731811523438
26.0703125,29.901023864746094
26.0859375,29.888153076171875
26.1015625,29.884490966796875
26.1171875,29.889259338378906
26.1328125,29.87750244140625
26.1484375,29.87456512451172
26.1640625,29.880813598632812
26.1796875,29.865371704101562
26.1953125,29.870155334472656
26.2109375,29.854354858398438
26.2265625,29.847732543945312
26.2421875,29.84369659423828
26.2578125,29.834877014160156
26.2734375,29.835983276367188
26.2890625,29.817596435546875
26.3046875,29.816864013671875
26.3203125,29.80621337890625
26.3359375,29.80841827392578
26.3515625,29.80694580078125
26.3671875,29.802162170410156
26.3828125,29.80400848388672
26.3984375,29.78857421875
26.4140625,29.780487060546875
26.4296875,29.763221740722656
26.4453125,29.7547607421875
26.4609375,29.764320373535156
26.4765625,29.747413635253906
26.4921875,29.73529052734375
26.5078125,29.730148315429688
26.5234375,29.723159790039062
26.5390625,29.730880737304688
26.5546875,29.7198486328125
26.5703125,29.713241577148438
26.5859375,29.692291259765625
26.6015625,29.707725524902344
26.6171875,29.694122314453125
26.6328125,29.690460205078125
26.6484375,29.676483154296875
26.6640625,29.66656494140625
26.6796875,29.669509887695312
26.6953125,29.655181884765625
26.7109375,29.658485412597656
26.7265625,29.64672088623047
26.7421875,29.648193359375
26.7578125,29.64966583251953
26.7734375,29.626876831054688
26.7890625,29.622108459472656
26.8046875,29.61474609375
26.8203125,29.620262145996094
26.8359375,29.61474609375
26.8515625,29.61328887939453
26.8671875,29.59527587890625
26.8828125,29.59233856201172
26.8984375,29.601158142089844
26.9140625,29.592697143554688
26.9296875,29.602264404296875
26.9453125,29.601516723632812
26.9609375,29.600784301757812
26.9765625,29.582420349121094
26.9921875,29.589035034179688
27.0078125,29.598953247070312
27.0234375,29.587554931640625
27.0390625,29.601516723632812
27.0546875,29.590492248535156
27.0703125,29.587928771972656
27.0859375,29.591964721679688
27.1015625,29.59380340576172
27.1171875,29.584983825683594
27.1328125,29.59527587890625
27.1484375,29.59344482421875
27.1640625,29.588661193847656
27.1796875,29.597854614257812
27.1953125,29.604827880859375
27.2109375,29.591598510742188
27.2265625,29.602996826171875
27.2421875,29.601516723632812
27.2578125,29.603721618652344
27.2734375,29.592697143554688
27.2890625,29.59527587890625
27.3046875,29.602264404296875
27.3203125,29.601158142089844
27.3359375,29.597854614257812
27.3515625,29.59600830078125
27.3671875,29.602264404296875
27.3828125,29.605567932128906
27.3984375,29.600784301757812
27.4140625,29.617698669433594
27.4296875,29.606674194335938
27.4453125,29.61474609375
27.4609375,29.627243041992188
27.4765625,29.61585235595703
27.4921875,29.62872314453125
27.5078125,29.626144409179688
27.5234375,29.63275909423828
27.5390625,29.638275146484375
27.5546875,29.62908172607422
27.5703125,29.641952514648438
27.5859375,29.641952514648438
27.6015625,29.636436462402344
27.6171875,29.62872314453125
27.6328125,29.637542724609375
27.6484375,29.642684936523438
27.6640625,29.653335571289062
27.6796875,29.655181884765625
27.6953125,29.653335571289062
27.7109375,29.657745361328125
27.7265625,29.669509887695312
27.7421875,29.669143676757812
27.7578125,29.669143676757812
27.7734375,29.670616149902344
27.7890625,29.669143676757812
27.8046875,29.66289520263672
27.8203125,29.662155151367188
27.8359375,29.662155151367188
27.8515625,29.68384552001953
27.8671875,29.669143676757812
27.8828125,29.671340942382812
27.8984375,29.675750732421875
27.9140625,29.66766357421875
27.9296875,29.682373046875
27.9453125,29.669509887695312
27.9609375,29.68750762939453
27.9765625,29.672447204589844
27.9921875,29.672447204589844
28.0078125,29.66693115234375
28.0234375,29.662155151367188
28.0390625,29.662155151367188
28.0546875,29.658111572265625
28.0703125,29.658485412597656
28.0859375,29.669509887695312
28.1015625,29.64966583251953
28.1171875,29.64966583251953
28.1328125,29.6500244140625
28.1484375,29.651504516601562
28.1640625,29.635696411132812
28.1796875,29.638275146484375
28.1953125,29.643409729003906
28.2109375,29.638641357421875
28.2265625,29.63202667236328
28.2421875,29.633132934570312
28.2578125,29.624671936035156
28.2734375,29.60887908935547
28.2890625,29.62651824951172
28.3046875,29.616592407226562
28.3203125,29.61695098876953
28.3359375,29.6121826171875
28.3515625,29.608131408691406
28.3671875,29.614013671875
28.3828125,29.617698669433594
28.3984375,29.6129150390625
28.4140625,29.617698669433594
28.4296875,29.59380340576172
28.4453125,29.604469299316406
28.4609375,29.590492248535156
28.4765625,29.607406616210938
28.4921875,29.590492248535156
28.5078125,29.601516723632812
28.5234375,29.587928771972656
28.5390625,29.59490203857422
28.5546875,29.582046508789062
28.5703125,29.582420349121094
28.5859375,29.59527587890625
28.6015625,29.585357666015625
28.6171875,29.583518981933594
28.6328125,29.582046508789062
28.6484375,29.584251403808594
28.6640625,29.582778930664062
28.6796875,29.57801055908203
28.6953125,29.582046508789062
28.7109375,29.582046508789062
28.7265625,29.58167266845703
28.7421875,29.566238403320312
28.7578125,29.562576293945312
28.7734375,29.566238403320312
28.7890625,29.562576293945312
28.8046875,29.56220245361328
28.8203125,29.55889892578125
28.8359375,29.564407348632812
28.8515625,29.565879821777344
28.8671875,29.578369140625
28.8828125,29.571754455566406
28.8984375,29.564407348632812
28.9140625,29.564407348632812
28.9296875,29.56072998046875
28.9453125,29.574325561523438
28.9609375,29.58167266845703
28.9765625,29.575057983398438
28.9921875,29.578369140625
29.0078125,29.591964721679688
29.0234375,29.586082458496094
29.0390625,29.583145141601562
29.0546875,29.582420349121094
29.0703125,29.591964721679688
29.0859375,29.59380340576172
29.1015625,29.584625244140625
29.1171875,29.590866088867188
29.1328125,29.603363037109375
29.1484375,29.59454345703125
29.1640625,29.59748077392578
29.1796875,29.606300354003906
29.1953125,29.606300354003906
29.2109375,29.600784301757812
29.2265625,29.61695098876953
29.2421875,29.614013671875
29.2578125,29.618797302246094
29.2734375,29.63128662109375
29.2890625,29.642684936523438
29.3046875,29.643409729003906
29.3203125,29.644515991210938
29.3359375,29.659591674804688
29.3515625,29.669509887695312
29.3671875,29.669143676757812
29.3828125,29.682373046875
29.3984375,29.711402893066406
29.4140625,29.692291259765625
29.4296875,29.69707489013672
29.4453125,29.689353942871094
29.4609375,29.705520629882812
29.4765625,29.7169189453125
29.4921875,29.7169189453125
29.5078125,29.73932647705078
29.5234375,29.732711791992188
29.5390625,29.742271423339844
29.5546875,29.744110107421875
29.5703125,29.750717163085938
29.5859375,29.76873016357422
29.6015625,29.777549743652344
29.6171875,29.785629272460938
29.6328125,29.774246215820312
29.6484375,29.797027587890625
29.6640625,29.794815063476562
29.6796875,29.797393798828125
29.6953125,29.795188903808594
29.7109375,29.79334259033203
29.7265625,29.798126220703125
29.7421875,29.80474090576172
29.7578125,29.80988311767578
29.7734375,29.801437377929688
29.7890625,29.800704956054688
29.8046875,29.80474090576172
29.8203125,29.798500061035156
29.8359375,29.801803588867188
29.8515625,29.797393798828125
29.8671875,29.810256958007812
29.8828125,29.7882080078125
29.8984375,29.77570343017578
29.9140625,29.77313995361328
29.9296875,29.778656005859375
29.9453125,29.779388427734375
29.9609375,29.783424377441406
29.9765625,29.784896850585938
29.9921875,29.77276611328125
30.0078125,29.77570343017578
30.0234375,29.763946533203125
30.0390625,29.7540283203125
30.0546875,29.762474060058594
30.0703125,29.755126953125
30.0859375,29.75109100341797
30.1015625,29.75109100341797
30.1171875,29.743736267089844
30.1328125,29.725738525390625
30.1484375,29.724258422851562
30.1640625,29.713241577148438
30.1796875,29.690086364746094
30.1953125,29.707725524902344
30.2109375,29.70037841796875
30.2265625,29.694122314453125
30.2421875,29.690460205078125
30.2578125,29.672821044921875
30.2734375,29.690460205078125
30.2890625,29.672821044921875
30.3046875,29.682373046875
30.3203125,29.655181884765625
30.3359375,29.66473388671875
30.3515625,29.64415740966797
30.3671875,29.6500244140625
30.3828125,29.64672088623047
30.3984375,29.640106201171875
30.4140625,29.63202667236328
30.4296875,29.635696411132812
30.4453125,29.63275909423828
30.4609375,29.625045776367188
30.4765625,29.618797302246094
