Time (seconds),Left,Center,Up,Right,Down
0.0170262,0.0,0.0,0.0,0.0,0.0
0.0667377,0.0,0.0,0.0,0.0,0.0
0.1165762,0.0,0.0,0.0,0.0,0.0
0.1657078,0.0,0.0,0.0,0.0,0.0
0.2164237,0.0,0.0,0.0,0.0,0.0
0.2656932,0.0,0.0,0.0,0.0,0.0
0.3153269,0.0,0.0,0.0,0.0,0.0
0.3648198,0.0,0.0,0.0,0.0,0.0
0.4147503,0.0,0.0,0.0,0.0,0.0
0.4648457,0.0,0.0,0.0,0.0,0.0
0.5148554,0.0,0.0,0.0,0.0,0.0
0.5642531,0.0,0.0,0.0,0.0,0.0
0.6139822,0.0,0.0,0.0,0.0,0.0
0.6639559,0.0,0.0,0.0,0.0,0.0
0.713027,0.0,0.0,0.0,0.0,0.0
0.7631779,0.0,0.0,0.0,0.0,0.0
0.8123143,0.0,0.0,0.0,0.0,0.0
0.8634572,0.0,0.0,0.0,0.0,0.0
0.912811,0.0,0.0,0.0,0.0,0.0
0.9623458,0.0,0.0,0.0,0.0,0.0
1.0115113,0.0,0.0,0.0,0.0,0.0
1.0613329,0.0,0.0,0.0,0.0,0.0
1.1114724,0.0,0.0,0.0,0.0,0.0
1.1614778,0.0,0.0,0.0,0.0,0.0
1.2109098,0.0,0.0,0.0,0.0,0.0
1.2609198,0.0,0.0,0.0,0.0,0.0
1.3099515,0.0,0.0,0.0,0.0,0.0
1.3595097,0.0,0.0,0.0,0.0,0.0
1.4092889,0.0,0.0,0.0,0.0,0.0
1.4594378,0.0,0.0,0.0,0.0,0.0
1.5092249,0.0,0.0,0.0,0.0,0.0
1.5585165,0.0,0.0,0.0,0.0,0.0
1.6081622,0.0,0.0,0.0,0.0,0.0
1.6585252,0.34,0.0,0.0,0.0,0.0
1.7085195,0.76,0.0844444,0.0,0.0,0.0
1.7585204,0.8133333,0.6622222,0.5644444,0.0,0.0777778
1.8082104,0.82,0.78,0.7933334,0.5444444,0.2822222
1.8575599,0.1333333,0.5933333,0.5733333,0.8111111,0.16
1.9073958,0.0,0.0866667,0.0888889,0.2377778,0.0
1.9573147,0.0,0.0,0.0,0.0,0.0
2.0070317,0.0,0.0,0.0,0.0,0.0
2.056947,0.0,0.0,0.0,0.0,0.0
2.1065681,0.0,0.0,0.0,0.0,0.0
2.1564503,0.0,0.0,0.0,0.0,0.0
2.2063498,0.0,0.0,0.0,0.0,0.0
2.2562087,0.0,0.0,0.0,0.0,0.0
2.3059921,0.0,0.0,0.0,0.0,0.0
2.3559473,0.0,0.0,0.0,0.0,0.0
2.4053264,0.0,0.0,0.0,0.0,0.0
2.4550931,0.0,0.0,0.0,0.0,0.0
2.5053337,0.0,0.0,0.0,0.0,0.0
2.5546665,0.0,0.0,0.0,0.0,0.0
2.6041262,0.0,0.0,0.0,0.0,0.0
2.6545641,0.0,0.0,0.0,0.0,0.0
2.7037206,0.0,0.0,0.0,0.0,0.0
2.7535322,0.0,0.0,0.0,0.0,0.0
2.8031452,0.0,0.0,0.0,0.0,0.0
2.8534372,0.0,0.0,0.0,0.0,0.0
2.9030635,0.0,0.0,0.0,0.0,0.0
2.9526684,0.0,0.0,0.0,0.0,0.0
3.002336,0.0,0.0,0.0,0.0,0.0
3.0514705,0.0,0.0,0.0,0.0,0.0
3.101619,0.0,0.0,0.0,0.0,0.0
3.1516147,0.0,0.0,0.0,0.0,0.0
3.2014527,0.0844444,0.0,0.0,0.0,0.0
3.2514324,0.1488889,0.0,0.0,0.0,0.0
3.3009923,0.3866667,0.0,0.0,0.0,0.0
3.3503633,0.7622222,0.0,0.0,0.0,0.0
3.3999286,0.8111111,0.1044444,0.0,0.0,0.0
3.44982,0.8177778,0.5244445,0.1466667,0.0,0.0
3.4996886,0.8177778,0.76,0.44,0.0,0.2111111
3.5501082,0.8177778,0.7911111,0.6422222,0.0866667,0.46
3.599277,0.82,0.7933334,0.8,0.5711111,0.5333334
3.6500692,0.4444444,0.7933334,0.82,0.8133333,0.5311111
3.6997125,0.0866667,0.7955555,0.7977778,0.8444445,0.4222222
3.7494853,0.0,0.7622222,0.5466667,0.8466667,0.1577778
3.79953,0.0,0.1533333,0.1133333,0.8466667,0.0
3.8488202,0.0,0.0,0.0,0.2333333,0.0
3.899539,0.0,0.0,0.0,0.0,0.0
3.9484975,0.0,0.0,0.0,0.0,0.0
3.9986777,0.0,0.0,0.0,0.0,0.0
4.0487804,0.0,0.0,0.0,0.0,0.0
4.0984435,0.0,0.0,0.0,0.0,0.0
4.1475437,0.0,0.0,0.0,0.0,0.0
4.1980703,0.0,0.0,0.0,0.0,0.0
4.2474902,0.0,0.0,0.0,0.0,0.0
4.2967913,0.0,0.0,0.0,0.0,0.0
4.3467841,0.0,0.0,0.0,0.0,0.0
4.3967938,0.0,0.0,0.0,0.0,0.0
4.4457448,0.0,0.0,0.0,0.0,0.0
4.495769,0.0,0.0,0.0,0.0,0.0
4.5457418,0.0,0.0,0.0,0.0,0.0
4.5957289,0.0,0.0,0.0,0.0,0.0
4.6448662,0.0,0.0,0.0,0.0,0.0
4.6946146,0.0,0.0,0.0,0.0,0.0
4.7451198,0.0,0.0,0.0,0.0,0.0
4.7943132,0.0,0.0,0.0,0.0,0.0
4.8444848,0.0,0.0,0.0,0.0,0.0
4.8945267,0.0,0.0,0.0,0.0,0.0
4.9435687,0.0,0.0,0.0,0.0,0.0
4.9941661,0.0,0.0,0.0,0.0,0.0
5.0436659,0.0,0.0,0.0,0.0,0.0
5.0928483,0.0,0.0,0.0,0.0,0.0
5.1432016,0.0,0.0,0.0,0.0,0.0
5.1928,0.0,0.0,0.0,0.0,0.0
5.2419469,0.0,0.0,0.0,0.0,0.0
5.2917616,0.0755556,0.0,0.0,0.0,0.0
5.3421509,0.1244444,0.0,0.0,0.0,0.0
5.3917053,0.28,0.0,0.0,0.0,0.0
5.4410491,0.7266667,0.0,0.0,0.0,0.0
5.4908154,0.8044444,0.1022222,0.0,0.0,0.0
5.541002,0.8155556,0.4533333,0.1177778,0.0,0.0
5.5908761,0.8155556,0.7466667,0.3644444,0.0,0.0688889
5.6405306,0.8155556,0.7866667,0.5933333,0.0,0.1511111
5.6909349,0.8177778,0.7911111,0.7644445,0.16,0.2444444
5.7399631,0.7111111,0.7911111,0.8133333,0.68,0.3177778
5.7901816,0.1422222,0.7911111,0.7822222,0.8244445,0.2644444
5.8398926,0.0,0.3822222,0.2888889,0.8422222,0.0
5.8904393,0.0,0.0,0.0,0.3311111,0.0
5.9398816,0.0,0.0,0.0,0.0,0.0
5.9897389,0.0,0.0,0.0,0.0,0.0
6.0398517,0.0,0.0,0.0,0.0,0.0
6.0894258,0.0,0.0,0.0,0.0,0.0
6.138588,0.0,0.0,0.0,0.0,0.0
6.1886976,0.0,0.0,0.0,0.0,0.0
6.2383196,0.0,0.0,0.0,0.0,0.0
6.2883272,0.0,0.0,0.0,0.0,0.0
6.3377492,0.0,0.0,0.0,0.0,0.0
6.3877404,0.0,0.0,0.0,0.0,0.0
6.4376099,0.0,0.0,0.0,0.0,0.0
6.48715,0.0,0.0,0.0,0.0,0.0
6.5371971,0.0,0.0,0.0,0.0,0.0
6.5868399,0.0,0.0,0.0,0.0,0.0
6.6359446,0.0,0.0,0.0,0.0,0.0
6.6865418,0.0,0.0,0.0,0.0,0.0
6.7357531,0.0,0.0,0.0,0.0,0.0
6.785496,0.0,0.0,0.0,0.0,0.0
6.8359642,0.0,0.0,0.0,0.0,0.0
6.8853154,0.0,0.0,0.0,0.0,0.0
6.9350522,0.0,0.0,0.0,0.0,0.0
6.9846497,0.0,0.0,0.0,0.0,0.0
7.0341554,0.0,0.0,0.0,0.0,0.0
7.0839243,0.0,0.0,0.0,0.0,0.0
7.1342108,0.0,0.0,0.0,0.0,0.0
7.1833558,0.0755556,0.0,0.0,0.0,0.0
7.2334917,0.1288889,0.0,0.0,0.0,0.0
7.2833996,0.2244444,0.0,0.0,0.0,0.0
7.3328271,0.5133333,0.0,0.0,0.0,0.0
7.3818617,0.7755556,0.0,0.0,0.0,0.0
7.4325144,0.8088889,0.0977778,0.0,0.0,0.0
7.4825563,0.8133333,0.2911111,0.0688889,0.0,0.0
7.5324011,0.8133333,0.6333333,0.1333333,0.0,0.0
7.5818017,0.8133333,0.7711111,0.3911111,0.0,0.1044444
7.631866,0.8155556,0.7866667,0.7044445,0.1288889,0.1288889
7.6819491,0.6533333,0.7888889,0.8044444,0.6244444,0.1244444
7.7315714,0.1577778,0.7888889,0.76,0.8177778,0.12
7.7820218,0.0,0.6955556,0.5355555,0.8422222,0.0
7.8317986,0.0,0.1022222,0.0933333,0.4844444,0.0
7.8812919,0.0,0.0,0.0,0.0711111,0.0
7.9314244,0.0,0.0,0.0,0.0,0.0
7.9805572,0.0,0.0,0.0,0.0,0.0
8.0301638,0.0,0.0,0.0,0.0,0.0
8.0802836,0.0,0.0,0.0,0.0,0.0
8.1305826,0.0,0.0,0.0,0.0,0.0
8.1797416,0.0,0.0,0.0,0.0,0.0
8.2295859,0.0,0.0,0.0,0.0,0.0
8.2794073,0.0,0.0,0.0,0.0,0.0
8.3292196,0.0,0.0,0.0,0.0,0.0
8.3786798,0.0,0.0,0.0,0.0,0.0
8.4287946,0.0,0.0,0.0,0.0,0.0
8.4787915,0.0,0.0,0.0,0.0,0.0
8.527688,0.0,0.0,0.0,0.0,0.0
8.577322,0.0,0.0,0.0,0.0,0.0
8.62762,0.0,0.0,0.0,0.0,0.0
8.6772902,0.0,0.0,0.0,0.0,0.0
8.7275524,0.0,0.0,0.0,0.0,0.0
8.7767382,0.0,0.0,0.0,0.0,0.0
8.8264616,0.0,0.0,0.0,0.0,0.0
8.8761737,0.0,0.0,0.0,0.0,0.0
8.9264145,0.0,0.0,0.0,0.0,0.0
8.9758551,0.0,0.0,0.0,0.0,0.0
9.0255148,0.0,0.0,0.0,0.0,0.0
9.0749192,0.0,0.0,0.0,0.0,0.0
9.1246135,0.0,0.0,0.0,0.0,0.0
9.1743245,0.0933333,0.0,0.0,0.0,0.0
9.2247293,0.2066667,0.0,0.0,0.0,0.0
9.274785,0.6955556,0.0,0.1755556,0.0,0.0
9.3244185,0.7977778,0.0911111,0.7066666,0.0,0.0
9.3741775,0.8111111,0.6133333,0.8044444,0.0,0.0
9.4238369,0.8111111,0.7688889,0.8177778,0.0888889,0.0
9.4737823,0.8044444,0.7866667,0.8177778,0.4644445,0.0
9.5231643,0.2777778,0.7888889,0.8177778,0.7955555,0.0
9.5731277,0.0,0.4733333,0.6555555,0.8377778,0.0
9.6231208,0.0,0.0666667,0.0955556,0.3133333,0.0
9.6727197,0.0,0.0,0.0,0.0,0.0
9.7230465,0.0,0.0,0.0,0.0,0.0
9.772836,0.0,0.0,0.0,0.0,0.0
9.8227015,0.0,0.0,0.0,0.0,0.0
9.8720932,0.0,0.0,0.0,0.0,0.0
9.9222383,0.0,0.0,0.0,0.0,0.0
9.9716825,0.0,0.0,0.0,0.0,0.0
10.0218084,0.0,0.0,0.0,0.0,0.0
10.0709496,0.0,0.0,0.0,0.0,0.0
10.1208241,0.0,0.0,0.0,0.0,0.0
10.1709626,0.0,0.0,0.0,0.0,0.0
10.2205293,0.0,0.0,0.0,0.0,0.0
10.270335,0.0,0.0,0.0,0.0,0.0
10.3202772,0.0,0.0,0.0,0.0,0.0
10.3697112,0.0,0.0,0.0,0.0,0.0
10.4188948,0.0,0.0,0.0,0.0,0.0
10.4690578,0.0,0.0,0.0,0.0,0.0
10.5187497,0.0,0.0,0.0,0.0,0.0
10.5689435,0.0,0.0,0.0,0.0,0.0
10.618124,0.0,0.0,0.0,0.0,0.0
10.6684158,0.0,0.0,0.0,0.0,0.0
10.7181716,0.0,0.0,0.0,0.0,0.0
10.7675712,0.0,0.0,0.0,0.0,0.0
10.8177257,0.0,0.0,0.0,0.0,0.0
10.8674629,0.0,0.0,0.0,0.0,0.0
10.9165645,0.0,0.0,0.0,0.0,0.0
10.9669294,0.0,0.0,0.0,0.0,0.0
11.0160766,0.0,0.0,0.0,0.0,0.0
11.0661197,0.0,0.0,0.0,0.0,0.0
11.115798,0.0733333,0.0,0.0,0.0,0.0
11.1660213,0.2022222,0.0,0.0,0.0,0.0
11.2149906,0.4866667,0.0,0.0,0.0,0.0
11.2655518,0.7244444,0.0,0.0,0.0,0.0
11.3146279,0.8022223,0.0,0.0,0.0,0.0
11.3644795,0.8111111,0.0,0.0,0.0,0.0
11.4139149,0.8111111,0.1622222,0.0,0.0,0.0
11.4646387,0.8111111,0.5911111,0.0711111,0.0,0.1044444
11.5144567,0.8133333,0.7622222,0.1444445,0.0,0.2044444
11.5636506,0.8133333,0.7844445,0.2244444,0.0,0.3644444
11.6140461,0.8133333,0.7866667,0.3377778,0.0,0.5311111
11.6637025,0.8133333,0.7866667,0.3977778,0.0911111,0.6866667
11.7135651,0.8133333,0.7888889,0.4177778,0.4088889,0.8755556
11.763881,0.5111111,0.7888889,0.4533333,0.7888889,0.9088889
11.8125799,0.0955556,0.7888889,0.3555556,0.8355556,0.7355555
11.8633757,0.0,0.5666667,0.1488889,0.8422222,0.2044444
11.9131863,0.0,0.0844444,0.0,0.74,0.0
11.9632087,0.0,0.0,0.0,0.1133333,0.0
12.0125866,0.0,0.0,0.0,0.0,0.0
12.0626066,0.0,0.0,0.0,0.0,0.0
12.1122534,0.0,0.0,0.0,0.0,0.0
12.1617844,0.0,0.0,0.0,0.0,0.0
12.2112925,0.0,0.0,0.0,0.0,0.0
12.2608671,0.0,0.0,0.0,0.0,0.0
12.3115656,0.0,0.0,0.0,0.0,0.0
12.3605998,0.0,0.0,0.0,0.0,0.0
12.410876,0.0,0.0,0.0,0.0,0.0
12.4607577,0.0,0.0,0.0,0.0,0.0
12.5104706,0.0,0.0,0.0,0.0,0.0
12.5592983,0.0,0.0,0.0,0.0,0.0
12.609592,0.0,0.0,0.0,0.0,0.0
12.6596944,0.0,0.0,0.0,0.0,0.0
12.7085695,0.0,0.0,0.0,0.0,0.0
12.7590079,0.0,0.0,0.0,0.0,0.0
12.8086081,0.0,0.0,0.0,0.0,0.0
12.8583386,0.0,0.0,0.0,0.0,0.0
12.9077125,0.0,0.0,0.0,0.0,0.0
12.958091,0.0,0.0,0.0,0.0,0.0
13.0079021,0.0,0.0,0.0,0.0,0.0
13.0573375,0.0,0.0,0.0,0.0,0.0
13.1070433,0.0,0.0,0.0,0.0,0.0
13.157042,0.08,0.0,0.0,0.0,0.0
13.2060406,0.5311111,0.0,0.0,0.0,0.0
13.2565336,0.7777778,0.0,0.0,0.0,0.0
13.3061838,0.8088889,0.1422222,0.1111111,0.0,0.0
13.3554864,0.8111111,0.4644445,0.3911111,0.0,0.0
13.4061909,0.8111111,0.7066666,0.5933333,0.0,0.0
13.4551778,0.8133333,0.7777778,0.7733333,0.0,0.0
13.5051162,0.8133333,0.7866667,0.8111111,0.0,0.0
13.5551536,0.8133333,0.7866667,0.8155556,0.0844444,0.0
13.6049914,0.8133333,0.7866667,0.8155556,0.2844445,0.0
13.6549125,0.8044444,0.7888889,0.8155556,0.6644444,0.0
13.7043588,0.4644445,0.7888889,0.8177778,0.82,0.0
13.7543213,0.1066667,0.7888889,0.8177778,0.84,0.0
13.8049979,0.0,0.5711111,0.8111111,0.8422222,0.0
13.8541281,0.0,0.0822222,0.1711111,0.7333333,0.0
13.904182,0.0,0.0,0.0,0.1111111,0.0
13.9543869,0.0,0.0,0.0,0.0,0.0
14.003428,0.0,0.0,0.0,0.0,0.0
14.053375,0.0,0.0,0.0,0.0,0.0
14.1028295,0.0,0.0,0.0,0.0,0.0
14.1532364,0.0,0.0,0.0,0.0,0.0
14.2030952,0.0,0.0,0.0,0.0,0.0
14.2522187,0.0,0.0,0.0,0.0,0.0
14.302659,0.0,0.0,0.0,0.0,0.0
14.3520255,0.0,0.0,0.0,0.0,0.0
14.4015429,0.0,0.0,0.0,0.0,0.0
14.4516444,0.0,0.0,0.0,0.0,0.0
14.5014458,0.0,0.0,0.0,0.0,0.0
14.5510607,0.0,0.0,0.0,0.0,0.0
14.6008401,0.0,0.0,0.0,0.0,0.0
14.6508014,0.0,0.0,0.0,0.0,0.0
14.7003262,0.0,0.0,0.0,0.0,0.0
14.7498155,0.0,0.0,0.0,0.0,0.0
14.7996976,0.0,0.0,0.0,0.0,0.0
14.849771,0.0,0.0,0.0,0.0,0.0
14.8993416,0.0,0.0,0.0,0.0,0.0
14.9486692,0.0,0.0,0.0,0.0,0.0
14.9979682,0.0,0.0,0.0,0.0,0.0
15.0479653,0.0,0.0,0.0,0.0,0.0
15.098,0.0,0.0,0.0,0.0,0.0
15.148129,0.0,0.0,0.0,0.0,0.0
15.1976814,0.0,0.0,0.0,0.0,0.0
15.2472534,0.0,0.0,0.0,0.0,0.0
15.2970281,0.0,0.0,0.0,0.0,0.0
15.3462729,0.0,0.0,0.0,0.0,0.0
15.3962557,0.0,0.0,0.0,0.0,0.0
15.445977,0.0,0.0,0.0,0.0,0.0
15.4950454,0.0,0.0,0.0,0.0,0.0
15.5450826,0.0644444,0.0,0.0,0.0,0.0
15.5951841,0.2355556,0.0,0.0,0.0,0.0
15.6448951,0.6355556,0.0,0.0,0.0,0.0
15.6954482,0.7888889,0.0,0.1222222,0.0,0.0
15.7443185,0.8066667,0.0,0.3311111,0.0,0.0
15.7947717,0.8088889,0.0888889,0.7133333,0.0,0.0
15.8445439,0.8088889,0.2044444,0.8044444,0.0,0.0
15.8938124,0.8111111,0.5955555,0.8155556,0.0,0.0
15.9441407,0.8111111,0.7644445,0.8155556,0.0,0.0
15.994035,0.8111111,0.7844445,0.8155556,0.0,0.0
16.0440295,0.8111111,0.7866667,0.8177778,0.0844444,0.0
16.0935287,0.8111111,0.7866667,0.8177778,0.3133333,0.0
16.1438072,0.7511111,0.7888889,0.8177778,0.7533333,0.0
16.1933286,0.3,0.7888889,0.8177778,0.8311111,0.0
16.2429228,0.0644444,0.7888889,0.8177778,0.84,0.0666667
16.293102,0.0,0.7155555,0.6222222,0.84,0.0
16.342658,0.0,0.1377778,0.1355556,0.84,0.0
16.3926034,0.0,0.0,0.0,0.2066667,0.0
16.4431202,0.0,0.0,0.0,0.0,0.0
16.4926057,0.0,0.0,0.0,0.0,0.0
16.5420103,0.0,0.0,0.0,0.0,0.0
16.5914106,0.0,0.0,0.0,0.0,0.0
16.6417105,0.0,0.0,0.0,0.0,0.0
16.6917319,0.0,0.0,0.0,0.0,0.0
16.7405415,0.0,0.0,0.0,0.0,0.0
16.7904854,0.0,0.0,0.0,0.0,0.0
16.840348,0.0,0.0,0.0,0.0,0.0
16.8907874,0.0,0.0,0.0,0.0,0.0
16.9403045,0.0,0.0,0.0,0.0,0.0
16.9895201,0.0,0.0,0.0,0.0,0.0
17.0399721,0.0,0.0,0.0,0.0,0.0
17.0889239,0.0,0.0,0.0,0.0,0.0
17.1389523,0.0,0.0,0.0,0.0,0.0
17.1891654,0.0,0.0,0.0,0.0,0.0
17.2385933,0.0,0.0,0.0,0.0,0.0
17.2880218,0.0,0.0,0.0,0.0,0.0
17.3383749,0.0,0.0,0.0,0.0,0.0
17.3872793,0.0,0.0,0.0,0.0,0.0
17.4372783,0.0,0.0,0.0,0.0,0.0
17.4871688,0.0,0.0,0.0,0.0,0.0
17.5371237,0.0,0.0,0.0,0.0,0.0
17.5871239,0.0,0.0,0.0,0.0,0.0
17.6358817,0.0688889,0.0,0.0,0.0,0.0
17.6856809,0.0844444,0.0,0.0,0.0,0.0
17.736171,0.1022222,0.0,0.0,0.0,0.0
17.7851925,0.1155556,0.0,0.0,0.0,0.0
17.8359075,0.12,0.0,0.0,0.0,0.0
17.885082,0.12,0.0,0.0,0.0,0.0
17.9354532,0.1133333,0.0,0.0,0.0,0.0
17.9844556,0.0888889,0.0,0.0,0.0,0.0
18.0343587,0.0933333,0.0,0.0,0.0,0.0
18.083904,0.1311111,0.0,0.0,0.0,0.0
18.134511,0.44,0.0,0.0,0.0,0.0
18.183883,0.7177778,0.0,0.0,0.0,0.0
18.2341192,0.7977778,0.0,0.0,0.0,0.0
18.2836788,0.8088889,0.0,0.0,0.0,0.0
18.3333993,0.8088889,0.2,0.0,0.0,0.0
18.3834717,0.8088889,0.6133333,0.0,0.0,0.1155556
18.432853,0.8111111,0.7644445,0.0777778,0.0,0.2822222
18.4827158,0.8111111,0.7822222,0.1244444,0.0,0.5533333
18.5329103,0.8111111,0.7844445,0.1666667,0.2933333,0.7955555
18.582794,0.3488889,0.7844445,0.2133333,0.7711111,0.7777778
18.6328077,0.0,0.7866667,0.1844444,0.8333333,0.6
18.6828632,0.0,0.4333333,0.0866667,0.84,0.1355556
18.7320189,0.0,0.0,0.0,0.4533333,0.0
18.7820346,0.0,0.0,0.0,0.0,0.0
18.8319488,0.0,0.0,0.0,0.0,0.0
18.8814514,0.0,0.0,0.0,0.0,0.0
18.9311163,0.0,0.0,0.0,0.0,0.0
18.9813752,0.0,0.0,0.0,0.0,0.0
19.0307157,0.0,0.0,0.0,0.0,0.0
19.080904,0.0,0.0,0.0,0.0,0.0
19.1305192,0.0,0.0,0.0,0.0,0.0
19.1799955,0.0,0.0,0.0,0.0,0.0
19.2294497,0.0,0.0,0.0,0.0,0.0
19.2800846,0.0,0.0,0.0,0.0,0.0
19.3289039,0.0,0.0,0.0,0.0,0.0
19.3789711,0.0,0.0,0.0,0.0,0.0
19.4287941,0.0,0.0,0.0,0.0,0.0
19.4784698,0.0,0.0,0.0,0.0,0.0
19.5280418,0.0,0.0,0.0,0.0,0.0
19.5776396,0.0,0.0,0.0,0.0,0.0
19.6280081,0.0,0.0,0.0,0.0,0.0
19.6776829,0.0,0.0,0.0,0.0,0.0
19.727236,0.0,0.0,0.0,0.0,0.0
19.7768331,0.0,0.0,0.0,0.0,0.0
19.8266768,0.0,0.0,0.0,0.0,0.0
19.8768475,0.0,0.0,0.0,0.0,0.0
19.925714,0.0,0.0,0.0,0.0,0.0
19.9757657,0.0888889,0.0,0.0,0.0,0.0
20.0255888,0.1733333,0.0,0.0,0.0,0.0
20.0755422,0.4466667,0.0,0.0,0.0,0.0
20.1248074,0.7533333,0.0,0.0,0.0,0.0
20.1753716,0.8,0.0,0.14,0.0,0.0
20.2249932,0.8066667,0.0977778,0.6066667,0.0,0.0
20.2742581,0.8066667,0.2933333,0.7888889,0.0,0.0
20.3243833,0.8066667,0.6777778,0.8111111,0.0,0.0
20.3740933,0.8088889,0.7711111,0.8133333,0.0,0.0
20.4239566,0.8088889,0.7844445,0.8133333,0.2111111,0.0
20.4735301,0.3977778,0.7844445,0.8155556,0.6955556,0.0
20.523978,0.0644444,0.7844445,0.8155556,0.8222222,0.0
20.5740762,0.0,0.22,0.6622222,0.8377778,0.0
20.6238065,0.0,0.0,0.0888889,0.2222222,0.0
20.6738827,0.0,0.0,0.0,0.0,0.0
20.7232516,0.0,0.0,0.0,0.0,0.0
20.7724814,0.0,0.0,0.0,0.0,0.0
20.8230436,0.0,0.0,0.0,0.0,0.0
20.8720765,0.0,0.0,0.0,0.0,0.0
20.9218001,0.0,0.0,0.0,0.0,0.0
20.9721525,0.0,0.0,0.0,0.0,0.0
21.0222673,0.0,0.0,0.0,0.0,0.0
21.0711191,0.0,0.0,0.0,0.0,0.0
21.1213903,0.0,0.0,0.0,0.0,0.0
21.1712294,0.0,0.0,0.0,0.0,0.0
21.2204876,0.0,0.0,0.0,0.0,0.0
21.2701478,0.0,0.0,0.0,0.0,0.0
21.3198376,0.0,0.0,0.0,0.0,0.0
21.3695288,0.0,0.0,0.0,0.0,0.0
21.4198377,0.0,0.0,0.0,0.0,0.0
21.4692459,0.0,0.0,0.0,0.0,0.0
21.5189586,0.0,0.0,0.0,0.0,0.0
21.5688453,0.0,0.0,0.0,0.0,0.0
21.6183319,0.0,0.0,0.0,0.0,0.0
21.6682746,0.0,0.0,0.0,0.0,0.0
21.71857,0.0,0.0,0.0,0.0,0.0
21.7679875,0.0,0.0,0.0,0.0,0.0
21.8176126,0.0,0.0,0.0,0.0,0.0
21.8670709,0.0,0.0,0.0,0.0,0.0
21.9174795,0.0,0.0,0.0,0.0,0.0
21.9664807,0.0,0.0,0.0,0.0,0.0
22.0161915,0.1355556,0.0,0.0,0.0,0.0
22.0660741,0.32,0.0,0.0,0.0,0.0
22.1160069,0.7222222,0.0,0.0,0.0,0.0
22.1659441,0.8,0.0,0.0,0.0,0.0
22.2155182,0.8088889,0.1044444,0.1,0.0,0.0
22.265976,0.8088889,0.3577778,0.4111111,0.0,0.0
22.3150249,0.8088889,0.7,0.7355555,0.0,0.0
22.3655615,0.8111111,0.7755556,0.8044444,0.0,0.0
22.4151227,0.8111111,0.7844445,0.8133333,0.0,0.0
22.4653823,0.8111111,0.7844445,0.8133333,0.0,0.0
22.5153148,0.8111111,0.7844445,0.8133333,0.1511111,0.0
22.5651479,0.7222222,0.7866667,0.8155556,0.6511111,0.0
22.6143634,0.1933333,0.7866667,0.8155556,0.8177778,0.0
22.6641636,0.0,0.7244444,0.8088889,0.8377778,0.0
22.7142692,0.0,0.1133333,0.1777778,0.8355556,0.0
22.7642665,0.0,0.0,0.0,0.1244444,0.0
22.8135459,0.0,0.0,0.0,0.0,0.0
22.8638313,0.0,0.0,0.0,0.0,0.0
22.9139001,0.0,0.0,0.0,0.0,0.0
22.9636936,0.0,0.0,0.0,0.0,0.0
23.0133231,0.0,0.0,0.0,0.0,0.0
23.0625823,0.0,0.0,0.0,0.0,0.0
23.1126833,0.0,0.0,0.0,0.0,0.0
23.1627181,0.0,0.0,0.0,0.0,0.0
23.2114682,0.0,0.0,0.0,0.0,0.0
23.2614076,0.0,0.0,0.0,0.0,0.0
23.3111424,0.0,0.0,0.0,0.0,0.0
23.3608668,0.0,0.0,0.0,0.0,0.0
23.4111657,0.0,0.0,0.0,0.0,0.0
23.4604735,0.0,0.0,0.0,0.0,0.0
23.5098975,0.0,0.0,0.0,0.0,0.0
23.5600686,0.0,0.0,0.0,0.0,0.0
23.6099589,0.0,0.0,0.0,0.0,0.0
23.6598315,0.0,0.0,0.0,0.0,0.0
23.709408,0.0,0.0,0.0,0.0,0.0
23.759258,0.0,0.0,0.0,0.0,0.0
23.808881,0.0,0.0,0.0,0.0,0.0
23.8586743,0.0,0.0,0.0,0.0,0.0
23.9077215,0.0,0.0,0.0,0.0,0.0
23.9585462,0.0,0.0,0.0,0.0,0.0
24.008291,0.0,0.0,0.0,0.0,0.0
24.0573344,0.0,0.0,0.0,0.0,0.0
24.1073227,0.0,0.0,0.0,0.0,0.0
24.1573348,0.1288889,0.0,0.0,0.0,0.0
24.2071097,0.3711111,0.0,0.0,0.0,0.0
24.2564666,0.7355555,0.0,0.0,0.0,0.0
24.3059771,0.8,0.0,0.0,0.0,0.0
24.3563724,0.8066667,0.0822222,0.0666667,0.0,0.0
24.4057872,0.8066667,0.2177778,0.1555556,0.0,0.0
24.455282,0.8066667,0.56,0.3911111,0.0,0.0
24.5054836,0.8088889,0.7577778,0.5622222,0.0,0.0
24.55584,0.8088889,0.7822222,0.7222222,0.0711111,0.0
24.6049559,0.7022222,0.7844445,0.8022223,0.3844444,0.0
24.6551907,0.1933333,0.7844445,0.8133333,0.7822222,0.0
24.7052059,0.0,0.78,0.8133333,0.8333333,0.0
24.7543738,0.0,0.14,0.2955556,0.84,0.0
24.8046827,0.0,0.0,0.0,0.1377778,0.0
24.8540428,0.0,0.0,0.0,0.0,0.0
24.9041917,0.0,0.0,0.0,0.0,0.0
24.9542422,0.0,0.0,0.0,0.0,0.0
25.0032895,0.0,0.0,0.0,0.0,0.0
25.0536656,0.0,0.0,0.0,0.0,0.0
25.1038651,0.0,0.0,0.0,0.0,0.0
25.1534154,0.0,0.0,0.0,0.0,0.0
25.2026157,0.0,0.0,0.0,0.0,0.0
25.2521398,0.0,0.0,0.0,0.0,0.0
25.3021591,0.0,0.0,0.0,0.0,0.0
25.3520901,0.0,0.0,0.0,0.0,0.0
25.4020629,0.0,0.0,0.0,0.0,0.0
25.4513261,0.0,0.0,0.0,0.0,0.0
25.5013444,0.0,0.0,0.0,0.0,0.0
25.5508742,0.0,0.0,0.0,0.0,0.0
25.6009257,0.0,0.0,0.0,0.0,0.0
25.6498122,0.0,0.0,0.0,0.0,0.0
25.6998312,0.0,0.0,0.0,0.0,0.0
25.7498546,0.0,0.0,0.0,0.0,0.0
25.799392,0.0,0.0,0.0,0.0,0.0
25.8490791,0.0,0.0,0.0,0.0,0.0
25.8990357,0.0,0.0,0.0,0.0,0.0
25.948442,0.0,0.0,0.0,0.0,0.0
25.9983737,0.0,0.0,0.0,0.0,0.0
26.0489547,0.0,0.0,0.0,0.0,0.0
26.0983272,0.0,0.0,0.0,0.0,0.0
26.1475077,0.0,0.0,0.0,0.0,0.0
26.1975191,0.0,0.0,0.0,0.0,0.0
26.2476845,0.0,0.0,0.0,0.0,0.0
26.296634,0.1222222,0.0,0.0,0.0,0.0
26.3463082,0.1933333,0.0,0.0,0.0,0.0
26.3965132,0.3177778,0.0,0.0,0.0,0.0
26.446137,0.6977777,0.0,0.0,0.0,0.0
26.4966643,0.7933334,0.0,0.0,0.0,0.0
26.5457516,0.8066667,0.1311111,0.1377778,0.0,0.0
26.5958056,0.8066667,0.4822222,0.4911111,0.0,0.0
26.6454606,0.8066667,0.7466667,0.7422222,0.0,0.0
26.6956365,0.8088889,0.78,0.8044444,0.0,0.0
26.7451909,0.8088889,0.7844445,0.8133333,0.0,0.0
26.795069,0.8088889,0.7844445,0.8133333,0.2933333,0.0
26.8445215,0.4533333,0.7844445,0.8133333,0.7577778,0.0
26.8949764,0.0733333,0.7866667,0.8155556,0.8311111,0.0
26.9445813,0.0,0.6688889,0.6133333,0.84,0.0
26.9945717,0.0,0.1355556,0.1244444,0.84,0.0
27.0441563,0.0,0.0,0.0,0.2711111,0.0
27.0946407,0.0,0.0,0.0,0.0,0.0
27.1440575,0.0,0.0,0.0,0.0,0.0
27.1940565,0.0,0.0,0.0,0.0,0.0
27.2436481,0.0,0.0,0.0,0.0,0.0
27.2930095,0.0,0.0,0.0,0.0,0.0
27.343462,0.0,0.0,0.0,0.0,0.0
27.3928726,0.0,0.0,0.0,0.0,0.0
27.4427371,0.0,0.0,0.0,0.0,0.0
27.4917705,0.0,0.0,0.0,0.0,0.0
27.5414505,0.0,0.0,0.0,0.0,0.0
27.5922244,0.0,0.0,0.0,0.0,0.0
27.641423,0.0,0.0,0.0,0.0,0.0
27.6914294,0.0,0.0,0.0,0.0,0.0
27.7413387,0.0,0.0,0.0,0.0,0.0
27.7903087,0.0,0.0,0.0,0.0,0.0
27.8407567,0.0,0.0,0.0,0.0,0.0
27.889864,0.0,0.0,0.0,0.0,0.0
27.940285,0.0,0.0,0.0,0.0,0.0
27.9901252,0.0,0.0,0.0,0.0,0.0
28.0398345,0.0,0.0,0.0,0.0,0.0
28.0890577,0.0,0.0,0.0,0.0,0.0
28.1392255,0.0,0.0,0.0,0.0,0.0
28.1887217,0.0,0.0,0.0,0.0,0.0
28.2382548,0.0,0.0,0.0,0.0,0.0
28.288496,0.0,0.0,0.0,0.0,0.0
28.3373649,0.0,0.0,0.0,0.0,0.0
28.3873677,0.0,0.0,0.0,0.0,0.0
28.4371157,0.0,0.0,0.0,0.0,0.0
28.4874082,0.0,0.0,0.0,0.0,0.0
28.5368457,0.0,0.0,0.0,0.0,0.0
28.5868392,0.0,0.0,0.0,0.0,0.0
28.6364706,0.0,0.0,0.0,0.0,0.0
28.6853538,0.0,0.0,0.0,0.0,0.0
28.7362745,0.0,0.0,0.0,0.0,0.0
28.7852373,0.0,0.0,0.0,0.0,0.0
28.8354659,0.0,0.0,0.0,0.0,0.0
28.8847239,0.0,0.0,0.0,0.0,0.0
28.9345388,0.0,0.0,0.0,0.0,0.0
28.9845865,0.0,0.0,0.0,0.0,0.0
29.0341675,0.0,0.0,0.0,0.0,0.0
29.0837369,0.0,0.0,0.0,0.0,0.0
29.1334796,0.0,0.0,0.0,0.0,0.0
29.1834331,0.0,0.0,0.0,0.0,0.0
29.2333667,0.0,0.0,0.0,0.0,0.0
29.2827263,0.0,0.0,0.0,0.0,0.0
29.3322606,0.0644444,0.0,0.0,0.0,0.0
29.3823054,0.0733333,0.0,0.0,0.0,0.0
29.4324777,0.0888889,0.0,0.0,0.0,0.0
29.4820607,0.1022222,0.0,0.0,0.0,0.0
29.5320375,0.1,0.0,0.0,0.0,0.0
29.5809846,0.0977778,0.0,0.0,0.0,0.0
29.6309307,0.0844444,0.0,0.0,0.0,0.0
29.6810849,0.08,0.0,0.0,0.0,0.0
29.7308106,0.0711111,0.0,0.0,0.0,0.0
29.7804618,0.0955556,0.0,0.0,0.0,0.0
29.830039,0.1755556,0.0,0.0,0.0,0.0
29.8801663,0.4888889,0.0,0.0,0.0,0.0
29.9305096,0.7666667,0.0,0.0822222,0.0,0.0
29.9801614,0.8022223,0.24,0.3244444,0.0,0.0
30.0292497,0.8066667,0.6866667,0.7222222,0.0,0.0
30.0805418,0.8044444,0.7733333,0.8022223,0.2444444,0.0
30.1298165,0.1777778,0.7844445,0.8133333,0.76,0.0
30.1788046,0.0,0.2577778,0.4333333,0.8311111,0.0
30.2288442,0.0,0.0,0.0,0.1755556,0.0
30.2786014,0.0,0.0,0.0,0.0,0.0
30.3280926,0.0,0.0,0.0,0.0,0.0
30.378145,0.0,0.0,0.0,0.0,0.0
30.4279065,0.0,0.0,0.0,0.0,0.0
30.4775016,0.0,0.0,0.0,0.0,0.0
30.5275919,0.0,0.0,0.0,0.0,0.0
30.5773494,0.0,0.0,0.0,0.0,0.0
30.6275632,0.0,0.0,0.0,0.0,0.0
30.6765842,0.0,0.0,0.0,0.0,0.0
30.7262762,0.0,0.0,0.0,0.0,0.0
30.7760572,0.0,0.0,0.0,0.0,0.0
30.8258882,0.0,0.0,0.0,0.0,0.0
30.875989,0.0,0.0,0.0,0.0,0.0
30.9256155,0.0,0.0,0.0,0.0,0.0
30.9750879,0.0,0.0,0.0,0.0,0.0
31.0251424,0.0,0.0,0.0,0.0,0.0
31.0750587,0.0,0.0,0.0,0.0,0.0
31.1248908,0.0,0.0,0.0,0.0,0.0
31.1739323,0.0,0.0,0.0,0.0,0.0
31.2244072,0.0,0.0,0.0,0.0,0.0
31.2737818,0.0,0.0,0.0,0.0,0.0
31.3237047,0.0,0.0,0.0,0.0,0.0
31.3732512,0.0,0.0,0.0,0.0,0.0
31.4232714,0.0,0.0,0.0,0.0,0.0
31.4726195,0.0,0.0,0.0,0.0,0.0
31.5222547,0.0,0.0,0.0,0.0,0.0
31.5722806,0.0,0.0,0.0,0.0,0.0
31.6219149,0.0,0.0,0.0,0.0,0.0
31.6719725,0.0,0.0,0.0,0.0,0.0
31.7218168,0.0,0.0,0.0,0.0,0.0
31.7715242,0.0955556,0.0,0.0,0.0,0.0
31.8213911,0.1844444,0.0,0.0,0.0,0.0
31.8708506,0.3444445,0.0,0.0,0.0,0.0
31.9209011,0.7266667,0.0,0.0,0.0,0.0
31.9706943,0.7977778,0.0,0.18,0.0,0.0
32.0199645,0.8066667,0.1555556,0.68,0.0,0.0
32.0700774,0.8066667,0.5511111,0.7977778,0.0,0.0
32.1204443,0.8066667,0.7555556,0.8133333,0.0,0.0
32.169482,0.8022223,0.7822222,0.8133333,0.2066667,0.0
32.2199392,0.3511111,0.7844445,0.8133333,0.6888889,0.0
32.2701631,0.0,0.78,0.8155556,0.8222222,0.0
32.3196354,0.0,0.1311111,0.3088889,0.8377778,0.0
32.3685405,0.0,0.0,0.0,0.1266667,0.0
32.4192288,0.0,0.0,0.0,0.0,0.0
32.4690177,0.0,0.0,0.0,0.0,0.0
32.5189836,0.0,0.0,0.0,0.0,0.0
32.5681489,0.0,0.0,0.0,0.0,0.0
32.6183059,0.0,0.0,0.0,0.0,0.0
32.6681492,0.0,0.0,0.0,0.0,0.0
32.7177539,0.0,0.0,0.0,0.0,0.0
32.7676325,0.0,0.0,0.0,0.0,0.0
32.8171716,0.0,0.0,0.0,0.0,0.0
32.8673279,0.0,0.0,0.0,0.0,0.0
32.9161613,0.0,0.0,0.0,0.0,0.0
32.9667315,0.0,0.0,0.0,0.0,0.0
33.0156126,0.0,0.0,0.0,0.0,0.0
33.0654039,0.0,0.0,0.0,0.0,0.0
33.1158991,0.0,0.0,0.0,0.0,0.0
33.1649191,0.0,0.0,0.0,0.0,0.0
33.2155786,0.0,0.0,0.0,0.0,0.0
33.2649488,0.0,0.0,0.0,0.0,0.0
33.3150229,0.0,0.0,0.0,0.0,0.0
33.3637919,0.0,0.0,0.0,0.0,0.0
33.4140677,0.0,0.0,0.0,0.0,0.0
33.4637024,0.0,0.0,0.0,0.0,0.0
33.5139217,0.0,0.0,0.0,0.0,0.0
33.5632029,0.0,0.0,0.0,0.0,0.0
33.6128175,0.0,0.0,0.0,0.0,0.0
33.6625035,0.0,0.0,0.0,0.0,0.0
33.7128987,0.0,0.0,0.0,0.0,0.0
33.7626486,0.0,0.0,0.0,0.0,0.0
33.8115945,0.0,0.0,0.0,0.0,0.0
33.8617778,0.0,0.0,0.0,0.0,0.0
33.9113312,0.0644444,0.0,0.0,0.0,0.0
33.9608934,0.1555556,0.0,0.0,0.0,0.0
34.0107257,0.3266667,0.0,0.0,0.0,0.0
34.0610507,0.7088889,0.0,0.0,0.0,0.0
34.1106639,0.7955555,0.0,0.0,0.0,0.0
34.1601336,0.8066667,0.0666667,0.0,0.0,0.0
34.2104816,0.8066667,0.1155556,0.0755556,0.0,0.0
34.2601202,0.8066667,0.1955556,0.1111111,0.0,0.0
34.3100989,0.8088889,0.3844444,0.1733333,0.0,0.0
34.3602083,0.8088889,0.6977777,0.3666667,0.0,0.0
34.4094765,0.8088889,0.7755556,0.6577778,0.0,0.0
34.4599946,0.8088889,0.7844445,0.7933334,0.0,0.0
34.5089965,0.8088889,0.7844445,0.8111111,0.0888889,0.0
34.5592201,0.8088889,0.7844445,0.8133333,0.2288889,0.0
34.6087089,0.8088889,0.7866667,0.8133333,0.5688889,0.0
34.6592629,0.5777778,0.7866667,0.8155556,0.8066667,0.0
34.7090967,0.2155555,0.7866667,0.8155556,0.8377778,0.0644444
34.7584407,0.0,0.7866667,0.8155556,0.84,0.0
34.8083351,0.0,0.7866667,0.8,0.84,0.0
34.8580372,0.0,0.4777778,0.4333333,0.8422222,0.0
34.9083548,0.0,0.0711111,0.0733333,0.7,0.0
34.9578807,0.0,0.0,0.0,0.1,0.0
35.0080149,0.0,0.0,0.0,0.0,0.0
35.0575905,0.0,0.0,0.0,0.0,0.0
35.1068823,0.0,0.0,0.0,0.0,0.0
35.1573162,0.0,0.0,0.0,0.0,0.0
35.2064457,0.0,0.0,0.0,0.0,0.0
35.2562354,0.0,0.0,0.0,0.0,0.0
35.3063166,0.0,0.0,0.0,0.0,0.0
35.3561559,0.0,0.0,0.0,0.0,0.0
35.4062765,0.0,0.0,0.0,0.0,0.0
35.4559052,0.0,0.0,0.0,0.0,0.0
35.5049143,0.0,0.0,0.0,0.0,0.0
35.5554807,0.0,0.0,0.0,0.0,0.0
35.6044464,0.0,0.0,0.0,0.0,0.0
35.6540267,0.0,0.0,0.0,0.0,0.0
35.7040749,0.0,0.0,0.0,0.0,0.0
35.7537608,0.0,0.0,0.0,0.0,0.0
35.8037984,0.0,0.0,0.0,0.0,0.0
35.8535094,0.0,0.0,0.0,0.0,0.0
35.9027853,0.0,0.0,0.0,0.0,0.0
35.9526429,0.0,0.0,0.0,0.0,0.0
36.0022213,0.0,0.0,0.0,0.0,0.0
36.052433,0.0,0.0,0.0,0.0,0.0
36.1018386,0.0,0.0,0.0,0.0,0.0
36.1515424,0.0,0.0,0.0,0.0,0.0
36.2018747,0.0666667,0.0,0.0,0.0,0.0
36.2516377,0.0866667,0.0,0.0,0.0,0.0
36.3015385,0.1,0.0,0.0,0.0,0.0
36.3511121,0.2244444,0.0,0.0,0.0,0.0
36.4011126,0.6644444,0.0,0.0,0.0,0.0
36.4503791,0.7888889,0.0,0.0,0.0,0.0
36.5006258,0.8044444,0.0,0.0,0.0,0.0
36.5503094,0.8066667,0.0,0.0,0.0,0.0
36.6003003,0.8066667,0.0,0.0933333,0.0,0.0
36.6501594,0.8088889,0.14,0.2133333,0.0,0.0
36.6991634,0.8088889,0.4622222,0.4644445,0.0,0.0
36.7498052,0.8088889,0.7377778,0.7088889,0.0,0.0
36.7989721,0.8088889,0.78,0.8,0.0,0.0
36.8491118,0.8088889,0.7844445,0.8133333,0.0,0.0
36.8987091,0.8088889,0.7844445,0.8133333,0.0755556,0.0
36.9485698,0.7955555,0.7844445,0.8133333,0.3422222,0.0
36.9984343,0.3111111,0.7866667,0.8155556,0.7622222,0.0
37.0484381,0.0,0.7866667,0.8155556,0.8311111,0.0
37.0987227,0.0,0.78,0.8155556,0.84,0.0
37.1486928,0.0,0.24,0.8044444,0.84,0.0
37.1977718,0.0,0.0,0.1755556,0.6933333,0.0
37.2484546,0.0,0.0,0.0,0.1044444,0.0
37.2974463,0.0,0.0,0.0,0.0,0.0
37.3471067,0.0,0.0,0.0,0.0,0.0
37.3971643,0.0,0.0,0.0,0.0,0.0
37.4467263,0.0,0.0,0.0,0.0,0.0
37.4965303,0.0,0.0,0.0,0.0,0.0
37.5468771,0.0,0.0,0.0,0.0,0.0
37.5958738,0.0,0.0,0.0,0.0,0.0
37.645503,0.0,0.0,0.0,0.0,0.0
37.6961257,0.0,0.0,0.0,0.0,0.0
37.7458978,0.0,0.0,0.0,0.0,0.0
37.7949188,0.0,0.0,0.0,0.0,0.0
37.8446817,0.0,0.0,0.0,0.0,0.0
37.8946745,0.0,0.0,0.0,0.0,0.0
37.944422,0.0,0.0,0.0,0.0,0.0
37.993717,0.0,0.0,0.0,0.0,0.0
38.0444815,0.0,0.0,0.0,0.0,0.0
38.0936117,0.0,0.0,0.0,0.0,0.0
38.1428354,0.0,0.0,0.0,0.0,0.0
38.1937871,0.0,0.0,0.0,0.0,0.0
38.2427204,0.0,0.0,0.0,0.0,0.0
38.2926788,0.0,0.0,0.0,0.0,0.0
38.342422,0.0,0.0,0.0,0.0,0.0
38.3918715,0.0,0.0,0.0,0.0,0.0
38.4420886,0.0644444,0.0,0.0,0.0,0.0
38.4916832,0.1044444,0.0,0.0,0.0,0.0
38.5416372,0.6533333,0.0,0.0,0.0,0.0
38.5916777,0.7888889,0.0,0.0,0.0,0.0
38.640619,0.8044444,0.0733333,0.0644444,0.0,0.0
38.6911855,0.8066667,0.3711111,0.3711111,0.0,0.0
38.7410862,0.8066667,0.7266667,0.7488889,0.0,0.0
38.7906003,0.8088889,0.7777778,0.8044444,0.0,0.0
38.8401139,0.8088889,0.7844445,0.8111111,0.1666667,0.0
38.8905554,0.8088889,0.7844445,0.8111111,0.46,0.0
38.9404097,0.7466667,0.7844445,0.8111111,0.7755556,0.0
38.9895997,0.3066667,0.7866667,0.8133333,0.8333333,0.0
39.0403063,0.0,0.7866667,0.8133333,0.84,0.0
39.0899501,0.0,0.76,0.8133333,0.84,0.0
39.1391685,0.0,0.2066667,0.48,0.84,0.0
39.189028,0.0,0.0,0.0755556,0.5,0.0
39.238698,0.0,0.0,0.0,0.0733333,0.0
39.288342,0.0,0.0,0.0,0.0,0.0
39.3384635,0.0,0.0,0.0,0.0,0.0
39.388325,0.0,0.0,0.0,0.0,0.0
39.4387345,0.0,0.0,0.0,0.0,0.0
39.4883094,0.0,0.0,0.0,0.0,0.0
39.5374575,0.0,0.0,0.0,0.0,0.0
39.5875998,0.0,0.0,0.0,0.0,0.0
39.6368539,0.0,0.0,0.0,0.0,0.0
39.6871121,0.0,0.0,0.0,0.0,0.0
39.7369506,0.0,0.0,0.0,0.0,0.0
39.7863853,0.0,0.0,0.0,0.0,0.0
39.8363571,0.0,0.0,0.0,0.0,0.0
39.8858738,0.0,0.0,0.0,0.0,0.0
39.9354281,0.0,0.0,0.0,0.0,0.0
39.9855835,0.0,0.0,0.0,0.0,0.0
40.0351622,0.0,0.0,0.0,0.0,0.0
40.0850201,0.0,0.0,0.0,0.0,0.0
40.1348541,0.0,0.0,0.0,0.0,0.0
40.1846254,0.0,0.0,0.0,0.0,0.0
40.2339697,0.0,0.0,0.0,0.0,0.0
40.2837379,0.0,0.0,0.0,0.0,0.0
40.3338397,0.0,0.0,0.0,0.0,0.0
40.3829155,0.0,0.0,0.0,0.0,0.0
40.4331596,0.0,0.0,0.0,0.0,0.0
40.482698,0.0,0.0,0.0,0.0,0.0
40.5320404,0.0,0.0,0.0,0.0,0.0
40.5818908,0.0911111,0.0,0.0,0.0,0.0
40.631778,0.1622222,0.0,0.0,0.0,0.0
40.6817327,0.2888889,0.0,0.0,0.0,0.0
40.7320628,0.6555555,0.0,0.0,0.0,0.0
40.7809048,0.7888889,0.0,0.0,0.0,0.0
40.8308525,0.8044444,0.0688889,0.0,0.0,0.0
40.8810081,0.8066667,0.2488889,0.1311111,0.0,0.0
40.9309635,0.8066667,0.6733333,0.5333334,0.0,0.0
40.9807551,0.8088889,0.7711111,0.7755556,0.0,0.0
41.0301042,0.8088889,0.7844445,0.8066667,0.2688889,0.1288889
41.0803592,0.6577778,0.7844445,0.8111111,0.7533333,0.1155556
41.1299918,0.1866667,0.7844445,0.8111111,0.8311111,0.1644444
41.1799958,0.0,0.7866667,0.7844445,0.84,0.1422222
41.2304842,0.0,0.7866667,0.6,0.84,0.0
41.2802885,0.0,0.2577778,0.2088889,0.84,0.0
41.3297937,0.0,0.0,0.0,0.4133333,0.0
41.3791428,0.0,0.0,0.0,0.0,0.0
41.4288514,0.0,0.0,0.0,0.0,0.0
41.478869,0.0,0.0,0.0,0.0,0.0
41.5290124,0.0,0.0,0.0,0.0,0.0
41.5782449,0.0,0.0,0.0,0.0,0.0
41.6277928,0.0,0.0,0.0,0.0,0.0
41.6788599,0.0,0.0,0.0,0.0,0.0
41.728339,0.0,0.0,0.0,0.0,0.0
41.7778864,0.0,0.0,0.0,0.0,0.0
41.8273287,0.0,0.0,0.0,0.0,0.0
41.877214,0.0,0.0,0.0,0.0,0.0
41.9269676,0.0,0.0,0.0,0.0,0.0
41.9765382,0.0,0.0,0.0,0.0,0.0
42.0269613,0.0,0.0,0.0,0.0,0.0
42.0766649,0.0,0.0,0.0,0.0,0.0
42.1256716,0.0,0.0,0.0,0.0,0.0
42.1760879,0.0,0.0,0.0,0.0,0.0
42.2249982,0.0,0.0,0.0,0.0,0.0
42.2746511,0.0,0.0,0.0,0.0,0.0
42.3256097,0.0,0.0,0.0,0.0,0.0
42.374572,0.0,0.0,0.0,0.0,0.0
42.4239616,0.0,0.0,0.0,0.0,0.0
42.4745789,0.0,0.0,0.0,0.0,0.0
42.5240822,0.0,0.0,0.0,0.0,0.0
42.5736272,0.0,0.0,0.0,0.0,0.0
42.6235223,0.0977778,0.0,0.0,0.0,0.0
42.6727285,0.1555556,0.0,0.0,0.0,0.0
42.7226012,0.3422222,0.0,0.0,0.0,0.0
42.7733114,0.7311111,0.0,0.0,0.0,0.0
42.8221369,0.7977778,0.0977778,0.0,0.0,0.0
42.8719826,0.8066667,0.5644444,0.0822222,0.0,0.0
42.9223232,0.8066667,0.7577778,0.4155556,0.0,0.12
42.9717796,0.8066667,0.7822222,0.7422222,0.1977778,0.1444445
43.0219729,0.4466667,0.7844445,0.8044444,0.7466667,0.0
43.0719364,0.0777778,0.7844445,0.8133333,0.8288889,0.0
43.1219306,0.0,0.76,0.8133333,0.84,0.0
43.1714897,0.0,0.1422222,0.3422222,0.84,0.0
43.2216487,0.0,0.0,0.0,0.2244444,0.0
43.2705572,0.0,0.0,0.0,0.0,0.0
43.320868,0.0,0.0,0.0,0.0,0.0
43.3708153,0.0,0.0,0.0,0.0,0.0
43.4203942,0.0,0.0,0.0,0.0,0.0
43.4701109,0.0,0.0,0.0,0.0,0.0
43.5194442,0.0,0.0,0.0,0.0,0.0
43.5694427,0.0,0.0,0.0,0.0,0.0
43.6196253,0.0,0.0,0.0,0.0,0.0
43.6692007,0.0,0.0,0.0,0.0,0.0
43.7188861,0.0,0.0,0.0,0.0,0.0
43.7681868,0.0,0.0,0.0,0.0,0.0
43.8178589,0.0,0.0,0.0,0.0,0.0
43.8678281,0.0,0.0,0.0,0.0,0.0
43.9182057,0.0,0.0,0.0,0.0,0.0
43.9676454,0.0,0.0,0.0,0.0,0.0
44.0175517,0.0,0.0,0.0,0.0,0.0
44.0671892,0.0,0.0,0.0,0.0,0.0
44.1161933,0.0,0.0,0.0,0.0,0.0
44.1667047,0.0,0.0,0.0,0.0,0.0
44.2161949,0.0,0.0,0.0,0.0,0.0
44.2661343,0.0,0.0,0.0,0.0,0.0
44.3161495,0.0,0.0,0.0,0.0,0.0
44.3658061,0.0,0.0,0.0,0.0,0.0
44.415426,0.0,0.0,0.0,0.0,0.0
44.4647841,0.0,0.0,0.0,0.0,0.0
44.5145006,0.0,0.0,0.0,0.0,0.0
44.5640123,0.0,0.0,0.0,0.0,0.0
44.6141887,0.0844444,0.0,0.0,0.0,0.0
44.6638865,0.1555556,0.0,0.0,0.0,0.0
44.7141068,0.3977778,0.0,0.0,0.0,0.0
44.763438,0.7377778,0.0,0.1733333,0.0,0.0
44.8132882,0.8,0.0,0.52,0.0,0.0
44.8635209,0.8066667,0.0711111,0.7755556,0.0,0.0
44.9131515,0.8066667,0.1288889,0.8088889,0.0,0.0
44.9632673,0.8066667,0.2888889,0.8133333,0.0,0.0
45.0129123,0.8088889,0.6155556,0.8133333,0.0,0.0
45.0629706,0.8088889,0.7644445,0.8133333,0.0,0.0
45.1121128,0.8022223,0.7822222,0.8155556,0.3066667,0.0
45.1624496,0.3044444,0.7844445,0.8155556,0.7577778,0.0
45.2118888,0.0,0.7844445,0.8155556,0.8311111,0.0
45.2616186,0.0,0.3244444,0.8155556,0.84,0.0
45.312222,0.0,0.0,0.1733333,0.5244445,0.0
45.3618863,0.0,0.0,0.0,0.0777778,0.0
45.4112449,0.0,0.0,0.0,0.0,0.0
45.4605787,0.0,0.0,0.0,0.0,0.0
45.510612,0.0,0.0,0.0,0.0,0.0
45.5610261,0.0,0.0,0.0,0.0,0.0
45.6102228,0.0,0.0,0.0,0.0,0.0
45.6599627,0.0,0.0,0.0,0.0,0.0
45.7092831,0.0,0.0,0.0,0.0,0.0
45.7592702,0.0,0.0,0.0,0.0,0.0
45.8094125,0.0,0.0,0.0,0.0,0.0
45.8589494,0.0,0.0,0.0,0.0,0.0
45.9085219,0.0,0.0,0.0,0.0,0.0
45.9584305,0.0,0.0,0.0,0.0,0.0
46.0079737,0.0,0.0,0.0,0.0,0.0
46.0577836,0.0,0.0,0.0,0.0,0.0
46.1081851,0.0,0.0,0.0,0.0,0.0
46.1577058,0.0,0.0,0.0,0.0,0.0
46.2071867,0.0,0.0,0.0,0.0,0.0
46.2567828,0.0,0.0,0.0,0.0,0.0
46.3069358,0.0,0.0,0.0,0.0,0.0
46.3561399,0.0,0.0,0.0,0.0,0.0
46.4062681,0.0,0.0,0.0,0.0,0.0
46.4555373,0.0,0.0,0.0,0.0,0.0
46.5058024,0.0,0.0,0.0,0.0,0.0
46.5554972,0.0,0.0,0.0,0.0,0.0
46.6051967,0.0,0.0,0.0,0.0,0.0
46.655148,0.0,0.0,0.0,0.0,0.0
46.7049487,0.0,0.0,0.0,0.0,0.0
46.7535541,0.0,0.0,0.0,0.0,0.0
46.8045197,0.2244444,0.0,0.0,0.0,0.0
46.85375,0.7044445,0.0,0.36,0.0,0.0
46.9032891,0.7977778,0.0,0.7422222,0.0,0.0
46.9539106,0.8088889,0.1044444,0.8044444,0.0,0.0
47.0036097,0.8088889,0.3,0.8133333,0.0,0.0
47.0534921,0.8088889,0.6444445,0.8133333,0.0,0.0
47.1026814,0.7622222,0.7644445,0.8133333,0.1244444,0.0
47.1533215,0.2933333,0.7822222,0.8155556,0.4511111,0.0
47.2032166,0.0,0.7244444,0.8155556,0.7866667,0.0
47.2528522,0.0,0.2088889,0.8155556,0.8333333,0.0
47.3023133,0.0,0.0,0.52,0.8377778,0.0
47.3526926,0.0,0.0,0.0844444,0.22,0.0
47.4020271,0.0,0.0,0.0,0.0,0.0
47.451941,0.0,0.0,0.0,0.0,0.0
47.5015876,0.0,0.0,0.0,0.0,0.0
47.5515163,0.0,0.0,0.0,0.0,0.0
47.6010513,0.0,0.0,0.0,0.0,0.0
47.6508951,0.0,0.0,0.0,0.0,0.0
47.7010226,0.0,0.0,0.0,0.0,0.0
47.7503734,0.0,0.0,0.0,0.0,0.0
47.7999649,0.0,0.0,0.0,0.0,0.0
47.8501015,0.0,0.0,0.0,0.0,0.0
47.8991773,0.0,0.0,0.0,0.0,0.0
47.9495413,0.0,0.0,0.0,0.0,0.0
47.9987361,0.0,0.0,0.0,0.0,0.0
48.0490811,0.0,0.0,0.0,0.0,0.0
48.098597,0.0,0.0,0.0,0.0,0.0
48.1482227,0.0,0.0,0.0,0.0,0.0
48.1979995,0.0,0.0,0.0,0.0,0.0
48.2475963,0.0,0.0,0.0,0.0,0.0
48.2980707,0.0,0.0,0.0,0.0,0.0
48.347645,0.0,0.0,0.0,0.0,0.0
48.396708,0.0,0.0,0.0,0.0,0.0
48.4469073,0.0,0.0,0.0,0.0,0.0
48.4968851,0.0,0.0,0.0,0.0,0.0
48.5466909,0.0,0.0,0.0,0.0,0.0
48.5955162,0.0,0.0,0.0,0.0,0.0
48.6460309,0.0,0.0,0.0,0.0,0.0
48.6958933,0.0,0.0,0.0,0.0,0.0
48.7449315,0.0,0.0,0.0,0.0,0.0
48.7954614,0.0,0.0,0.0,0.0,0.0
48.8443942,0.0,0.0,0.0,0.0,0.0
48.8945518,0.5711111,0.0,0.0,0.0,0.0
48.9439301,0.78,0.0,0.0,0.0,0.0
48.9939742,0.8066667,0.1111111,0.0,0.0,0.0
49.0443897,0.8088889,0.44,0.0,0.0,0.0
49.0941339,0.8088889,0.7377778,0.2044444,0.0,0.1444445
49.1435609,0.8111111,0.78,0.4644445,0.0,0.3333333
49.193151,0.8111111,0.7844445,0.6955556,0.1666667,0.4133333
49.2438478,0.8111111,0.7844445,0.7977778,0.6111111,0.3666667
49.2931514,0.7288889,0.7844445,0.8133333,0.8133333,0.2177778
49.3427444,0.3222222,0.7866667,0.8133333,0.8377778,0.1822222
49.3927755,0.0822222,0.7866667,0.8133333,0.84,0.1577778
49.4426701,0.0,0.7822222,0.7311111,0.84,0.0
49.4930267,0.0,0.1444445,0.1555556,0.8422222,0.0
49.5424738,0.0,0.0,0.0,0.1866667,0.0
49.5928931,0.0,0.0,0.0,0.0,0.0
49.6421206,0.0,0.0,0.0,0.0,0.0
49.6917491,0.0,0.0,0.0,0.0,0.0
49.7417691,0.0,0.0,0.0,0.0,0.0
49.7915878,0.0,0.0,0.0,0.0,0.0
49.8415222,0.0,0.0,0.0,0.0,0.0
49.8909416,0.0,0.0,0.0,0.0,0.0
49.9404969,0.0,0.0,0.0,0.0,0.0
49.9905367,0.0,0.0,0.0,0.0,0.0
50.0401099,0.0,0.0,0.0,0.0,0.0
50.0896723,0.0,0.0,0.0,0.0,0.0
50.1395872,0.0,0.0,0.0,0.0,0.0
50.1895339,0.0,0.0,0.0,0.0,0.0
50.2395844,0.0,0.0,0.0,0.0,0.0
50.2888358,0.0,0.0,0.0,0.0,0.0
50.3388288,0.0,0.0,0.0,0.0,0.0
50.388073,0.0,0.0,0.0,0.0,0.0
50.4384778,0.0,0.0,0.0,0.0,0.0
50.4880919,0.0,0.0,0.0,0.0,0.0
50.5379643,0.0,0.0,0.0,0.0,0.0
50.5875385,0.0,0.0,0.0,0.0,0.0
50.6367254,0.0,0.0,0.0,0.0,0.0
50.6867864,0.0,0.0,0.0,0.0,0.0
50.7364812,0.0,0.0,0.0,0.0,0.0
50.7858982,0.0,0.0,0.0,0.0,0.0
50.8359606,0.0,0.0,0.0,0.0,0.0
50.8861415,0.0,0.0,0.0,0.0,0.0
50.9361367,0.0,0.0,0.0,0.0,0.0
50.9850218,0.0,0.0,0.0,0.0,0.0
51.0350766,0.0,0.0,0.0,0.0,0.0
51.0848801,0.0,0.0,0.0,0.0,0.0
51.1342604,0.3177778,0.0,0.0,0.0,0.0
51.184917,0.7466667,0.0,0.0,0.0,0.0
51.2340465,0.8022223,0.0888889,0.0,0.0,0.0
51.2837985,0.8088889,0.5355555,0.0666667,0.0,0.1155556
51.3337481,0.8088889,0.7533333,0.24,0.0,0.3844444
51.3840756,0.8088889,0.7822222,0.4977778,0.0888889,0.5666667
51.4334345,0.8111111,0.7844445,0.7622222,0.4244444,0.5155556
51.4834971,0.7111111,0.7844445,0.8088889,0.7866667,0.3622222
51.5332463,0.2022222,0.7866667,0.8133333,0.8333333,0.2533333
51.5828936,0.0,0.7866667,0.8133333,0.84,0.1222222
51.6332533,0.0,0.5866666,0.6755555,0.84,0.0
51.6834972,0.0,0.1333333,0.1933333,0.84,0.0
51.7325513,0.0,0.0,0.0,0.6311111,0.0
51.7824922,0.0,0.0,0.0,0.1044444,0.0
51.83231,0.0,0.0,0.0,0.0,0.0
51.8819077,0.0,0.0,0.0,0.0,0.0
51.9320197,0.0,0.0,0.0,0.0,0.0
51.9820175,0.0,0.0,0.0,0.0,0.0
52.0311286,0.0,0.0,0.0,0.0,0.0
52.0817575,0.0,0.0,0.0,0.0,0.0
52.131876,0.0,0.0,0.0,0.0,0.0
52.1807458,0.0,0.0,0.0,0.0,0.0
52.2308609,0.0,0.0,0.0,0.0,0.0
52.2807586,0.0,0.0,0.0,0.0,0.0
52.3303688,0.0,0.0,0.0,0.0,0.0
52.3797705,0.0,0.0,0.0,0.0,0.0
52.4299459,0.0,0.0,0.0,0.0,0.0
52.4791963,0.0,0.0,0.0,0.0,0.0
52.5293036,0.0,0.0,0.0,0.0,0.0
52.5792933,0.0,0.0,0.0,0.0,0.0
52.6292238,0.0,0.0,0.0,0.0,0.0
52.678359,0.0,0.0,0.0,0.0,0.0
52.7278678,0.0,0.0,0.0,0.0,0.0
52.7786241,0.0,0.0,0.0,0.0,0.0
52.8279557,0.0,0.0,0.0,0.0,0.0
52.8778591,0.0,0.0,0.0,0.0,0.0
52.9272385,0.0,0.0,0.0,0.0,0.0
52.9766157,0.0,0.0,0.0,0.0,0.0
53.0271556,0.0,0.0,0.0,0.0,0.0
53.0767384,0.0,0.0,0.0,0.0,0.0
53.1263218,0.0,0.0,0.0,0.0,0.0
53.1764066,0.0,0.0,0.0,0.0,0.0
53.2261646,0.0,0.0,0.0,0.0,0.0
53.2758195,0.0,0.0,0.0,0.0,0.0
53.3246939,0.0,0.0,0.0,0.0,0.0
53.3753612,0.0,0.0,0.0,0.0,0.0
53.424793,0.1488889,0.0,0.0,0.0,0.0
53.4744852,0.4044445,0.0,0.0711111,0.0,0.0
53.5248888,0.7244444,0.0,0.1422222,0.0,0.0
53.5746512,0.8,0.0,0.4066667,0.0,0.0
53.6239483,0.8088889,0.0977778,0.7555556,0.0,0.0
53.6737885,0.8088889,0.2422222,0.8066667,0.0,0.0
53.7238035,0.8088889,0.6111111,0.8133333,0.0,0.0
53.7738357,0.7333333,0.7644445,0.8133333,0.1111111,0.0
53.8228605,0.36,0.7822222,0.8133333,0.2355556,0.0
53.872782,0.0955556,0.7844445,0.8155556,0.5555556,0.0
53.9225476,0.0,0.6711111,0.8155556,0.8044444,0.0
53.972178,0.0,0.1733333,0.8155556,0.8355556,0.0
54.0225186,0.0,0.0,0.5311111,0.84,0.0
54.0725915,0.0,0.0,0.0777778,0.1688889,0.0
54.1225884,0.0,0.0,0.0,0.0,0.0
54.1719213,0.0,0.0,0.0,0.0,0.0
54.2220159,0.0,0.0,0.0,0.0,0.0
54.2719414,0.0,0.0,0.0,0.0,0.0
54.3212955,0.0,0.0,0.0,0.0,0.0
54.3712654,0.0,0.0,0.0,0.0,0.0
54.4210503,0.0,0.0,0.0,0.0,0.0
54.4708009,0.0,0.0,0.0,0.0,0.0
54.5210273,0.0,0.0,0.0,0.0,0.0
54.5704885,0.0,0.0,0.0,0.0,0.0
54.6195827,0.0,0.0,0.0,0.0,0.0
54.6691244,0.0,0.0,0.0,0.0,0.0
54.7195582,0.0,0.0,0.0,0.0,0.0
54.7696006,0.0,0.0,0.0,0.0,0.0
54.8187582,0.0,0.0,0.0,0.0,0.0
54.8683321,0.0,0.0,0.0,0.0,0.0
54.9188316,0.0,0.0,0.0,0.0,0.0
54.9677343,0.0,0.0,0.0,0.0,0.0
55.0180297,0.0,0.0,0.0,0.0,0.0
55.0672469,0.0,0.0,0.0,0.0,0.0
55.1171796,0.0,0.0,0.0,0.0,0.0
55.1669426,0.0,0.0,0.0,0.0,0.0
55.2169766,0.0,0.0,0.0,0.0,0.0
55.2664223,0.0,0.0,0.0,0.0,0.0
55.316783,0.0,0.0,0.0,0.0,0.0
55.3658943,0.0,0.0,0.0,0.0,0.0
55.4153068,0.0,0.0,0.0,0.0,0.0
55.4652894,0.0,0.0,0.0,0.0,0.0
55.5154653,0.0,0.0,0.0,0.0,0.0
55.5647275,0.0,0.0,0.0,0.0,0.0
55.6144073,0.0,0.0,0.0,0.0,0.0
55.6645505,0.0933333,0.0,0.0,0.0,0.0
55.7144146,0.3,0.0,0.0,0.0,0.0
55.7642577,0.5133333,0.0,0.0,0.0,0.0
55.8140109,0.7444444,0.0,0.0,0.0,0.0
55.8640897,0.8022223,0.0777778,0.0777778,0.0,0.0
55.9130561,0.8088889,0.2333333,0.2133333,0.0,0.0
55.9638546,0.8088889,0.3822222,0.3377778,0.0,0.0
56.013329,0.8088889,0.6244444,0.5155556,0.0,0.0
56.0634382,0.8111111,0.7644445,0.7266667,0.0,0.0733333
56.1128626,0.8111111,0.7822222,0.8,0.0,0.1533333
56.1627529,0.8111111,0.7844445,0.8133333,0.1177778,0.26
56.2129996,0.8111111,0.7844445,0.8133333,0.3444445,0.3977778
56.2621968,0.8022223,0.7866667,0.8133333,0.7266667,0.4266667
56.3124976,0.2911111,0.7866667,0.8155556,0.8244445,0.36
56.3627946,0.0,0.7866667,0.6088889,0.8377778,0.2577778
56.4120913,0.0,0.2555556,0.1355556,0.8377778,0.0688889
56.4617715,0.0,0.0,0.0,0.2488889,0.0
56.5121915,0.0,0.0,0.0,0.0,0.0
56.5616109,0.0,0.0,0.0,0.0,0.0
56.6117504,0.0,0.0,0.0,0.0,0.0
56.6609762,0.0,0.0,0.0,0.0,0.0
56.7109354,0.0,0.0,0.0,0.0,0.0
56.7605348,0.0,0.0,0.0,0.0,0.0
56.8101327,0.0,0.0,0.0,0.0,0.0
56.8602455,0.0,0.0,0.0,0.0,0.0
56.9102478,0.0,0.0,0.0,0.0,0.0
56.959898,0.0,0.0,0.0,0.0,0.0
57.0096545,0.0,0.0,0.0,0.0,0.0
57.0595317,0.0,0.0,0.0,0.0,0.0
57.1084921,0.0,0.0,0.0,0.0,0.0
57.1583934,0.0,0.0,0.0,0.0,0.0
57.2080324,0.0,0.0,0.0,0.0,0.0
57.2585661,0.0,0.0,0.0,0.0,0.0
57.3085532,0.0,0.0,0.0,0.0,0.0
57.3579555,0.0,0.0,0.0,0.0,0.0
57.4070451,0.0,0.0,0.0,0.0,0.0
57.4576197,0.0,0.0,0.0,0.0,0.0
57.5063784,0.0,0.0,0.0,0.0,0.0
57.5562303,0.0,0.0,0.0,0.0,0.0
57.6059084,0.0,0.0,0.0,0.0,0.0
57.6561873,0.0,0.0,0.0,0.0,0.0
57.7061367,0.0,0.0,0.0,0.0,0.0
57.755949,0.0,0.0,0.0,0.0,0.0
57.8057249,0.0,0.0,0.0,0.0,0.0
57.8546941,0.0,0.0,0.0,0.0,0.0
57.9051154,0.0711111,0.0,0.0,0.0,0.0
57.9546034,0.1288889,0.0,0.0,0.0,0.0
58.0042946,0.2044444,0.0,0.0,0.0,0.0
58.054162,0.3355556,0.0,0.0,0.0,0.0
58.1040921,0.7311111,0.0,0.0777778,0.0,0.0
58.1536372,0.7977778,0.0644444,0.2711111,0.0,0.0
58.2035446,0.8066667,0.22,0.6977777,0.0,0.0
58.2532079,0.8066667,0.6977777,0.8,0.0,0.0
58.3032331,0.8066667,0.7733333,0.8133333,0.0,0.1022222
58.3535421,0.8088889,0.7822222,0.8133333,0.0688889,0.1666667
58.4029367,0.8088889,0.7822222,0.8133333,0.1577778,0.2444444
58.4526958,0.8088889,0.7822222,0.8155556,0.4577778,0.3222222
58.5024095,0.7666667,0.7844445,0.8155556,0.7733333,0.2955556
58.5527787,0.1822222,0.7844445,0.8155556,0.8311111,0.3044444
58.6029551,0.0,0.7844445,0.8155556,0.8377778,0.1577778
58.6515858,0.0,0.4088889,0.4355555,0.8377778,0.0
58.7028661,0.0,0.0,0.0733333,0.4711111,0.0
58.7522681,0.0,0.0,0.0,0.0666667,0.0
58.8020425,0.0,0.0,0.0,0.0,0.0
58.8512383,0.0,0.0,0.0,0.0,0.0
58.9011874,0.0,0.0,0.0,0.0,0.0
58.9516852,0.0,0.0,0.0,0.0,0.0
59.0013642,0.0,0.0,0.0,0.0,0.0
59.0509343,0.0,0.0,0.0,0.0,0.0
59.1001923,0.0,0.0,0.0,0.0,0.0
59.1504357,0.0,0.0,0.0,0.0,0.0
59.2004492,0.0,0.0,0.0,0.0,0.0
59.2496111,0.0,0.0,0.0,0.0,0.0
59.2997406,0.0,0.0,0.0,0.0,0.0
59.3493683,0.0,0.0,0.0,0.0,0.0
59.3992639,0.0,0.0,0.0,0.0,0.0
59.4484379,0.0,0.0,0.0,0.0,0.0
59.4981978,0.0,0.0,0.0,0.0,0.0
59.5477047,0.0,0.0,0.0,0.0,0.0
59.5983217,0.0,0.0,0.0,0.0,0.0
59.64726,0.0,0.0,0.0,0.0,0.0
59.6971536,0.0,0.0,0.0,0.0,0.0
59.7473092,0.0,0.0,0.0,0.0,0.0
59.7967222,0.0,0.0,0.0,0.0,0.0
59.8473055,0.0,0.0,0.0,0.0,0.0
59.8966501,0.0,0.0,0.0,0.0,0.0
59.945684,0.0,0.0,0.0,0.0,0.0
59.995558,0.0,0.0,0.0,0.0,0.0
60.0458746,0.0,0.0,0.0,0.0,0.0
60.0954027,0.0,0.0,0.0,0.0,0.0
60.1447914,0.1866667,0.0,0.0,0.0,0.0
60.1952081,0.4511111,0.0,0.0,0.0,0.0
60.2447608,0.7577778,0.0,0.0,0.0,0.0
60.2942846,0.8022223,0.0,0.0822222,0.0,0.0
60.3443003,0.8066667,0.0733333,0.1933333,0.0,0.0
60.3936877,0.8066667,0.2355556,0.6577778,0.0,0.0
60.4434199,0.8066667,0.6822222,0.7933334,0.0,0.0
60.4937074,0.8088889,0.7711111,0.8088889,0.0,0.0
60.5440712,0.8088889,0.7822222,0.8111111,0.0822222,0.0
60.5932631,0.8088889,0.7822222,0.8111111,0.1488889,0.0
60.6437311,0.8088889,0.7822222,0.8133333,0.2111111,0.0
60.6936553,0.7222222,0.7844445,0.8133333,0.4088889,0.0
60.7428579,0.3022222,0.7844445,0.8133333,0.7666667,0.0
60.7929041,0.0733333,0.7844445,0.8133333,0.8288889,0.0
60.8429904,0.0,0.7844445,0.8133333,0.8377778,0.0
60.8928826,0.0,0.4688889,0.8133333,0.8377778,0.0
60.9418464,0.0,0.0666667,0.3422222,0.8,0.0
60.9919333,0.0,0.0,0.0,0.1133333,0.0
61.0424826,0.0,0.0,0.0,0.0,0.0
61.0914032,0.0,0.0,0.0,0.0,0.0
61.1415708,0.0,0.0,0.0,0.0,0.0
61.1912706,0.0,0.0,0.0,0.0,0.0
61.2407765,0.0,0.0,0.0,0.0,0.0
61.2912717,0.0,0.0,0.0,0.0,0.0
61.3409007,0.0,0.0,0.0,0.0,0.0
61.3901293,0.0,0.0,0.0,0.0,0.0
61.4402366,0.0,0.0,0.0,0.0,0.0
61.4896309,0.0,0.0,0.0,0.0,0.0
61.5390592,0.0,0.0,0.0,0.0,0.0
61.5890124,0.0,0.0,0.0,0.0,0.0
61.6392393,0.0,0.0,0.0,0.0,0.0
61.6883233,0.0,0.0,0.0,0.0,0.0
61.7385037,0.0,0.0,0.0,0.0,0.0
61.7880216,0.0,0.0,0.0,0.0,0.0
61.8382943,0.0,0.0,0.0,0.0,0.0
61.8880925,0.0,0.0,0.0,0.0,0.0
61.9374125,0.0,0.0,0.0,0.0,0.0
61.987267,0.0,0.0,0.0,0.0,0.0
62.037334,0.0,0.0,0.0,0.0,0.0
62.0867,0.0,0.0,0.0,0.0,0.0
62.1367209,0.0,0.0,0.0,0.0,0.0
62.1865182,0.0,0.0,0.0,0.0,0.0
62.235534,0.0,0.0,0.0,0.0,0.0
62.2857633,0.0,0.0,0.0,0.0,0.0
62.3353696,0.1155556,0.0,0.0,0.0,0.0
62.3849471,0.2266667,0.0,0.0,0.0,0.0
62.4345379,0.4444444,0.0,0.0,0.0,0.0
62.4845371,0.7533333,0.0,0.0,0.0,0.0
62.5345404,0.8,0.0,0.08,0.0,0.0
62.5842347,0.8066667,0.0711111,0.2022222,0.0,0.0
62.6341305,0.8066667,0.1688889,0.56,0.0,0.0
62.6837282,0.8066667,0.3933333,0.7777778,0.0,0.0
62.7340369,0.8088889,0.5711111,0.8088889,0.0,0.0
62.7837806,0.8088889,0.7177778,0.8111111,0.0,0.0
62.833077,0.8088889,0.7755556,0.8111111,0.0,0.0
62.8830118,0.8088889,0.7822222,0.8133333,0.0,0.0
62.9334719,0.8088889,0.7822222,0.8133333,0.0,0.0
62.9834468,0.8088889,0.7822222,0.8133333,0.0777778,0.0
63.0329936,0.8088889,0.7844445,0.8133333,0.0866667,0.0
63.0827339,0.8088889,0.7844445,0.8133333,0.1333333,0.0
63.1326308,0.5333334,0.7844445,0.8133333,0.3111111,0.0
63.1827509,0.1844444,0.7844445,0.8133333,0.7066666,0.0
63.2322454,0.0,0.7844445,0.8133333,0.8222222,0.0
63.282074,0.0,0.7844445,0.8133333,0.8377778,0.0
63.3321185,0.0,0.7844445,0.8133333,0.8377778,0.0
63.3816068,0.0,0.7355555,0.8133333,0.8377778,0.0
63.4321067,0.0,0.2955556,0.8133333,0.84,0.0
63.4818337,0.0,0.0,0.5755556,0.84,0.0
63.5315692,0.0,0.0,0.1111111,0.6155556,0.0
63.5811136,0.0,0.0,0.0,0.1688889,0.0
63.6309144,0.0,0.0,0.0,0.0,0.0
63.681196,0.0,0.0,0.0,0.0,0.0
63.7302949,0.0,0.0,0.0,0.0,0.0
63.780674,0.0,0.0,0.0,0.0,0.0
63.8302259,0.0,0.0,0.0,0.0,0.0
63.8797562,0.0,0.0,0.0,0.0,0.0
63.9298258,0.0,0.0,0.0,0.0,0.0
63.9796002,0.0,0.0,0.0,0.0,0.0
64.0295179,0.0,0.0,0.0,0.0,0.0
64.0792141,0.0,0.0,0.0,0.0,0.0
64.1289549,0.0,0.0,0.0,0.0,0.0
64.1786792,0.0,0.0,0.0,0.0,0.0
64.2284498,0.0,0.0,0.0,0.0,0.0
64.2781649,0.0,0.0,0.0,0.0,0.0
64.3278737,0.0,0.0,0.0,0.0,0.0
64.3769441,0.0,0.0,0.0,0.0,0.0
64.4272547,0.0,0.0,0.0,0.0,0.0
64.4766684,0.0,0.0,0.0,0.0,0.0
64.5267596,0.0,0.0,0.0,0.0,0.0
64.575913,0.0,0.0,0.0,0.0,0.0
64.6258931,0.0,0.0,0.0,0.0,0.0
64.6759224,0.0,0.0,0.0,0.0,0.0
64.7258799,0.0,0.0,0.0,0.0,0.0
64.7747223,0.0,0.0,0.0,0.0,0.0
64.8248532,0.0955556,0.0,0.0,0.0,0.0
64.874089,0.2,0.0,0.0,0.0,0.0
64.9243338,0.4866667,0.0,0.0,0.0,0.0
64.9739618,0.7511111,0.0,0.0,0.0,0.0
65.0235803,0.8,0.0,0.0,0.0,0.0
65.0735817,0.8066667,0.1,0.0711111,0.0,0.0
65.124171,0.8066667,0.2488889,0.1644444,0.0,0.0
65.1733232,0.8066667,0.5133333,0.3555556,0.0,0.0
65.2237568,0.8088889,0.7444444,0.6911111,0.0,0.0
65.2738721,0.8088889,0.7777778,0.7977778,0.0,0.0
65.3228772,0.8088889,0.7822222,0.8111111,0.1133333,0.0
65.3734195,0.7733333,0.7822222,0.8111111,0.42,0.0
65.4228458,0.5822222,0.7822222,0.8111111,0.7422222,0.0
65.4732893,0.3622222,0.7844445,0.8133333,0.8244445,0.0
65.5227172,0.1822222,0.7844445,0.8133333,0.8355556,0.0
65.5722704,0.0711111,0.7844445,0.8133333,0.8355556,0.0
65.6222665,0.0,0.7844445,0.8133333,0.8355556,0.0
65.671942,0.0,0.7844445,0.8133333,0.8377778,0.0
65.722033,0.0,0.66,0.8133333,0.8377778,0.0
65.7712831,0.0,0.1911111,0.7577778,0.8377778,0.0
65.8214002,0.0,0.0,0.2111111,0.8377778,0.0
65.8718157,0.0,0.0,0.0,0.2133333,0.0
65.9210925,0.0,0.0,0.0,0.0,0.0
65.9708309,0.0,0.0,0.0,0.0,0.0
66.0209563,0.0,0.0,0.0,0.0,0.0
66.0705647,0.0,0.0,0.0,0.0,0.0
66.1206119,0.0,0.0,0.0,0.0,0.0
66.1705687,0.0,0.0,0.0,0.0,0.0
66.2196848,0.0,0.0,0.0,0.0,0.0
66.2700722,0.0,0.0,0.0,0.0,0.0
66.3196008,0.0,0.0,0.0,0.0,0.0
66.3688018,0.0,0.0,0.0,0.0,0.0
66.4188428,0.0,0.0,0.0,0.0,0.0
66.4683704,0.0,0.0,0.0,0.0,0.0
66.5183775,0.0,0.0,0.0,0.0,0.0
66.5689032,0.0,0.0,0.0,0.0,0.0
66.618098,0.0,0.0,0.0,0.0,0.0
66.6679289,0.0,0.0,0.0,0.0,0.0
66.7170265,0.0,0.0,0.0,0.0,0.0
66.7675519,0.0,0.0,0.0,0.0,0.0
66.8166084,0.0,0.0,0.0,0.0,0.0
66.8667486,0.0,0.0,0.0,0.0,0.0
66.9167314,0.0,0.0,0.0,0.0,0.0
66.9658322,0.0,0.0,0.0,0.0,0.0
67.0161228,0.0,0.0,0.0,0.0,0.0
67.0652163,0.0,0.0,0.0,0.0,0.0
67.1155598,0.0,0.0,0.0,0.0,0.0
67.1646614,0.0,0.0,0.0,0.0,0.0
67.2151804,0.0,0.0,0.0,0.0,0.0
67.2650838,0.0,0.0,0.0,0.0,0.0
67.3146987,0.0,0.0,0.0,0.0,0.0
67.3641164,0.0,0.0,0.0,0.0,0.0
67.4141874,0.0,0.0,0.0,0.0,0.0
67.46368,0.0,0.0,0.0,0.0,0.0
67.5135643,0.0,0.0,0.0,0.0,0.0
67.5626841,0.0,0.0,0.0,0.0,0.0
67.6132214,0.0,0.0,0.0,0.0,0.0
67.6625464,0.0,0.0,0.0,0.0,0.0
67.712379,0.0,0.0,0.0,0.0,0.0
67.7621694,0.0,0.0,0.0,0.0,0.0
67.8113508,0.0,0.0,0.0,0.0,0.0
67.8613455,0.0,0.0,0.0,0.0,0.0
67.9109526,0.0,0.0,0.0,0.0,0.0
67.9614105,0.0,0.0,0.0,0.0,0.0
68.0102551,0.0,0.0,0.0,0.0,0.0
68.0607831,0.0844444,0.0,0.0,0.0,0.0
68.1105847,0.1355556,0.0,0.0,0.0,0.0
68.1607647,0.2733333,0.0,0.0,0.0,0.0
68.2095423,0.7022222,0.0,0.1511111,0.0,0.0
68.2591536,0.7955555,0.0,0.3377778,0.0,0.0
68.3095663,0.8066667,0.0,0.5244445,0.0,0.0
68.3596182,0.8066667,0.0,0.7022222,0.0,0.0
68.4094503,0.8066667,0.0733333,0.7977778,0.0,0.0
68.459141,0.8088889,0.1422222,0.8111111,0.0,0.0
68.5086527,0.8088889,0.32,0.8111111,0.0,0.0
68.5590036,0.8088889,0.64,0.8111111,0.0,0.0
68.6088369,0.8088889,0.7644445,0.8133333,0.0,0.0
68.6580138,0.8088889,0.78,0.8133333,0.0822222,0.0
68.7076859,0.7022222,0.7822222,0.8133333,0.2044444,0.0
68.7580006,0.3422222,0.7822222,0.8133333,0.5066667,0.0
68.8073938,0.1022222,0.7844445,0.8133333,0.7888889,0.0
68.8574135,0.0,0.7844445,0.8133333,0.8333333,0.0
68.9070218,0.0,0.4222222,0.8133333,0.8377778,0.0
68.9572024,0.0,0.0755556,0.8133333,0.8377778,0.0
69.0070446,0.0,0.0,0.2933333,0.6933333,0.0
69.0569775,0.0,0.0,0.0,0.1155556,0.0
69.1065302,0.0,0.0,0.0,0.0,0.0
69.1567359,0.0,0.0,0.0,0.0,0.0
69.2059216,0.0,0.0,0.0,0.0,0.0
69.2562861,0.0,0.0,0.0,0.0,0.0
69.3053753,0.0,0.0,0.0,0.0,0.0
69.3558173,0.0,0.0,0.0,0.0,0.0
69.4052362,0.0,0.0,0.0,0.0,0.0
69.4554372,0.0,0.0,0.0,0.0,0.0
69.5045319,0.0,0.0,0.0,0.0,0.0
69.5540853,0.0,0.0,0.0,0.0,0.0
69.6036401,0.0,0.0,0.0,0.0,0.0
69.6538188,0.0,0.0,0.0,0.0,0.0
69.704164,0.0,0.0,0.0,0.0,0.0
69.7532685,0.0,0.0,0.0,0.0,0.0
69.803437,0.0,0.0,0.0,0.0,0.0
69.8526065,0.0,0.0,0.0,0.0,0.0
69.9026716,0.0,0.0,0.0,0.0,0.0
69.9526734,0.0,0.0,0.0,0.0,0.0
70.0024161,0.0,0.0,0.0,0.0,0.0
70.0514319,0.0,0.0,0.0,0.0,0.0
70.1018751,0.0,0.0,0.0,0.0,0.0
70.1514122,0.0,0.0,0.0,0.0,0.0
70.2008321,0.0,0.0,0.0,0.0,0.0
70.2506216,0.0,0.0,0.0,0.0,0.0
70.3008726,0.0,0.0,0.0,0.0,0.0
70.3507748,0.0,0.0,0.0,0.0,0.0
70.399725,0.0,0.0,0.0,0.0,0.0
70.4500046,0.0,0.0,0.0,0.0,0.0
70.4996388,0.0,0.0,0.0,0.0,0.0
70.5490186,0.0,0.0,0.0,0.0,0.0
70.5992706,0.0,0.0,0.0,0.0,0.0
70.6487641,0.0,0.0,0.0,0.0,0.0
70.6992972,0.0,0.0,0.0,0.0,0.0
70.748697,0.0,0.0,0.0,0.0,0.0
70.7980962,0.0,0.0,0.0,0.0,0.0
70.8480358,0.0,0.0,0.0,0.0,0.0
70.8971114,0.0644444,0.0,0.0,0.0,0.0
70.9474854,0.1088889,0.0,0.0,0.0,0.0
70.9970047,0.2266667,0.0,0.0,0.0,0.0
71.0470562,0.5333334,0.0,0.0,0.0,0.0
71.0963082,0.7711111,0.0,0.0,0.0,0.0
71.1464558,0.8022223,0.0,0.1044444,0.0,0.0
71.1956584,0.8066667,0.0888889,0.2777778,0.0,0.0
71.2459593,0.8066667,0.3177778,0.6755555,0.0,0.0
71.2963378,0.8066667,0.6866667,0.7955555,0.0,0.0
71.345201,0.8088889,0.7711111,0.8111111,0.0,0.0
71.3957236,0.8088889,0.7822222,0.8111111,0.0,0.0
71.4456556,0.8088889,0.7822222,0.8111111,0.08,0.0
71.4950254,0.7533333,0.7822222,0.8133333,0.3422222,0.0
71.5453854,0.2622222,0.7844445,0.8133333,0.7644445,0.0
71.5946808,0.0,0.7844445,0.8133333,0.8288889,0.0
71.6449594,0.0,0.7088889,0.8133333,0.8377778,0.0
71.6951554,0.0,0.2377778,0.7977778,0.8377778,0.0
71.7439883,0.0,0.0,0.2955556,0.8377778,0.0
71.7945161,0.0,0.0,0.0,0.5022222,0.0
71.8443706,0.0,0.0,0.0,0.1066667,0.0
71.8933189,0.0,0.0,0.0,0.0,0.0
71.942956,0.0,0.0,0.0,0.0,0.0
71.9934218,0.0,0.0,0.0,0.0,0.0
72.0428548,0.0,0.0,0.0,0.0,0.0
72.0925708,0.0,0.0,0.0,0.0,0.0
72.1416116,0.0,0.0,0.0,0.0,0.0
72.1919322,0.0,0.0,0.0,0.0,0.0
72.2420695,0.0,0.0,0.0,0.0,0.0
72.2918284,0.0,0.0,0.0,0.0,0.0
72.3415308,0.0,0.0,0.0,0.0,0.0
72.391001,0.0,0.0,0.0,0.0,0.0
72.4410937,0.0,0.0,0.0,0.0,0.0
72.4907317,0.0,0.0,0.0,0.0,0.0
72.54072,0.0,0.0,0.0,0.0,0.0
72.5908523,0.0,0.0,0.0,0.0,0.0
72.6404655,0.0,0.0,0.0,0.0,0.0
72.6894207,0.0,0.0,0.0,0.0,0.0
72.7394638,0.0,0.0,0.0,0.0,0.0
72.7890689,0.0,0.0,0.0,0.0,0.0
72.8391192,0.0,0.0,0.0,0.0,0.0
72.8894341,0.0,0.0,0.0,0.0,0.0
72.938606,0.0,0.0,0.0,0.0,0.0
72.9882586,0.0,0.0,0.0,0.0,0.0
73.0382178,0.0,0.0,0.0,0.0,0.0
73.0882642,0.0,0.0,0.0,0.0,0.0
73.1372044,0.0,0.0,0.0,0.0,0.0
73.1867712,0.0,0.0,0.0,0.0,0.0
73.2373714,0.0,0.0,0.0,0.0,0.0
73.2864778,0.0,0.0,0.0,0.0,0.0
73.336107,0.0,0.0,0.0,0.0,0.0
73.3864241,0.0,0.0,0.0,0.0,0.0
73.4362838,0.0,0.0,0.0,0.0,0.0
73.4857812,0.0,0.0,0.0,0.0,0.0
73.5350547,0.0,0.0,0.0,0.0,0.0
73.5854001,0.0,0.0,0.0,0.0,0.0
73.6348538,0.0,0.0,0.0,0.0,0.0
73.6851513,0.0,0.0,0.0,0.0,0.0
73.733788,0.0755556,0.0,0.0,0.0,0.0
73.7844729,0.2666667,0.0,0.0,0.0,0.0
73.8335342,0.68,0.0,0.0,0.0,0.0
73.8837736,0.7911111,0.0,0.0,0.0,0.0
73.9332652,0.8066667,0.1044444,0.0866667,0.0,0.0
73.9829655,0.8066667,0.3466667,0.2066667,0.0,0.0
74.0334227,0.8066667,0.7044445,0.4822222,0.0,0.0
74.0833483,0.8088889,0.7733333,0.7577778,0.0,0.0
74.1333311,0.8088889,0.7822222,0.8044444,0.1733333,0.0688889
74.1830742,0.5777778,0.7822222,0.8111111,0.5133333,0.0
74.2320976,0.1977778,0.7822222,0.8111111,0.7977778,0.0
74.2827194,0.0,0.7844445,0.8111111,0.8333333,0.0
74.3320599,0.0,0.7844445,0.8133333,0.8377778,0.0
74.381665,0.0,0.4266667,0.7866667,0.8377778,0.0
74.4324822,0.0,0.0822222,0.3022222,0.8377778,0.0
74.4817035,0.0,0.0,0.0,0.5911111,0.0
74.5317469,0.0,0.0,0.0,0.0933333,0.0
74.5811374,0.0,0.0,0.0,0.0,0.0
74.631249,0.0,0.0,0.0,0.0,0.0
74.6809518,0.0,0.0,0.0,0.0,0.0
74.7305801,0.0,0.0,0.0,0.0,0.0
74.7803683,0.0,0.0,0.0,0.0,0.0
74.830709,0.0,0.0,0.0,0.0,0.0
74.8803258,0.0,0.0,0.0,0.0,0.0
74.9295523,0.0,0.0,0.0,0.0,0.0
74.979109,0.0,0.0,0.0,0.0,0.0
75.0292964,0.0,0.0,0.0,0.0,0.0
75.0791714,0.0,0.0,0.0,0.0,0.0
75.1285174,0.0,0.0,0.0,0.0,0.0
75.1783297,0.0,0.0,0.0,0.0,0.0
75.2285228,0.0,0.0,0.0,0.0,0.0
75.2775698,0.0,0.0,0.0,0.0,0.0
75.3275704,0.0,0.0,0.0,0.0,0.0
75.376914,0.0,0.0,0.0,0.0,0.0
75.427227,0.0,0.0,0.0,0.0,0.0
75.4768326,0.0,0.0,0.0,0.0,0.0
75.5261858,0.0,0.0,0.0,0.0,0.0
75.5766516,0.0,0.0,0.0,0.0,0.0
75.6262951,0.0,0.0,0.0,0.0,0.0
75.67627,0.0,0.0,0.0,0.0,0.0
75.7254465,0.0,0.0,0.0,0.0,0.0
75.7755361,0.0,0.0,0.0,0.0,0.0
75.8254719,0.0,0.0,0.0,0.0,0.0
75.8750589,0.0,0.0,0.0,0.0,0.0
75.924228,0.0,0.0,0.0,0.0,0.0
75.973871,0.0,0.0,0.0,0.0,0.0
76.0238571,0.0,0.0,0.0,0.0,0.0
76.0741935,0.0,0.0,0.0,0.0,0.0
76.1239567,0.0,0.0,0.0,0.0,0.0
76.1735187,0.0,0.0,0.0,0.0,0.0
76.2227614,0.0,0.0,0.0,0.0,0.0
76.2727158,0.1355556,0.0,0.0,0.0,0.0
76.3224437,0.3444445,0.0,0.0755556,0.0,0.0
76.3725564,0.5511111,0.0,0.18,0.0,0.0
76.4218514,0.7311111,0.0,0.4244444,0.0,0.0
76.4722931,0.7977778,0.0,0.7488889,0.0,0.0
76.521596,0.8066667,0.0955556,0.8066667,0.0,0.0
76.5712883,0.8066667,0.32,0.8133333,0.0,0.0
76.6214497,0.8044444,0.6533333,0.8133333,0.0,0.0
76.6711268,0.62,0.7666667,0.8133333,0.0,0.0
76.7213695,0.2311111,0.7822222,0.8155556,0.16,0.0
76.7714889,0.0688889,0.7822222,0.8155556,0.4222222,0.0
76.8215926,0.0,0.7755556,0.8155556,0.7644445,0.0
76.8704064,0.0,0.5666667,0.8155556,0.8288889,0.0
76.9209623,0.0,0.1688889,0.8155556,0.8377778,0.0
76.969965,0.0,0.0,0.6288889,0.8377778,0.0
77.0205121,0.0,0.0,0.1133333,0.2511111,0.0
77.0703671,0.0,0.0,0.0,0.0,0.0
77.1196508,0.0,0.0,0.0,0.0,0.0
77.1693101,0.0,0.0,0.0,0.0,0.0
77.2187915,0.0,0.0,0.0,0.0,0.0
77.2693,0.0,0.0,0.0,0.0,0.0
77.3186593,0.0,0.0,0.0,0.0,0.0
77.3684828,0.0,0.0,0.0,0.0,0.0
77.4180193,0.0,0.0,0.0,0.0,0.0
77.467854,0.0,0.0,0.0,0.0,0.0
77.5180252,0.0,0.0,0.0,0.0,0.0
77.5676682,0.0,0.0,0.0,0.0,0.0
77.6170688,0.0,0.0,0.0,0.0,0.0
77.6669323,0.0,0.0,0.0,0.0,0.0
77.7172098,0.0,0.0,0.0,0.0,0.0
77.7662494,0.0,0.0,0.0,0.0,0.0
77.8162463,0.0,0.0,0.0,0.0,0.0
77.8654029,0.0,0.0,0.0,0.0,0.0
77.9153197,0.0,0.0,0.0,0.0,0.0
77.9656994,0.0,0.0,0.0,0.0,0.0
78.015079,0.0,0.0,0.0,0.0,0.0
78.0646122,0.0,0.0,0.0,0.0,0.0
78.1150088,0.0,0.0,0.0,0.0,0.0
78.1647425,0.0,0.0,0.0,0.0,0.0
78.2143598,0.0,0.0,0.0,0.0,0.0
78.2639301,0.0,0.0,0.0,0.0,0.0
78.3140607,0.0,0.0,0.0,0.0,0.0
78.3631077,0.0,0.0,0.0,0.0,0.0
78.4129369,0.0,0.0,0.0,0.0,0.0
78.4624,0.0,0.0,0.0,0.0,0.0
78.5126193,0.0,0.0,0.0,0.0,0.0
78.562145,0.0,0.0,0.0,0.0,0.0
78.6119182,0.0911111,0.0,0.0,0.0,0.0
78.6620259,0.6177778,0.0,0.0,0.0,0.0
78.7116177,0.7844445,0.0,0.0,0.0,0.0
78.7609398,0.8044444,0.1133333,0.1177778,0.0,0.0
78.8105268,0.8066667,0.2622222,0.3955556,0.0,0.0
78.8605626,0.8066667,0.4844444,0.7133333,0.0,0.0
78.9114051,0.8088889,0.6866667,0.8,0.0,0.0
78.9606843,0.8088889,0.7711111,0.8133333,0.0,0.0
79.0104825,0.8088889,0.7822222,0.8133333,0.0822222,0.0
79.0608804,0.7311111,0.7822222,0.8133333,0.2066667,0.0
79.1102057,0.26,0.7822222,0.8155556,0.6133333,0.0
79.1602702,0.0,0.7844445,0.8155556,0.8111111,0.0
79.2104762,0.0,0.6822222,0.8155556,0.8355556,0.0
79.2602644,0.0,0.1688889,0.8155556,0.8377778,0.0
79.3101652,0.0,0.0,0.2533333,0.8333333,0.0
79.3592081,0.0,0.0,0.0,0.16,0.0
79.409241,0.0,0.0,0.0,0.0,0.0
79.458837,0.0,0.0,0.0,0.0,0.0
79.5093522,0.0,0.0,0.0,0.0,0.0
79.5585973,0.0,0.0,0.0,0.0,0.0
79.6082199,0.0,0.0,0.0,0.0,0.0
79.6580381,0.0,0.0,0.0,0.0,0.0
79.7080193,0.0,0.0,0.0,0.0,0.0
79.7581015,0.0,0.0,0.0,0.0,0.0
79.8077674,0.0,0.0,0.0,0.0,0.0
79.8575044,0.0,0.0,0.0,0.0,0.0
79.9067688,0.0,0.0,0.0,0.0,0.0
79.9565473,0.0,0.0,0.0,0.0,0.0
80.0058084,0.0,0.0,0.0,0.0,0.0
80.0563173,0.0,0.0,0.0,0.0,0.0
80.1054852,0.0,0.0,0.0,0.0,0.0
80.1550436,0.0,0.0,0.0,0.0,0.0
80.205117,0.0,0.0,0.0,0.0,0.0
80.2544777,0.0,0.0,0.0,0.0,0.0
80.3052943,0.0,0.0,0.0,0.0,0.0
80.3542695,0.0,0.0,0.0,0.0,0.0
80.4047117,0.0,0.0,0.0,0.0,0.0
80.4540558,0.0,0.0,0.0,0.0,0.0
80.5039246,0.0,0.0,0.0,0.0,0.0
80.5538349,0.0,0.0,0.0,0.0,0.0
80.6033456,0.0,0.0,0.0,0.0,0.0
80.6527114,0.0,0.0,0.0,0.0,0.0
80.7023051,0.0,0.0,0.0,0.0,0.0
80.7528372,0.0755556,0.0,0.0,0.0,0.0
80.8025773,0.2355556,0.0,0.0,0.0,0.0
80.8520701,0.6488889,0.0,0.0,0.0,0.0
80.9018416,0.7888889,0.0,0.0,0.0,0.0
80.9516358,0.8044444,0.0888889,0.0911111,0.0,0.0
81.0011785,0.8066667,0.3555556,0.22,0.0,0.0
81.0511284,0.8066667,0.6866667,0.3733333,0.0,0.0
81.1009579,0.8088889,0.7711111,0.4777778,0.0,0.2333333
81.151464,0.8088889,0.7822222,0.5244445,0.1355556,0.7088889
81.2013619,0.7422222,0.7822222,0.4666667,0.6777778,0.8955556
81.2508562,0.3022222,0.7822222,0.3977778,0.8177778,0.92
81.3010097,0.1311111,0.7844445,0.4044445,0.8355556,0.9222222
81.3505309,0.0,0.7844445,0.2711111,0.8377778,0.9222222
81.4003351,0.0,0.5733333,0.0822222,0.8377778,0.6
81.4504349,0.0,0.0888889,0.0,0.5622222,0.1044444
81.4997785,0.0,0.0,0.0,0.0933333,0.0
81.5498383,0.0,0.0,0.0,0.0,0.0
81.599335,0.0,0.0,0.0,0.0,0.0
81.6492853,0.0,0.0,0.0,0.0,0.0
81.6990106,0.0,0.0,0.0,0.0,0.0
81.7490432,0.0,0.0,0.0,0.0,0.0
81.7983971,0.0,0.0,0.0,0.0,0.0
81.8487463,0.0,0.0,0.0,0.0,0.0
81.8986678,0.0,0.0,0.0,0.0,0.0
81.9477923,0.0,0.0,0.0,0.0,0.0
81.9977059,0.0,0.0,0.0,0.0,0.0
82.0474987,0.0,0.0,0.0,0.0,0.0
82.0972726,0.0,0.0,0.0,0.0,0.0
82.1463969,0.0,0.0,0.0,0.0,0.0
82.1964991,0.0,0.0,0.0,0.0,0.0
82.2459788,0.0,0.0,0.0,0.0,0.0
82.2966356,0.0,0.0,0.0,0.0,0.0
82.3456259,0.0,0.0,0.0,0.0,0.0
82.3955712,0.0,0.0,0.0,0.0,0.0
82.4451451,0.0,0.0,0.0,0.0,0.0
82.4951458,0.0,0.0,0.0,0.0,0.0
82.5449779,0.0,0.0,0.0,0.0,0.0
82.5946662,0.0,0.0,0.0,0.0,0.0
82.6438966,0.0,0.0,0.0,0.0,0.0
82.6944065,0.0,0.0,0.0,0.0,0.0
82.743511,0.0,0.0,0.0,0.0,0.0
82.7923393,0.0,0.0,0.0,0.0,0.0
82.8431249,0.0,0.0,0.0,0.0,0.0
82.8931801,0.0,0.0,0.0,0.0,0.0
82.9423139,0.0,0.0,0.0,0.0,0.0
82.9926474,0.0,0.0,0.0,0.0,0.0
83.0424626,0.0,0.0,0.0,0.0,0.0
83.0917706,0.0,0.0,0.0,0.0,0.0
83.1413503,0.0,0.0,0.0,0.0,0.0
83.1913226,0.0,0.0,0.0,0.0,0.0
83.2409444,0.0,0.0,0.0,0.0,0.0
83.2911401,0.0,0.0,0.0,0.0,0.0
83.340445,0.0,0.0,0.0,0.0,0.0
83.3904612,0.0,0.0,0.0,0.0,0.0
83.4404311,0.0977778,0.0,0.0,0.0,0.0
83.4898763,0.24,0.0,0.0,0.0,0.0
83.5395498,0.62,0.0,0.0,0.0,0.0
83.5896726,0.7844445,0.0,0.1622222,0.0,0.0
83.6397889,0.8044444,0.1155556,0.4666667,0.0,0.0
83.6891356,0.8066667,0.4666667,0.7088889,0.0,0.0
83.7387238,0.8066667,0.7422222,0.7822222,0.0,0.0
83.7890584,0.8088889,0.7777778,0.7955555,0.0,0.1644444
83.8389194,0.8088889,0.7822222,0.7044445,0.3422222,0.5088889
83.8886468,0.3844444,0.7822222,0.3866667,0.7755556,0.8644444
83.9385033,0.0,0.7355555,0.1177778,0.8311111,0.8911111
83.9885135,0.0,0.1133333,0.0,0.5244445,0.1733333
84.0388196,0.0,0.0,0.0,0.0755556,0.0
84.0877366,0.0,0.0,0.0,0.0,0.0
84.137717,0.0,0.0,0.0,0.0,0.0
84.1878223,0.0,0.0,0.0,0.0,0.0
84.2378047,0.0,0.0,0.0,0.0,0.0
84.2875752,0.0,0.0,0.0,0.0,0.0
84.3365071,0.0,0.0,0.0,0.0,0.0
84.386627,0.0,0.0,0.0,0.0,0.0
84.4361956,0.0,0.0,0.0,0.0,0.0
84.4865859,0.0,0.0,0.0,0.0,0.0
84.535501,0.0,0.0,0.0,0.0,0.0
84.5851305,0.0,0.0,0.0,0.0,0.0
84.6351948,0.0,0.0,0.0,0.0,0.0
84.6848378,0.0,0.0,0.0,0.0,0.0
84.7347889,0.0,0.0,0.0,0.0,0.0
84.7848411,0.0,0.0,0.0,0.0,0.0
84.8349562,0.0,0.0,0.0,0.0,0.0
84.8845236,0.0,0.0,0.0,0.0,0.0
84.9333742,0.0,0.0,0.0,0.0,0.0
84.9832757,0.0,0.0,0.0,0.0,0.0
85.0328715,0.0,0.0,0.0,0.0,0.0
85.0826864,0.0,0.0,0.0,0.0,0.0
85.1327319,0.0,0.0,0.0,0.0,0.0
85.1826663,0.0,0.0,0.0,0.0,0.0
85.2323794,0.0,0.0,0.0,0.0,0.0
85.2823827,0.0,0.0,0.0,0.0,0.0
85.3316469,0.0,0.0,0.0,0.0,0.0
85.3816612,0.0,0.0,0.0,0.0,0.0
85.4315953,0.0,0.0,0.0,0.0,0.0
85.4811304,0.0,0.0,0.0,0.0,0.0
85.53127,0.0,0.0,0.0,0.0,0.0
85.5802245,0.0866667,0.0,0.0,0.0,0.0
85.6304476,0.1955556,0.0,0.0,0.0,0.0
85.6799963,0.4066667,0.0,0.0,0.0,0.0
85.7295086,0.7377778,0.0,0.0,0.0,0.0
85.7791357,0.8,0.0,0.0,0.0,0.0
85.8292227,0.8066667,0.1088889,0.0,0.0,0.0
85.8792834,0.8066667,0.2888889,0.0,0.0,0.1311111
85.9294894,0.8066667,0.6777778,0.0,0.0,0.38
85.9786756,0.8088889,0.7711111,0.12,0.0,0.6933333
86.0292685,0.8088889,0.7822222,0.2822222,0.3733333,0.8888889
86.0790985,0.4022222,0.7822222,0.2866667,0.78,0.92
86.1287966,0.1022222,0.7822222,0.2955556,0.8311111,0.9222222
86.1781223,0.0,0.7488889,0.1444445,0.8377778,0.6466666
86.2279716,0.0,0.1355556,0.0,0.7288889,0.1133333
86.2784901,0.0,0.0,0.0,0.1133333,0.0
86.327621,0.0,0.0,0.0,0.0,0.0
86.3775403,0.0,0.0,0.0,0.0,0.0
86.4278758,0.0,0.0,0.0,0.0,0.0
86.4777803,0.0,0.0,0.0,0.0,0.0
86.5273845,0.0,0.0,0.0,0.0,0.0
86.576571,0.0,0.0,0.0,0.0,0.0
86.6268351,0.0,0.0,0.0,0.0,0.0
86.6767819,0.0,0.0,0.0,0.0,0.0
86.7260959,0.0,0.0,0.0,0.0,0.0
86.7760851,0.0,0.0,0.0,0.0,0.0
86.8261325,0.0,0.0,0.0,0.0,0.0
86.8751523,0.0,0.0,0.0,0.0,0.0
86.9253848,0.0,0.0,0.0,0.0,0.0
86.9756851,0.0,0.0,0.0,0.0,0.0
87.0244966,0.0,0.0,0.0,0.0,0.0
87.074502,0.0,0.0,0.0,0.0,0.0
87.1247077,0.0,0.0,0.0,0.0,0.0
87.1738245,0.0,0.0,0.0,0.0,0.0
87.2237887,0.0,0.0,0.0,0.0,0.0
87.2738411,0.0,0.0,0.0,0.0,0.0
87.3228209,0.0,0.0,0.0,0.0,0.0
87.372649,0.0,0.0,0.0,0.0,0.0
87.4221251,0.0,0.0,0.0,0.0,0.0
87.4729786,0.0,0.0,0.0,0.0,0.0
87.5220509,0.0,0.0,0.0,0.0,0.0
87.5715804,0.0,0.0,0.0,0.0,0.0
87.6220458,0.0,0.0,0.0,0.0,0.0
87.6717298,0.0,0.0,0.0,0.0,0.0
87.7208791,0.0,0.0,0.0,0.0,0.0
87.7705393,0.0,0.0,0.0,0.0,0.0
87.8205204,0.0,0.0,0.0,0.0,0.0
87.8704624,0.0755556,0.0,0.0,0.0,0.0
87.9201252,0.1644444,0.0,0.0,0.0,0.0
87.9698608,0.3466667,0.0,0.0,0.0,0.0
88.0198274,0.7088889,0.0,0.0,0.0,0.0
88.0694342,0.7955555,0.0,0.0955556,0.0,0.0
88.1196768,0.8066667,0.1111111,0.2555556,0.0,0.0
88.1692212,0.8066667,0.2755556,0.5555556,0.0,0.0
88.219172,0.8066667,0.6111111,0.7733333,0.0,0.0
88.269501,0.8088889,0.7622222,0.8088889,0.0,0.0
88.3187544,0.8088889,0.78,0.8133333,0.0933333,0.1155556
88.3688729,0.8022223,0.7822222,0.8133333,0.4666667,0.1644444
88.4190614,0.3577778,0.7822222,0.8133333,0.7933334,0.3244444
88.4684172,0.0688889,0.7844445,0.6844444,0.8333333,0.3977778
88.5183489,0.0,0.5311111,0.2444444,0.8377778,0.1355556
88.5682647,0.0,0.0822222,0.0,0.66,0.0
88.6176844,0.0,0.0,0.0,0.1177778,0.0
88.6673436,0.0,0.0,0.0,0.0,0.0
88.7171741,0.0,0.0,0.0,0.0,0.0
88.7677929,0.0,0.0,0.0,0.0,0.0
88.8169363,0.0,0.0,0.0,0.0,0.0
88.8668792,0.0,0.0,0.0,0.0,0.0
88.9169905,0.0,0.0,0.0,0.0,0.0
88.9663279,0.0,0.0,0.0,0.0,0.0
89.0161853,0.0,0.0,0.0,0.0,0.0
89.0658748,0.0,0.0,0.0,0.0,0.0
89.1157317,0.0,0.0,0.0,0.0,0.0
89.1656947,0.0,0.0,0.0,0.0,0.0
89.2153721,0.0,0.0,0.0,0.0,0.0
89.2645769,0.0,0.0,0.0,0.0,0.0
89.3145092,0.0,0.0,0.0,0.0,0.0
89.3645749,0.0,0.0,0.0,0.0,0.0
89.4143384,0.0,0.0,0.0,0.0,0.0
89.4644651,0.0,0.0,0.0,0.0,0.0
89.5130048,0.0,0.0,0.0,0.0,0.0
89.5626802,0.0,0.0,0.0,0.0,0.0
89.6128175,0.0,0.0,0.0,0.0,0.0
89.6623015,0.0,0.0,0.0,0.0,0.0
89.7126715,0.0,0.0,0.0,0.0,0.0
89.7618275,0.0,0.0,0.0,0.0,0.0
89.8120668,0.0,0.0,0.0,0.0,0.0
89.8620746,0.0,0.0,0.0,0.0,0.0
89.9112971,0.0,0.0,0.0,0.0,0.0
89.9613063,0.0,0.0,0.0,0.0,0.0
90.0115085,0.0,0.0,0.0,0.0,0.0
90.0611348,0.0,0.0,0.0,0.0,0.0
90.110347,0.0,0.0,0.0,0.0,0.0
90.1599205,0.0,0.0,0.0,0.0,0.0
90.210218,0.0,0.0,0.0,0.0,0.0
90.2599604,0.0,0.0,0.0,0.0,0.0
90.3093288,0.0,0.0,0.0,0.0,0.0
90.3588793,0.0,0.0,0.0,0.0,0.0
90.4086452,0.0866667,0.0,0.0,0.0,0.0
90.4581749,0.22,0.0,0.0,0.0,0.0
90.5087261,0.6088889,0.0,0.1111111,0.0,0.0
90.5581779,0.7822222,0.0,0.4177778,0.0,0.0
90.6078203,0.8044444,0.08,0.7555556,0.0,0.0
90.6582699,0.8066667,0.28,0.8066667,0.0,0.0
90.708159,0.8066667,0.6133333,0.8133333,0.0,0.0
90.7575731,0.8088889,0.7644445,0.8133333,0.0,0.0
90.8078847,0.8088889,0.7822222,0.8133333,0.0733333,0.0
90.8577864,0.7977778,0.7844445,0.8155556,0.18,0.0
90.9076266,0.54,0.7844445,0.8155556,0.4866667,0.0
90.9574647,0.1822222,0.7866667,0.8155556,0.7911111,0.0
91.0070806,0.0,0.7866667,0.8155556,0.8355556,0.0
91.0566807,0.0,0.5333334,0.8155556,0.84,0.0
91.106739,0.0,0.0955556,0.6488889,0.84,0.0
91.1560233,0.0,0.0,0.12,0.3666667,0.0
91.2066441,0.0,0.0,0.0,0.0,0.0
91.255604,0.0,0.0,0.0,0.0,0.0
91.3054786,0.0,0.0,0.0,0.0,0.0
91.35584,0.0,0.0,0.0,0.0,0.0
91.4055417,0.0,0.0,0.0,0.0,0.0
91.4549503,0.0,0.0,0.0,0.0,0.0
91.5052354,0.0,0.0,0.0,0.0,0.0
91.5547094,0.0,0.0,0.0,0.0,0.0
91.6049042,0.0,0.0,0.0,0.0,0.0
91.6542337,0.0,0.0,0.0,0.0,0.0
91.7038503,0.0,0.0,0.0,0.0,0.0
91.7539537,0.0,0.0,0.0,0.0,0.0
91.8034816,0.0,0.0,0.0,0.0,0.0
91.8533933,0.0,0.0,0.0,0.0,0.0
91.9031487,0.0,0.0,0.0,0.0,0.0
91.9527154,0.0,0.0,0.0,0.0,0.0
92.0024748,0.0,0.0,0.0,0.0,0.0
92.0521085,0.0,0.0,0.0,0.0,0.0
92.101491,0.0,0.0,0.0,0.0,0.0
92.1512709,0.0,0.0,0.0,0.0,0.0
92.2015705,0.0,0.0,0.0,0.0,0.0
92.2511766,0.0,0.0,0.0,0.0,0.0
92.3003912,0.0,0.0,0.0,0.0,0.0
92.3503516,0.0,0.0,0.0,0.0,0.0
92.4003088,0.0,0.0,0.0,0.0,0.0
92.4499378,0.0,0.0,0.0,0.0,0.0
92.5001101,0.0,0.0,0.0,0.0,0.0
92.5499108,0.0,0.0,0.0,0.0,0.0
92.599299,0.0,0.0,0.0,0.0,0.0
92.6487949,0.0,0.0,0.0,0.0,0.0
92.6987276,0.0,0.0,0.0,0.0,0.0
92.7488728,0.0,0.0,0.0,0.0,0.0
92.7980988,0.0,0.0,0.0,0.0,0.0
92.8481205,0.0,0.0,0.0,0.0,0.0
92.8978069,0.0,0.0,0.0,0.0,0.0
92.947315,0.0,0.0,0.0,0.0,0.0
