# Time (seconds),f0
0.0078125,953.1114501953125
0.0234375,953.14794921875
0.0390625,953.1385498046875
0.0546875,953.1616821289062
0.0703125,953.1358642578125
0.0859375,953.1361694335938
0.1015625,953.154296875
0.1171875,953.1298217773438
0.1328125,953.1494140625
0.1484375,953.1539916992188
0.1640625,953.1580200195312
0.1796875,953.1403198242188
0.1953125,953.1497192382812
0.2109375,953.1365356445312
0.2265625,953.1480102539062
0.2421875,953.1509399414062
0.2578125,953.1454467773438
0.2734375,953.1547241210938
0.2890625,953.1448974609375
0.3046875,953.1526489257812
0.3203125,953.1480102539062
0.3359375,953.1483154296875
0.3515625,953.1360473632812
0.3671875,953.1548461914062
0.3828125,953.1640625
0.3984375,953.1544189453125
0.4140625,953.1611328125
0.4296875,953.1632080078125
0.4453125,953.2268676757812
0.4609375,953.2212524414062
0.4765625,953.3153076171875
0.4921875,953.314208984375
0.5078125,953.276123046875
0.5234375,953.33203125
0.5390625,953.3162841796875
0.5546875,953.3303833007812
0.5703125,953.2533569335938
0.5859375,953.3189697265625
0.6015625,953.3501586914062
0.6171875,953.2977294921875
0.6328125,953.2939453125
0.6484375,953.2562255859375
0.6640625,953.288330078125
0.6796875,953.3538818359375
0.6953125,953.3307495117188
0.7109375,953.316162109375
0.7265625,953.3102416992188
0.7421875,953.2739868164062
0.7578125,953.375
0.7734375,953.322265625
0.7890625,953.3244018554688
0.8046875,953.302734375
0.8203125,953.2890625
0.8359375,953.288818359375
0.8515625,953.3128662109375
0.8671875,953.3116455078125
0.8828125,953.3726196289062
0.8984375,953.33544921875
0.9140625,953.2858276367188
0.9296875,953.2865600585938
0.9453125,953.3761596679688
0.9609375,953.3973388671875
0.9765625,953.288330078125
0.9921875,953.3316040039062
1.0078125,953.358154296875
1.0234375,953.3761596679688
1.0390625,953.2871704101562
1.0546875,953.3299560546875
1.0703125,953.2880249023438
1.0859375,953.308349609375
1.1015625,953.2791137695312
1.1171875,953.2730102539062
1.1328125,953.3111572265625
1.1484375,953.3778686523438
1.1640625,953.2678833007812
1.1796875,953.3014526367188
1.1953125,953.2811279296875
1.2109375,953.2620239257812
1.2265625,953.2310180664062
1.2421875,953.23388671875
1.2578125,953.234130859375
1.2734375,953.24365234375
1.2890625,953.2205200195312
1.3046875,953.212158203125
1.3203125,953.194091796875
1.3359375,953.1691284179688
1.3515625,953.1897583007812
1.3671875,953.1827392578125
1.3828125,953.1892700195312
1.3984375,953.1823120117188
1.4140625,953.1864624023438
1.4296875,953.1886596679688
1.4453125,953.1725463867188
1.4609375,953.1660766601562
1.4765625,953.1650390625
1.4921875,953.1661987304688
1.5078125,953.1555786132812
1.5234375,953.145751953125
1.5390625,953.1650390625
1.5546875,953.153564453125
1.5703125,953.1357421875
1.5859375,953.1588745117188
1.6015625,953.1633911132812
1.6171875,953.1668701171875
1.6328125,953.1555786132812
1.6484375,953.1571044921875
1.6640625,953.1572265625
1.6796875,953.163330078125
1.6953125,953.1452026367188
1.7109375,953.155517578125
1.7265625,953.1345825195312
1.7421875,953.155517578125
1.7578125,953.1571655273438
1.7734375,953.18701171875
1.7890625,953.1847534179688
1.8046875,953.1887817382812
1.8203125,953.1922607421875
1.8359375,953.1923217773438
1.8515625,953.2391967773438
1.8671875,953.2291259765625
1.8828125,953.2667236328125
1.8984375,953.2723388671875
1.9140625,953.3098754882812
1.9296875,953.3073120117188
1.9453125,953.2698974609375
1.9609375,953.309814453125
1.9765625,953.2966918945312
1.9921875,953.3153686523438
2.0078125,953.2582397460938
2.0234375,953.3045654296875
2.0390625,953.2997436523438
2.0546875,953.3029174804688
2.0703125,953.3063354492188
2.0859375,953.2615966796875
2.1015625,953.3068237304688
2.1171875,953.31396484375
2.1328125,953.3370971679688
2.1484375,953.3352661132812
2.1640625,953.295654296875
2.1796875,953.3773803710938
2.1953125,953.4177856445312
2.2109375,953.3560180664062
2.2265625,953.3458862304688
2.2421875,953.4037475585938
2.2578125,953.3362426757812
2.2734375,953.3075561523438
2.2890625,953.3451538085938
2.3046875,953.364013671875
2.3203125,953.3551635742188
2.3359375,953.299560546875
2.3515625,953.4074096679688
2.3671875,953.3998413085938
2.3828125,953.34716796875
2.3984375,953.42919921875
2.4140625,953.34716796875
2.4296875,953.34326171875
2.4453125,953.3591918945312
2.4609375,953.350341796875
2.4765625,953.4260864257812
2.4921875,953.3995361328125
2.5078125,953.4164428710938
2.5234375,953.3203735351562
2.5390625,953.3997192382812
2.5546875,953.377685546875
2.5703125,953.3419189453125
2.5859375,953.3103637695312
2.6015625,953.3243408203125
2.6171875,953.3465576171875
2.6328125,953.3533325195312
2.6484375,953.3510131835938
2.6640625,953.3775634765625
2.6796875,953.4024047851562
2.6953125,953.379638671875
2.7109375,953.3720703125
2.7265625,953.282958984375
2.7421875,953.2379760742188
2.7578125,953.2325439453125
2.7734375,953.2109375
2.7890625,953.1983642578125
2.8046875,953.1869506835938
2.8203125,953.1858520507812
2.8359375,953.18310546875
2.8515625,953.2021484375
2.8671875,953.1881713867188
2.8828125,953.1827392578125
2.8984375,953.1956176757812
2.9140625,953.173583984375
2.9296875,953.1739501953125
2.9453125,953.1786499023438
2.9609375,953.1810913085938
2.9765625,953.1792602539062
2.9921875,953.1654663085938
3.0078125,953.1818237304688
3.0234375,953.1582641601562
3.0390625,953.1815185546875
3.0546875,953.1571044921875
3.0703125,953.1491088867188
3.0859375,953.1762084960938
3.1015625,953.1784057617188
3.1171875,953.1565551757812
3.1328125,953.1607666015625
3.1484375,953.1567993164062
3.1640625,953.1697387695312
3.1796875,953.1585083007812
3.1953125,953.1641845703125
3.2109375,953.1813354492188
3.2265625,953.15625
3.2421875,953.1532592773438
3.2578125,953.1565551757812
3.2734375,953.1567993164062
3.2890625,953.1575317382812
3.3046875,953.1637573242188
3.3203125,953.1749267578125
3.3359375,953.2113647460938
3.3515625,953.2466430664062
3.3671875,953.2972412109375
3.3828125,953.2393798828125
3.3984375,953.2503051757812
3.4140625,953.2609252929688
3.4296875,953.2547607421875
3.4453125,953.2888793945312
3.4609375,953.2423706054688
3.4765625,953.2734375
3.4921875,953.2529296875
3.5078125,953.2568359375
3.5234375,953.2723388671875
3.5390625,953.2689819335938
3.5546875,953.2366333007812
3.5703125,953.2249145507812
3.5859375,953.2389526367188
3.6015625,953.2243041992188
3.6171875,953.2173461914062
3.6328125,953.243408203125
3.6484375,953.239013671875
3.6640625,953.2581787109375
3.6796875,953.2379760742188
3.6953125,953.2297973632812
3.7109375,953.2311401367188
3.7265625,953.2236328125
3.7421875,953.2363891601562
3.7578125,953.23046875
3.7734375,953.2267456054688
3.7890625,953.2294921875
3.8046875,953.2285766601562
3.8203125,953.2125854492188
3.8359375,953.2363891601562
3.8515625,953.2406005859375
3.8671875,953.2020263671875
3.8828125,953.2190551757812
3.8984375,953.23193359375
3.9140625,953.267578125
3.9296875,953.22216796875
3.9453125,953.22021484375
3.9609375,953.2280883789062
3.9765625,953.2355346679688
3.9921875,953.2505493164062
4.0078125,953.2738647460938
4.0234375,953.241943359375
4.0390625,953.2755737304688
4.0546875,953.2428588867188
4.0703125,953.2278442382812
4.0859375,953.2154541015625
4.1015625,953.2216796875
4.1171875,953.2394409179688
4.1328125,953.239990234375
4.1484375,953.2451171875
4.1640625,953.2622680664062
4.1796875,953.2381591796875
4.1953125,953.191162109375
4.2109375,953.2052612304688
4.2265625,953.2135620117188
4.2421875,953.1956787109375
4.2578125,953.1948852539062
4.2734375,953.20068359375
4.2890625,953.1769409179688
4.3046875,953.1719970703125
4.3203125,953.197021484375
4.3359375,953.1715698242188
4.3515625,953.1857299804688
4.3671875,953.1710205078125
4.3828125,953.1871948242188
4.3984375,953.1689453125
4.4140625,953.1471557617188
4.4296875,953.1781616210938
4.4453125,953.1898193359375
4.4609375,953.1603393554688
4.4765625,953.1607055664062
4.4921875,953.1506958007812
4.5078125,953.145751953125
4.5234375,953.17529296875
4.5390625,953.1715698242188
4.5546875,953.1798095703125
4.5703125,953.1783447265625
4.5859375,953.1506958007812
4.6015625,953.1409912109375
4.6171875,953.1538696289062
4.6328125,953.1727294921875
4.6484375,953.1724853515625
4.6640625,953.1439819335938
4.6796875,953.1499633789062
4.6953125,953.1597290039062
4.7109375,953.173828125
4.7265625,953.1731567382812
4.7421875,953.1502685546875
4.7578125,953.1489868164062
4.7734375,953.1368408203125
4.7890625,953.1740112304688
4.8046875,953.1732788085938
4.8203125,953.1538696289062
4.8359375,953.1657104492188
4.8515625,953.1700439453125
4.8671875,953.1519165039062
4.8828125,953.1586303710938
4.8984375,953.1752319335938
4.9140625,953.1931762695312
4.9296875,953.1734008789062
4.9453125,953.1688232421875
4.9609375,953.1934204101562
4.9765625,953.1830444335938
4.9921875,953.1953735351562
5.0078125,953.2196044921875
5.0234375,953.2146606445312
5.0390625,953.2188720703125
5.0546875,953.260986328125
5.0703125,953.2360229492188
5.0859375,953.2637939453125
5.1015625,953.2005004882812
5.1171875,953.2601318359375
5.1328125,953.2708129882812
5.1484375,953.2403564453125
5.1640625,953.2928466796875
5.1796875,953.248046875
5.1953125,953.2534790039062
5.2109375,953.2274780273438
5.2265625,953.2188720703125
5.2421875,953.2431030273438
5.2578125,953.251220703125
5.2734375,953.2274780273438
5.2890625,953.292236328125
5.3046875,953.2529296875
5.3203125,953.3087768554688
5.3359375,953.2835693359375
5.3515625,953.2274780273438
5.3671875,953.2759399414062
5.3828125,953.2439575195312
5.3984375,953.2787475585938
5.4140625,953.2500610351562
5.4296875,953.3033447265625
5.4453125,953.2481079101562
5.4609375,953.2935180664062
5.4765625,953.2639770507812
5.4921875,953.2788696289062
5.5078125,953.2928466796875
5.5234375,953.294677734375
5.5390625,953.344970703125
5.5546875,953.2626342773438
5.5703125,953.2062377929688
5.5859375,953.2115478515625
5.6015625,953.1964721679688
5.6171875,953.2025756835938
5.6328125,953.21044921875
5.6484375,953.194091796875
5.6640625,953.1973266601562
5.6796875,953.2094116210938
5.6953125,953.2030029296875
5.7109375,953.1976318359375
5.7265625,953.197021484375
5.7421875,953.1967163085938
5.7578125,953.2010498046875
5.7734375,953.1777954101562
5.7890625,953.1828002929688
5.8046875,953.1996459960938
5.8203125,953.1756591796875
5.8359375,953.1754760742188
5.8515625,953.169921875
5.8671875,953.1746826171875
5.8828125,953.1851196289062
5.8984375,953.1727294921875
5.9140625,953.1761474609375
5.9296875,953.161376953125
5.9453125,953.1672973632812
5.9609375,953.1727294921875
5.9765625,953.1778564453125
5.9921875,953.1727905273438
6.0078125,953.1886596679688
6.0234375,953.1700439453125
6.0390625,953.1640625
6.0546875,953.1713256835938
6.0703125,953.1649169921875
6.0859375,953.1707763671875
6.1015625,953.1671142578125
6.1171875,953.1704711914062
6.1328125,953.1704711914062
6.1484375,953.1714477539062
6.1640625,953.1678466796875
6.1796875,953.1685180664062
6.1953125,953.1572265625
6.2109375,953.168701171875
6.2265625,953.1554565429688
6.2421875,953.1567993164062
6.2578125,953.1688842773438
6.2734375,953.16943359375
6.2890625,953.1463623046875
6.3046875,953.163330078125
6.3203125,953.1530151367188
6.3359375,953.1731567382812
6.3515625,953.140625
6.3671875,953.1898803710938
6.3828125,953.2179565429688
6.3984375,953.220458984375
6.4140625,953.2092895507812
6.4296875,953.1946411132812
6.4453125,953.2031860351562
6.4609375,953.1909790039062
6.4765625,953.227294921875
6.4921875,953.3001098632812
6.5078125,953.2510986328125
6.5234375,953.3148193359375
6.5390625,953.298828125
6.5546875,953.2333984375
6.5703125,953.314208984375
6.5859375,953.2869873046875
6.6015625,953.3119506835938
6.6171875,953.2783203125
6.6328125,953.2752685546875
6.6484375,953.2692260742188
6.6640625,953.2568359375
6.6796875,953.2989501953125
6.6953125,953.24560546875
6.7109375,953.2709350585938
6.7265625,953.277099609375
6.7421875,953.3488159179688
6.7578125,953.3243408203125
6.7734375,953.2808227539062
6.7890625,953.2818603515625
6.8046875,953.2562866210938
6.8203125,953.26513671875
6.8359375,953.2716674804688
6.8515625,953.2705078125
6.8671875,953.2882080078125
6.8828125,953.2695922851562
6.8984375,953.2780151367188
6.9140625,953.3084716796875
6.9296875,953.2969360351562
6.9453125,953.282470703125
6.9609375,953.2518310546875
6.9765625,953.28515625
6.9921875,953.2161254882812
7.0078125,953.2251586914062
7.0234375,953.2158203125
7.0390625,953.24609375
7.0546875,953.2399291992188
7.0703125,953.197021484375
7.0859375,953.21484375
7.1015625,953.21826171875
7.1171875,953.2017211914062
7.1328125,953.2099609375
7.1484375,953.1992797851562
7.1640625,953.1965942382812
7.1796875,953.1903686523438
7.1953125,953.1881713867188
7.2109375,953.18505859375
7.2265625,953.1973876953125
7.2421875,953.1844482421875
7.2578125,953.1859741210938
7.2734375,953.1771850585938
7.2890625,953.18505859375
7.3046875,953.1665649414062
7.3203125,953.1775512695312
7.3359375,953.1644897460938
7.3515625,953.1770629882812
7.3671875,953.1862182617188
7.3828125,953.1832885742188
7.3984375,953.1671142578125
7.4140625,953.1820068359375
7.4296875,953.1821899414062
7.4453125,953.177001953125
7.4609375,953.1641235351562
7.4765625,953.1686401367188
7.4921875,953.177490234375
7.5078125,953.1778564453125
7.5234375,953.1665649414062
7.5390625,953.192138671875
7.5546875,953.1607055664062
7.5703125,953.1790161132812
7.5859375,953.1666259765625
7.6015625,953.1724243164062
7.6171875,953.173828125
7.6328125,953.1784057617188
7.6484375,953.182861328125
7.6640625,953.2211303710938
7.6796875,953.21875
7.6953125,953.2575073242188
7.7109375,953.2196655273438
7.7265625,953.2479248046875
7.7421875,953.2285766601562
7.7578125,953.2422485351562
7.7734375,953.2150268554688
7.7890625,953.2481079101562
7.8046875,953.1935424804688
7.8203125,953.2643432617188
7.8359375,953.2905883789062
7.8515625,953.2775268554688
7.8671875,953.225830078125
7.8828125,953.2514038085938
7.8984375,953.2592163085938
7.9140625,953.2752685546875
7.9296875,953.2680053710938
7.9453125,953.2628173828125
7.9609375,953.2781982421875
7.9765625,953.2796020507812
7.9921875,953.2992553710938
8.0078125,953.2987060546875
8.0234375,953.2901611328125
8.0390625,953.2890625
8.0546875,953.287841796875
8.0703125,953.3058471679688
8.0859375,953.2355346679688
8.1015625,953.2545166015625
8.1171875,953.2551879882812
8.1328125,953.317626953125
8.1484375,953.2997436523438
8.1640625,953.3309326171875
8.1796875,953.3624877929688
8.1953125,953.3421020507812
8.2109375,953.3331298828125
8.2265625,953.2887573242188
8.2421875,953.2785034179688
8.2578125,953.3109741210938
8.2734375,953.2662963867188
8.2890625,953.3805541992188
8.3046875,953.256591796875
8.3203125,953.3159790039062
8.3359375,953.29638671875
8.3515625,953.3197631835938
8.3671875,953.2122192382812
8.3828125,953.2080078125
8.3984375,953.1836547851562
8.4140625,953.2111206054688
8.4296875,953.1831665039062
8.4453125,953.1840209960938
8.4609375,953.162841796875
8.4765625,953.1754760742188
8.4921875,953.1778564453125
8.5078125,953.1767578125
8.5234375,953.1756591796875
8.5390625,953.1755981445312
8.5546875,953.163330078125
8.5703125,953.1585083007812
8.5859375,953.1705322265625
8.6015625,953.1806640625
8.6171875,953.1824951171875
8.6328125,953.1769409179688
8.6484375,953.1813354492188
8.6640625,953.1664428710938
8.6796875,953.1681518554688
8.6953125,953.1802368164062
8.7109375,953.16015625
8.7265625,953.1429443359375
8.7421875,953.1890258789062
8.7578125,953.1569213867188
8.7734375,953.1652221679688
8.7890625,953.12841796875
8.8046875,953.160888671875
8.8203125,953.1577758789062
8.8359375,953.166748046875
8.8515625,953.1640625
8.8671875,953.1587524414062
8.8828125,953.1547241210938
8.8984375,953.1649780273438
8.9140625,953.134765625
8.9296875,953.1448364257812
8.9453125,953.138671875
8.9609375,953.1321411132812
8.9765625,953.162109375
8.9921875,953.16796875
9.0078125,953.2111206054688
9.0234375,953.2171630859375
9.0390625,953.244873046875
9.0546875,953.3012084960938
9.0703125,953.2575073242188
9.0859375,953.2614135742188
9.1015625,953.2684936523438
9.1171875,953.2387084960938
9.1328125,953.2740478515625
9.1484375,953.224365234375
9.1640625,953.2975463867188
9.1796875,953.2841796875
9.1953125,953.2503662109375
9.2109375,953.2665405273438
9.2265625,953.2492065429688
9.2421875,953.3290405273438
9.2578125,953.2816772460938
9.2734375,953.2252807617188
9.2890625,953.2796020507812
9.3046875,953.2701416015625
9.3203125,953.2772216796875
9.3359375,953.285888671875
9.3515625,953.3005981445312
9.3671875,953.2478637695312
9.3828125,953.2725830078125
9.3984375,953.2947998046875
9.4140625,953.2782592773438
9.4296875,953.2786254882812
9.4453125,953.3013916015625
9.4609375,953.2958374023438
9.4765625,953.2754516601562
9.4921875,953.2470092773438
9.5078125,953.2891235351562
9.5234375,953.2730102539062
9.5390625,953.2618408203125
9.5546875,953.2979736328125
9.5703125,953.2404174804688
9.5859375,953.2876586914062
9.6015625,953.2854614257812
9.6171875,953.313232421875
9.6328125,953.2576904296875
9.6484375,953.2694091796875
9.6640625,953.2711791992188
9.6796875,953.2928466796875
9.6953125,953.2696533203125
9.7109375,953.2763671875
9.7265625,953.26904296875
9.7421875,953.2454223632812
9.7578125,953.2498168945312
9.7734375,953.207763671875
9.7890625,953.2020263671875
9.8046875,953.1976928710938
9.8203125,953.2127075195312
9.8359375,953.1857299804688
9.8515625,953.1998291015625
9.8671875,953.1959838867188
9.8828125,953.192626953125
9.8984375,953.1875
9.9140625,953.2040405273438
9.9296875,953.1837158203125
9.9453125,953.1864013671875
9.9609375,953.1790161132812
9.9765625,953.1788330078125
9.9921875,953.1739501953125
10.0078125,953.172607421875
10.0234375,953.1697998046875
10.0390625,953.1607055664062
10.0546875,953.1707763671875
10.0703125,953.1856079101562
10.0859375,953.1730346679688
10.1015625,953.1767578125
10.1171875,953.1604614257812
10.1328125,953.159912109375
10.1484375,953.1560668945312
10.1640625,953.1630859375
10.1796875,953.1717529296875
10.1953125,953.159912109375
10.2109375,953.1769409179688
10.2265625,953.1774291992188
10.2421875,953.16357421875
10.2578125,953.1724243164062
10.2734375,953.167724609375
10.2890625,953.1612548828125
10.3046875,953.146240234375
10.3203125,953.1732788085938
10.3359375,953.1559448242188
10.3515625,953.1715698242188
10.3671875,953.1780395507812
10.3828125,953.1851196289062
10.3984375,953.1859741210938
10.4140625,953.194580078125
10.4296875,953.2339477539062
10.4453125,953.2374267578125
10.4609375,953.2252197265625
10.4765625,953.2446899414062
10.4921875,953.2532348632812
10.5078125,953.2276611328125
10.5234375,953.2957763671875
10.5390625,953.2726440429688
10.5546875,953.2756958007812
10.5703125,953.2887573242188
10.5859375,953.3379516601562
10.6015625,953.2822265625
10.6171875,953.3125610351562
10.6328125,953.31005859375
10.6484375,953.264404296875
10.6640625,953.2918701171875
10.6796875,953.3131103515625
10.6953125,953.3147583007812
10.7109375,953.2841186523438
10.7265625,953.3091430664062
10.7421875,953.3192749023438
10.7578125,953.3381958007812
10.7734375,953.2807006835938
10.7890625,953.2848510742188
10.8046875,953.3194580078125
10.8203125,953.2966918945312
10.8359375,953.297607421875
10.8515625,953.3121948242188
10.8671875,953.229736328125
10.8828125,953.246826171875
10.8984375,953.270751953125
10.9140625,953.2739868164062
10.9296875,953.2708129882812
10.9453125,953.283935546875
10.9609375,953.267333984375
10.9765625,953.29443359375
10.9921875,953.2725830078125
11.0078125,953.3051147460938
11.0234375,953.3013305664062
11.0390625,953.2685546875
11.0546875,953.2713012695312
11.0703125,953.3432006835938
11.0859375,953.3197631835938
11.1015625,953.2680053710938
11.1171875,953.2257690429688
11.1328125,953.205810546875
11.1484375,953.1936645507812
11.1640625,953.1912231445312
11.1796875,953.21240234375
11.1953125,953.1860961914062
11.2109375,953.1856689453125
11.2265625,953.185302734375
11.2421875,953.1934814453125
11.2578125,953.1820678710938
11.2734375,953.18115234375
11.2890625,953.17578125
11.3046875,953.1798095703125
11.3203125,953.1708984375
11.3359375,953.1731567382812
11.3515625,953.185302734375
11.3671875,953.18310546875
11.3828125,953.183349609375
11.3984375,953.1901245117188
11.4140625,953.1691284179688
11.4296875,953.1680908203125
11.4453125,953.1744384765625
11.4609375,953.169189453125
11.4765625,953.1678466796875
11.4921875,953.1668701171875
11.5078125,953.175537109375
11.5234375,953.1713256835938
11.5390625,953.1691284179688
11.5546875,953.1700439453125
11.5703125,953.1619873046875
11.5859375,953.158935546875
11.6015625,953.1512451171875
11.6171875,953.18310546875
11.6328125,953.167724609375
11.6484375,953.162109375
11.6640625,953.1771850585938
11.6796875,953.1515502929688
11.6953125,953.1522216796875
11.7109375,953.1647338867188
11.7265625,953.1755981445312
11.7421875,953.175537109375
11.7578125,953.2523193359375
11.7734375,953.26318359375
11.7890625,953.2622680664062
11.8046875,953.2914428710938
11.8203125,953.2766723632812
11.8359375,953.312255859375
11.8515625,953.2687377929688
11.8671875,953.2194213867188
11.8828125,953.30419921875
11.8984375,953.3187866210938
11.9140625,953.296630859375
11.9296875,953.2808227539062
11.9453125,953.2850341796875
11.9609375,953.2384643554688
11.9765625,953.315185546875
11.9921875,953.2498779296875
12.0078125,953.2739868164062
12.0234375,953.3077392578125
12.0390625,953.2440185546875
12.0546875,953.2587280273438
12.0703125,953.2474975585938
12.0859375,953.2109375
12.1015625,953.3251342773438
12.1171875,953.2743530273438
12.1328125,953.2850341796875
12.1484375,953.331298828125
12.1640625,953.2704467773438
12.1796875,953.166748046875
12.1953125,953.284423828125
12.2109375,953.25537109375
12.2265625,953.2640380859375
12.2421875,953.26904296875
12.2578125,953.2426147460938
12.2734375,953.2462158203125
12.2890625,953.2040405273438
12.3046875,953.2886352539062
12.3203125,953.2533569335938
12.3359375,953.3150634765625
12.3515625,953.2911987304688
12.3671875,953.3438110351562
12.3828125,953.2787475585938
12.3984375,953.325927734375
12.4140625,953.3326416015625
12.4296875,953.3637084960938
12.4453125,953.2598266601562
12.4609375,953.2357788085938
12.4765625,953.2109985351562
12.4921875,953.2070922851562
12.5078125,953.192626953125
12.5234375,953.1806640625
12.5390625,953.1937866210938
12.5546875,953.2008666992188
12.5703125,953.1806640625
12.5859375,953.1917724609375
12.6015625,953.2000732421875
12.6171875,953.1893310546875
12.6328125,953.19140625
12.6484375,953.1782836914062
12.6640625,953.1744995117188
12.6796875,953.180908203125
12.6953125,953.1923828125
12.7109375,953.1788940429688
12.7265625,953.167236328125
12.7421875,953.1688232421875
12.7578125,953.1769409179688
12.7734375,953.1719360351562
12.7890625,953.1675415039062
12.8046875,953.1692504882812
12.8203125,953.1747436523438
12.8359375,953.1638793945312
12.8515625,953.1690673828125
12.8671875,953.1652221679688
12.8828125,953.1505737304688
12.8984375,953.1675415039062
12.9140625,953.1720581054688
12.9296875,953.1732788085938
12.9453125,953.1651611328125
12.9609375,953.1678466796875
12.9765625,953.1505737304688
12.9921875,953.1608276367188
13.0078125,953.1836547851562
13.0234375,953.1678466796875
13.0390625,953.1781616210938
13.0546875,953.18701171875
13.0703125,953.1739501953125
13.0859375,953.1566162109375
13.1015625,953.202880859375
13.1171875,953.2140502929688
13.1328125,953.2265625
13.1484375,953.216552734375
13.1640625,953.2413940429688
13.1796875,953.2481079101562
13.1953125,953.2426147460938
13.2109375,953.267333984375
13.2265625,953.2337036132812
13.2421875,953.2608642578125
13.2578125,953.2337036132812
13.2734375,953.2401123046875
13.2890625,953.2784423828125
13.3046875,953.2654418945312
13.3203125,953.2697143554688
13.3359375,953.2374877929688
13.3515625,953.2420043945312
13.3671875,953.2554321289062
13.3828125,953.2424926757812
13.3984375,953.2621459960938
13.4140625,953.2650756835938
13.4296875,953.2685546875
13.4453125,953.2506713867188
13.4609375,953.2560424804688
13.4765625,953.26953125
13.4921875,953.2826538085938
13.5078125,953.2622680664062
13.5234375,953.31396484375
13.5390625,953.2374267578125
13.5546875,953.2700805664062
13.5703125,953.30615234375
13.5859375,953.275146484375
13.6015625,953.2980346679688
13.6171875,953.2731323242188
13.6328125,953.2656860351562
13.6484375,953.2960205078125
13.6640625,953.281982421875
13.6796875,953.3193359375
13.6953125,953.3193359375
13.7109375,953.2977294921875
13.7265625,953.3131713867188
13.7421875,953.2852172851562
13.7578125,953.3038330078125
13.7734375,953.3139038085938
13.7890625,953.3145751953125
13.8046875,953.2699584960938
13.8203125,953.2489013671875
13.8359375,953.24951171875
13.8515625,953.264404296875
13.8671875,953.2162475585938
13.8828125,953.2052001953125
13.8984375,953.2166137695312
13.9140625,953.192626953125
13.9296875,953.2091064453125
13.9453125,953.2160034179688
13.9609375,953.1883544921875
13.9765625,953.1939086914062
13.9921875,953.2070922851562
14.0078125,953.1961669921875
14.0234375,953.203857421875
14.0390625,953.1956787109375
14.0546875,953.2028198242188
14.0703125,953.1849975585938
14.0859375,953.1895141601562
14.1015625,953.1827392578125
14.1171875,953.1785888671875
14.1328125,953.1873168945312
14.1484375,953.1824951171875
14.1640625,953.1657104492188
14.1796875,953.1708374023438
14.1953125,953.1791381835938
14.2109375,953.156982421875
14.2265625,953.1688232421875
14.2421875,953.1688232421875
14.2578125,953.16796875
14.2734375,953.16357421875
14.2890625,953.1708374023438
14.3046875,953.1663818359375
14.3203125,953.1680297851562
14.3359375,953.157470703125
14.3515625,953.158935546875
14.3671875,953.1575317382812
14.3828125,953.1740112304688
14.3984375,953.1552124023438
14.4140625,953.158935546875
14.4296875,953.1593017578125
14.4453125,953.161376953125
14.4609375,953.1685791015625
14.4765625,953.2152099609375
14.4921875,953.227783203125
14.5078125,953.2313842773438
14.5234375,953.2595825195312
14.5390625,953.313232421875
14.5546875,953.2465209960938
14.5703125,953.3133544921875
14.5859375,953.3056640625
14.6015625,953.32958984375
14.6171875,953.3162231445312
14.6328125,953.287841796875
14.6484375,953.2918701171875
14.6640625,953.2649536132812
14.6796875,953.1885986328125
14.6953125,953.2289428710938
14.7109375,953.2445068359375
14.7265625,953.1978759765625
14.7421875,953.211669921875
14.7578125,953.2208251953125
14.7734375,953.2235717773438
14.7890625,953.2692260742188
14.8046875,953.210693359375
14.8203125,953.1942138671875
14.8359375,953.1878662109375
14.8515625,953.21240234375
14.8671875,953.1898193359375
14.8828125,953.2056274414062
14.8984375,953.226318359375
14.9140625,953.262939453125
14.9296875,953.3604736328125
14.9453125,953.259521484375
14.9609375,953.280029296875
14.9765625,953.3018798828125
14.9921875,953.308349609375
15.0078125,953.2826538085938
15.0234375,953.2637939453125
15.0390625,953.3187866210938
15.0546875,953.350830078125
15.0703125,953.3377685546875
15.0859375,953.3106079101562
15.1015625,953.2272338867188
15.1171875,953.2141723632812
15.1328125,953.34912109375
15.1484375,953.2807006835938
15.1640625,953.2603149414062
15.1796875,953.2361450195312
15.1953125,953.2056274414062
15.2109375,953.2084350585938
15.2265625,953.2056884765625
15.2421875,953.2098999023438
15.2578125,953.2094116210938
15.2734375,953.1876220703125
15.2890625,953.1953125
15.3046875,953.2017211914062
15.3203125,953.1860961914062
15.3359375,953.19482421875
15.3515625,953.1859741210938
15.3671875,953.1879272460938
15.3828125,953.1922607421875
15.3984375,953.182861328125
15.4140625,953.185302734375
15.4296875,953.1744384765625
15.4453125,953.1930541992188
15.4609375,953.1867065429688
15.4765625,953.1867065429688
15.4921875,953.1945190429688
15.5078125,953.1749877929688
15.5234375,953.1738891601562
15.5390625,953.1686401367188
15.5546875,953.1583251953125
15.5703125,953.1817016601562
15.5859375,953.1893310546875
15.6015625,953.1661376953125
15.6171875,953.1731567382812
15.6328125,953.189453125
15.6484375,953.1611328125
15.6640625,953.1583251953125
15.6796875,953.1661376953125
15.6953125,953.1651611328125
15.7109375,953.1574096679688
15.7265625,953.1729736328125
15.7421875,953.166748046875
15.7578125,953.1759643554688
15.7734375,953.203857421875
15.7890625,953.1911010742188
15.8046875,953.2303466796875
15.8203125,953.2706909179688
15.8359375,953.2567749023438
15.8515625,953.240234375
15.8671875,953.2902221679688
15.8828125,953.3148193359375
15.8984375,953.33544921875
15.9140625,953.3179321289062
15.9296875,953.2647705078125
15.9453125,953.3390502929688
15.9609375,953.3011474609375
15.9765625,953.3012084960938
15.9921875,953.263427734375
16.0078125,953.3406982421875
16.0234375,953.2617797851562
16.0390625,953.2344970703125
16.0546875,953.2765502929688
16.0703125,953.260498046875
16.0859375,953.2892456054688
16.1015625,953.267333984375
16.1171875,953.279052734375
16.1328125,953.2823486328125
16.1484375,953.2405395507812
16.1640625,953.2446899414062
16.1796875,953.2935791015625
16.1953125,953.2581787109375
16.2109375,953.2559204101562
16.2265625,953.2721557617188
16.2421875,953.2445678710938
16.2578125,953.2882080078125
16.2734375,953.2928466796875
16.2890625,953.24755859375
16.3046875,953.25
16.3203125,953.2403564453125
16.3359375,953.308349609375
16.3515625,953.2395629882812
16.3671875,953.2341918945312
16.3828125,953.2462158203125
16.3984375,953.3012084960938
16.4140625,953.3482055664062
16.4296875,953.2803955078125
16.4453125,953.3538208007812
16.4609375,953.3585815429688
16.4765625,953.2655029296875
16.4921875,953.266357421875
16.5078125,953.2679443359375
16.5234375,953.2120971679688
16.5390625,953.198974609375
16.5546875,953.2047729492188
16.5703125,953.2151489257812
16.5859375,953.1942138671875
16.6015625,953.1832885742188
16.6171875,953.2056884765625
16.6328125,953.1879272460938
16.6484375,953.1779174804688
16.6640625,953.1990966796875
16.6796875,953.1803588867188
16.6953125,953.1858520507812
16.7109375,953.1720581054688
16.7265625,953.1845092773438
16.7421875,953.1922607421875
16.7578125,953.1871948242188
16.7734375,953.1831665039062
16.7890625,953.1962280273438
16.8046875,953.1744384765625
16.8203125,953.1858520507812
16.8359375,953.188232421875
16.8515625,953.1770629882812
16.8671875,953.1798095703125
16.8828125,953.1788940429688
16.8984375,953.1710205078125
16.9140625,953.1779174804688
16.9296875,953.174560546875
16.9453125,953.1651611328125
16.9609375,953.170654296875
16.9765625,953.1773071289062
16.9921875,953.18115234375
17.0078125,953.1672973632812
17.0234375,953.1694946289062
17.0390625,953.164794921875
17.0546875,953.1668701171875
17.0703125,953.1607666015625
17.0859375,953.1574096679688
17.1015625,953.1683959960938
17.1171875,953.1734008789062
17.1328125,953.1813354492188
17.1484375,953.2222290039062
17.1640625,953.2395629882812
17.1796875,953.2572631835938
17.1953125,953.2946166992188
17.2109375,953.2539672851562
17.2265625,953.2603759765625
17.2421875,953.2935180664062
17.2578125,953.3024291992188
17.2734375,953.265380859375
17.2890625,953.264892578125
17.3046875,953.3402099609375
17.3203125,953.3175659179688
17.3359375,953.245849609375
17.3515625,953.2327270507812
17.3671875,953.3274536132812
17.3828125,953.2444458007812
17.3984375,953.2697143554688
17.4140625,953.3017578125
17.4296875,953.3161010742188
17.4453125,953.2801513671875
17.4609375,953.3173828125
17.4765625,953.2596435546875
17.4921875,953.2445068359375
17.5078125,953.3161010742188
17.5234375,953.2788696289062
17.5390625,953.2985229492188
17.5546875,953.339111328125
17.5703125,953.2801513671875
17.5859375,953.2901611328125
17.6015625,953.2915649414062
17.6171875,953.3095092773438
17.6328125,953.2658081054688
17.6484375,953.27099609375
17.6640625,953.2941284179688
17.6796875,953.2879638671875
17.6953125,953.2754516601562
17.7109375,953.274169921875
17.7265625,953.2869873046875
17.7421875,953.2490234375
17.7578125,953.2642822265625
17.7734375,953.2525024414062
17.7890625,953.2741088867188
17.8046875,953.3045043945312
17.8203125,953.29638671875
17.8359375,953.3550415039062
17.8515625,953.317138671875
17.8671875,953.2687377929688
17.8828125,953.2531127929688
17.8984375,953.2710571289062
17.9140625,953.225341796875
17.9296875,953.2264404296875
17.9453125,953.2291870117188
17.9609375,953.2258911132812
17.9765625,953.206298828125
17.9921875,953.20654296875
18.0078125,953.2137451171875
18.0234375,953.1971435546875
18.0390625,953.20068359375
18.0546875,953.2092895507812
18.0703125,953.2080078125
18.0859375,953.2022705078125
18.1015625,953.2073364257812
18.1171875,953.1987915039062
18.1328125,953.18310546875
18.1484375,953.1961669921875
18.1640625,953.2037353515625
18.1796875,953.1787109375
18.1953125,953.1967163085938
18.2109375,953.1973266601562
18.2265625,953.1737060546875
18.2421875,953.2010498046875
18.2578125,953.188232421875
18.2734375,953.1781616210938
18.2890625,953.1906127929688
18.3046875,953.1871948242188
18.3203125,953.1685180664062
18.3359375,953.1853637695312
18.3515625,953.1876831054688
18.3671875,953.1930541992188
18.3828125,953.181396484375
18.3984375,953.1875610351562
18.4140625,953.1851196289062
18.4296875,953.1674194335938
18.4453125,953.1929321289062
18.4609375,953.1746826171875
18.4765625,953.1699829101562
18.4921875,953.1603393554688
18.5078125,953.15966796875
18.5234375,953.1762084960938
18.5390625,953.1903076171875
18.5546875,953.1997680664062
18.5703125,953.21875
18.5859375,953.2113647460938
18.6015625,953.2512817382812
18.6171875,953.2648315429688
18.6328125,953.28076171875
18.6484375,953.2567749023438
18.6640625,953.262939453125
18.6796875,953.2520141601562
18.6953125,953.2874755859375
18.7109375,953.3013916015625
18.7265625,953.2598876953125
18.7421875,953.2742919921875
18.7578125,953.2958984375
18.7734375,953.3151245117188
18.7890625,953.294921875
18.8046875,953.2755737304688
18.8203125,953.3048095703125
18.8359375,953.2584228515625
18.8515625,953.317626953125
18.8671875,953.2926635742188
18.8828125,953.3087158203125
18.8984375,953.3235473632812
18.9140625,953.3434448242188
18.9296875,953.2991943359375
18.9453125,953.3023071289062
18.9609375,953.327392578125
18.9765625,953.3307495117188
18.9921875,953.322265625
19.0078125,953.276611328125
19.0234375,953.39013671875
19.0390625,953.353515625
19.0546875,953.3348999023438
19.0703125,953.3477783203125
19.0859375,953.3078002929688
19.1015625,953.2823486328125
19.1171875,953.3466796875
19.1328125,953.3611450195312
19.1484375,953.3134765625
19.1640625,953.2463989257812
19.1796875,953.250732421875
19.1953125,953.205078125
19.2109375,953.2247314453125
19.2265625,953.2163696289062
19.2421875,953.2055053710938
19.2578125,953.2052612304688
19.2734375,953.2037963867188
19.2890625,953.1998901367188
19.3046875,953.2007446289062
19.3203125,953.2172241210938
19.3359375,953.1954345703125
19.3515625,953.1845092773438
19.3671875,953.1957397460938
19.3828125,953.1895141601562
19.3984375,953.1845703125
19.4140625,953.1943359375
19.4296875,953.1901245117188
19.4453125,953.1878662109375
19.4609375,953.197998046875
19.4765625,953.1889038085938
19.4921875,953.1909790039062
19.5078125,953.1743774414062
19.5234375,953.1854248046875
19.5390625,953.1974487304688
19.5546875,953.1771850585938
19.5703125,953.17529296875
19.5859375,953.1829223632812
19.6015625,953.1697998046875
19.6171875,953.1683349609375
19.6328125,953.1661376953125
19.6484375,953.1704711914062
19.6640625,953.1820068359375
19.6796875,953.1661987304688
19.6953125,953.1649780273438
19.7109375,953.1686401367188
19.7265625,953.1608276367188
19.7421875,953.1814575195312
19.7578125,953.1677856445312
19.7734375,953.1551513671875
19.7890625,953.1864013671875
19.8046875,953.173828125
19.8203125,953.1884155273438
19.8359375,953.189453125
19.8515625,953.2269897460938
19.8671875,953.1844482421875
19.8828125,953.252685546875
19.8984375,953.275390625
19.9140625,953.3091430664062
19.9296875,953.3421020507812
19.9453125,953.3639526367188
19.9609375,953.380126953125
19.9765625,953.3575439453125
19.9921875,953.3173828125
20.0078125,953.351318359375
20.0234375,953.333740234375
20.0390625,953.2695922851562
20.0546875,953.3148803710938
20.0703125,953.3031616210938
20.0859375,953.317138671875
20.1015625,953.3251342773438
20.1171875,953.3173217773438
20.1328125,953.33349609375
20.1484375,953.2877197265625
20.1640625,953.3011474609375
20.1796875,953.3162841796875
20.1953125,953.3192138671875
20.2109375,953.3186645507812
20.2265625,953.2921142578125
20.2421875,953.3207397460938
20.2578125,953.3142700195312
20.2734375,953.3812255859375
20.2890625,953.276123046875
20.3046875,953.3145141601562
20.3203125,953.2766723632812
20.3359375,953.2841186523438
20.3515625,953.2755737304688
20.3671875,953.2857055664062
20.3828125,953.2542724609375
20.3984375,953.3276977539062
20.4140625,953.3095092773438
20.4296875,953.281982421875
20.4453125,953.3101196289062
20.4609375,953.2998046875
20.4765625,953.2575073242188
20.4921875,953.2369995117188
20.5078125,953.2174682617188
20.5234375,953.23779296875
20.5390625,953.2333984375
20.5546875,953.233642578125
20.5703125,953.2183227539062
20.5859375,953.2208251953125
20.6015625,953.2049560546875
20.6171875,953.2183227539062
20.6328125,953.2138061523438
20.6484375,953.192626953125
20.6640625,953.2205810546875
20.6796875,953.2036743164062
20.6953125,953.2039794921875
20.7109375,953.2073364257812
20.7265625,953.1973876953125
20.7421875,953.1978759765625
20.7578125,953.193115234375
20.7734375,953.1959838867188
20.7890625,953.183349609375
20.8046875,953.19677734375
20.8203125,953.203857421875
20.8359375,953.1914672851562
20.8515625,953.1866455078125
20.8671875,953.1895141601562
20.8828125,953.2044067382812
20.8984375,953.1920776367188
20.9140625,953.1802978515625
20.9296875,953.1705932617188
20.9453125,953.17578125
20.9609375,953.1791381835938
20.9765625,953.1898803710938
20.9921875,953.1851196289062
21.0078125,953.197998046875
21.0234375,953.1686401367188
21.0390625,953.1719360351562
21.0546875,953.178955078125
21.0703125,953.210205078125
21.0859375,953.2260131835938
21.1015625,953.2384643554688
21.1171875,953.2326049804688
21.1328125,953.2340698242188
21.1484375,953.2210693359375
21.1640625,953.2589111328125
21.1796875,953.1914672851562
21.1953125,953.1901245117188
21.2109375,953.1967163085938
21.2265625,953.1775512695312
21.2421875,953.1905517578125
21.2578125,953.1971435546875
21.2734375,953.1864624023438
21.2890625,953.177001953125
21.3046875,953.1967163085938
21.3203125,953.1830444335938
21.3359375,953.1891479492188
21.3515625,953.1632080078125
21.3671875,953.1743774414062
21.3828125,953.1797485351562
21.3984375,953.185546875
21.4140625,953.1837768554688
21.4296875,953.2076416015625
21.4453125,953.2267456054688
21.4609375,953.2296752929688
21.4765625,953.2314453125
21.4921875,953.2830810546875
21.5078125,953.3080444335938
21.5234375,953.2646484375
21.5390625,953.2915649414062
21.5546875,953.3421020507812
21.5703125,953.3193359375
21.5859375,953.3165283203125
21.6015625,953.3143310546875
21.6171875,953.346435546875
21.6328125,953.3055419921875
21.6484375,953.2764892578125
21.6640625,953.3003540039062
21.6796875,953.26318359375
21.6953125,953.3087768554688
21.7109375,953.3268432617188
21.7265625,953.3073120117188
21.7421875,953.2567749023438
21.7578125,953.2575073242188
21.7734375,953.3035888671875
21.7890625,953.3023071289062
21.8046875,953.2860717773438
21.8203125,953.2804565429688
21.8359375,953.2559204101562
21.8515625,953.2981567382812
21.8671875,953.2940673828125
21.8828125,953.2996826171875
21.8984375,953.3218383789062
21.9140625,953.2938842773438
21.9296875,953.2808227539062
21.9453125,953.275146484375
21.9609375,953.2815551757812
21.9765625,953.2670288085938
21.9921875,953.2816772460938
22.0078125,953.2584228515625
22.0234375,953.2695922851562
22.0390625,953.285888671875
22.0546875,953.2589721679688
22.0703125,953.28662109375
22.0859375,953.28662109375
22.1015625,953.2896728515625
22.1171875,953.2637329101562
22.1328125,953.231689453125
22.1484375,953.2378540039062
22.1640625,953.255615234375
22.1796875,953.2518310546875
22.1953125,953.2318725585938
22.2109375,953.2196044921875
22.2265625,953.2207641601562
22.2421875,953.2238159179688
22.2578125,953.2208251953125
22.2734375,953.2174682617188
22.2890625,953.2387084960938
22.3046875,953.23388671875
22.3203125,953.2233276367188
22.3359375,953.216552734375
22.3515625,953.208740234375
22.3671875,953.2135620117188
22.3828125,953.2182006835938
22.3984375,953.2183227539062
22.4140625,953.2098999023438
22.4296875,953.2015380859375
22.4453125,953.2203979492188
22.4609375,953.205078125
22.4765625,953.192626953125
22.4921875,953.2120971679688
22.5078125,953.2074584960938
22.5234375,953.2037353515625
22.5390625,953.194580078125
22.5546875,953.197265625
22.5703125,953.194091796875
22.5859375,953.1993408203125
22.6015625,953.1856689453125
22.6171875,953.1859741210938
22.6328125,953.1998901367188
22.6484375,953.1950073242188
22.6640625,953.197265625
22.6796875,953.1807861328125
22.6953125,953.1844482421875
22.7109375,953.174560546875
22.7265625,953.2060546875
22.7421875,953.1793823242188
22.7578125,953.1800537109375
22.7734375,953.1954345703125
22.7890625,953.201171875
22.8046875,953.2269897460938
22.8203125,953.1957397460938
22.8359375,953.2431030273438
22.8515625,953.2593383789062
22.8671875,953.2293701171875
22.8828125,953.2550659179688
22.8984375,953.2777099609375
22.9140625,953.2844848632812
22.9296875,953.2830200195312
22.9453125,953.2894897460938
22.9609375,953.2921752929688
22.9765625,953.295654296875
22.9921875,953.2924194335938
23.0078125,953.3295288085938
23.0234375,953.2679443359375
23.0390625,953.2915649414062
23.0546875,953.2646484375
23.0703125,953.286376953125
23.0859375,953.2960815429688
23.1015625,953.2799072265625
23.1171875,953.3070068359375
23.1328125,953.2731323242188
23.1484375,953.3162231445312
23.1640625,953.263671875
23.1796875,953.2822265625
23.1953125,953.2646484375
23.2109375,953.3111572265625
23.2265625,953.2850341796875
23.2421875,953.2778930664062
23.2578125,953.2964477539062
23.2734375,953.2837524414062
23.2890625,953.2772216796875
23.3046875,953.3057861328125
23.3203125,953.2987060546875
23.3359375,953.2642822265625
23.3515625,953.2559204101562
23.3671875,953.2723999023438
23.3828125,953.3040161132812
23.3984375,953.27490234375
23.4140625,953.2855834960938
23.4296875,953.2685546875
23.4453125,953.2880859375
23.4609375,953.2612915039062
23.4765625,953.2362060546875
23.4921875,953.2356567382812
23.5078125,953.2257690429688
23.5234375,953.2318725585938
23.5390625,953.2337036132812
23.5546875,953.2230224609375
23.5703125,953.2202758789062
23.5859375,953.2389526367188
23.6015625,953.2108154296875
23.6171875,953.2146606445312
23.6328125,953.2274169921875
23.6484375,953.2064819335938
23.6640625,953.208984375
23.6796875,953.2085571289062
23.6953125,953.2127075195312
23.7109375,953.2079467773438
23.7265625,953.190185546875
23.7421875,953.1979370117188
23.7578125,953.1915893554688
23.7734375,953.2056884765625
23.7890625,953.2001953125
23.8046875,953.1995849609375
23.8203125,953.185302734375
23.8359375,953.2039794921875
23.8515625,953.18505859375
23.8671875,953.1802978515625
23.8828125,953.189208984375
23.8984375,953.1802978515625
23.9140625,953.1857299804688
23.9296875,953.1801147460938
23.9453125,953.1908569335938
23.9609375,953.1817016601562
23.9765625,953.1795043945312
23.9921875,953.1808471679688
24.0078125,953.1708984375
24.0234375,953.1809692382812
24.0390625,953.1879272460938
24.0546875,953.1943359375
24.0703125,953.2291870117188
24.0859375,953.2802734375
24.1015625,953.2680053710938
24.1171875,953.292724609375
24.1328125,953.3046875
24.1484375,953.3125
24.1640625,953.3150634765625
24.1796875,953.26708984375
24.1953125,953.2630004882812
24.2109375,953.1889038085938
24.2265625,953.251953125
24.2421875,953.3055419921875
24.2578125,953.3141479492188
24.2734375,953.3695068359375
24.2890625,953.2799072265625
24.3046875,953.372802734375
24.3203125,953.2993774414062
24.3359375,953.3187866210938
24.3515625,953.3463745117188
24.3671875,953.3480834960938
24.3828125,953.326171875
24.3984375,953.2738647460938
24.4140625,953.30029296875
24.4296875,953.3311767578125
24.4453125,953.3572387695312
24.4609375,953.3084716796875
24.4765625,953.358154296875
24.4921875,953.3128662109375
24.5078125,953.3803100585938
24.5234375,953.3705444335938
24.5390625,953.316162109375
24.5546875,953.2957763671875
24.5703125,953.3268432617188
24.5859375,953.3304443359375
24.6015625,953.3080444335938
24.6171875,953.3516845703125
24.6328125,953.356689453125
24.6484375,953.357421875
24.6640625,953.31982421875
24.6796875,953.3104248046875
24.6953125,953.3680419921875
24.7109375,953.3056640625
24.7265625,953.3198852539062
24.7421875,953.3002319335938
24.7578125,953.262451171875
24.7734375,953.2326049804688
24.7890625,953.2404174804688
24.8046875,953.2301635742188
24.8203125,953.220458984375
24.8359375,953.2354736328125
24.8515625,953.1997680664062
24.8671875,953.2171630859375
24.8828125,953.2166748046875
24.8984375,953.2190551757812
24.9140625,953.2280883789062
24.9296875,953.208984375
24.9453125,953.206787109375
24.9609375,953.203857421875
24.9765625,953.2113647460938
24.9921875,953.2075805664062
25.0078125,953.2081298828125
25.0234375,953.2026977539062
25.0390625,953.205078125
25.0546875,953.1995849609375
25.0703125,953.2111206054688
25.0859375,953.1739501953125
25.1015625,953.185546875
25.1171875,953.1929321289062
25.1328125,953.1926879882812
25.1484375,953.1981201171875
25.1640625,953.1884155273438
25.1796875,953.1964111328125
25.1953125,953.180419921875
25.2109375,953.2001342773438
25.2265625,953.1898803710938
25.2421875,953.2003784179688
25.2578125,953.1856689453125
25.2734375,953.1992797851562
25.2890625,953.1967163085938
25.3046875,953.1755981445312
25.3203125,953.175537109375
25.3359375,953.1989135742188
25.3515625,953.1832885742188
25.3671875,953.1836547851562
25.3828125,953.1797485351562
25.3984375,953.1915893554688
25.4140625,953.20654296875
25.4296875,953.201171875
25.4453125,953.2090454101562
25.4609375,953.2329711914062
25.4765625,953.2453002929688
25.4921875,953.2542724609375
25.5078125,953.2727661132812
25.5234375,953.246826171875
25.5390625,953.255615234375
25.5546875,953.2782592773438
25.5703125,953.3295288085938
25.5859375,953.2990112304688
25.6015625,953.2866821289062
25.6171875,953.2785034179688
25.6328125,953.3065185546875
25.6484375,953.3270874023438
25.6640625,953.2741088867188
25.6796875,953.3153076171875
25.6953125,953.3162841796875
25.7109375,953.3070068359375
25.7265625,953.311767578125
25.7421875,953.3341064453125
25.7578125,953.2718505859375
25.7734375,953.3203735351562
25.7890625,953.3345947265625
25.8046875,953.3220825195312
25.8203125,953.3576049804688
25.8359375,953.3287353515625
25.8515625,953.3507690429688
25.8671875,953.2916259765625
25.8828125,953.3441772460938
25.8984375,953.3426513671875
25.9140625,953.3616333007812
25.9296875,953.3616943359375
25.9453125,953.38037109375
25.9609375,953.31787109375
25.9765625,953.3422241210938
25.9921875,953.359375
26.0078125,953.2969360351562
26.0234375,953.3052368164062
26.0390625,953.3167724609375
26.0546875,953.3446655273438
26.0703125,953.3103637695312
26.0859375,953.3499145507812
26.1015625,953.2962036132812
26.1171875,953.271484375
26.1328125,953.23046875
26.1484375,953.2252197265625
26.1640625,953.2355346679688
26.1796875,953.235595703125
26.1953125,953.2063598632812
26.2109375,953.2012939453125
26.2265625,953.2156982421875
26.2421875,953.2183227539062
26.2578125,953.2171020507812
26.2734375,953.2200317382812
26.2890625,953.206298828125
26.3046875,953.2015991210938
26.3203125,953.2077026367188
26.3359375,953.2171020507812
26.3515625,953.2079467773438
26.3671875,953.1845703125
26.3828125,953.2015380859375
26.3984375,953.1905517578125
26.4140625,953.193115234375
26.4296875,953.2046508789062
26.4453125,953.188232421875
26.4609375,953.1883544921875
26.4765625,953.1780395507812
26.4921875,953.1959228515625
26.5078125,953.1881713867188
26.5234375,953.1886596679688
26.5390625,953.1748046875
26.5546875,953.1727294921875
26.5703125,953.1865234375
26.5859375,953.1721801757812
26.6015625,953.1699829101562
26.6171875,953.1781616210938
26.6328125,953.1806640625
26.6484375,953.1859130859375
26.6640625,953.1783447265625
26.6796875,953.1746826171875
26.6953125,953.1823120117188
26.7109375,953.1658935546875
26.7265625,953.1729736328125
26.7421875,953.1942138671875
26.7578125,953.234375
26.7734375,953.2081298828125
26.7890625,953.2503051757812
26.8046875,953.2438354492188
26.8203125,953.2646484375
26.8359375,953.2702026367188
26.8515625,953.2921752929688
26.8671875,953.2951049804688
26.8828125,953.3046875
26.8984375,953.2708129882812
26.9140625,953.309814453125
26.9296875,953.302001953125
26.9453125,953.3224487304688
26.9609375,953.3175659179688
26.9765625,953.3048095703125
26.9921875,953.3115234375
27.0078125,953.3056030273438
27.0234375,953.3194580078125
27.0390625,953.2955322265625
27.0546875,953.3660888671875
27.0703125,953.311767578125
27.0859375,953.3196411132812
27.1015625,953.3145751953125
27.1171875,953.3563232421875
27.1328125,953.3239135742188
27.1484375,953.3281860351562
27.1640625,953.3850708007812
27.1796875,953.2872924804688
27.1953125,953.3603515625
27.2109375,953.337890625
27.2265625,953.3193359375
27.2421875,953.3636474609375
27.2578125,953.353515625
27.2734375,953.3611450195312
27.2890625,953.3677368164062
27.3046875,953.3734130859375
27.3203125,953.3563232421875
27.3359375,953.3536376953125
27.3515625,953.3605346679688
27.3671875,953.34375
27.3828125,953.3890380859375
27.3984375,953.3611450195312
27.4140625,953.3502807617188
27.4296875,953.39013671875
27.4453125,953.2990112304688
27.4609375,953.3181762695312
27.4765625,953.310302734375
27.4921875,953.2958374023438
27.5078125,953.2874755859375
27.5234375,953.2741088867188
27.5390625,953.2348022460938
27.5546875,953.233642578125
27.5703125,953.2335815429688
27.5859375,953.2120361328125
27.6015625,953.2283935546875
27.6171875,953.2342529296875
27.6328125,953.2115478515625
27.6484375,953.208984375
27.6640625,953.212646484375
27.6796875,953.2032470703125
27.6953125,953.1984252929688
27.7109375,953.20458984375
27.7265625,953.201904296875
27.7421875,953.2026977539062
27.7578125,953.2060546875
27.7734375,953.191162109375
27.7890625,953.196044921875
27.8046875,953.1904296875
27.8203125,953.1981201171875
27.8359375,953.1792602539062
27.8515625,953.1784057617188
27.8671875,953.1969604492188
27.8828125,953.1898193359375
27.8984375,953.1727294921875
27.9140625,953.1741943359375
27.9296875,953.1944580078125
27.9453125,953.2017822265625
27.9609375,953.1954956054688
27.9765625,953.1837768554688
27.9921875,953.187255859375
28.0078125,953.1860961914062
28.0234375,953.177734375
28.0390625,953.1803588867188
28.0546875,953.187255859375
28.0703125,953.2007446289062
28.0859375,953.2263793945312
28.1015625,953.2241821289062
28.1171875,953.2223510742188
28.1328125,953.2600708007812
28.1484375,953.2989501953125
28.1640625,953.2662963867188
28.1796875,953.2974243164062
28.1953125,953.3582763671875
28.2109375,953.31982421875
28.2265625,953.28271484375
28.2421875,953.2925415039062
28.2578125,953.3140258789062
28.2734375,953.327392578125
28.2890625,953.4287109375
28.3046875,953.314453125
28.3203125,953.36328125
28.3359375,953.324951171875
28.3515625,953.37841796875
28.3671875,953.329833984375
28.3828125,953.37255859375
28.3984375,953.3800048828125
28.4140625,953.3995971679688
28.4296875,953.3714599609375
28.4453125,953.3303833007812
28.4609375,953.3912353515625
28.4765625,953.356201171875
28.4921875,953.3477172851562
28.5078125,953.3795776367188
28.5234375,953.2565307617188
28.5390625,953.3385009765625
28.5546875,953.34912109375
28.5703125,953.2955932617188
28.5859375,953.3800659179688
28.6015625,953.2940673828125
28.6171875,953.376953125
28.6328125,953.4036254882812
28.6484375,953.3547973632812
28.6640625,953.3460693359375
28.6796875,953.3915405273438
28.6953125,953.364501953125
28.7109375,953.2977905273438
28.7265625,953.3073120117188
28.7421875,953.2654418945312
28.7578125,953.2274169921875
28.7734375,953.2318725585938
28.7890625,953.2269897460938
28.8046875,953.2180786132812
28.8203125,953.2254638671875
28.8359375,953.2177124023438
28.8515625,953.2199096679688
28.8671875,953.2327270507812
28.8828125,953.2156982421875
28.8984375,953.22607421875
28.9140625,953.2129516601562
28.9296875,953.2254638671875
28.9453125,953.2051391601562
28.9609375,953.1898803710938
28.9765625,953.2099609375
28.9921875,953.2020263671875
29.0078125,953.2081909179688
29.0234375,953.2034301757812
29.0390625,953.2100830078125
29.0546875,953.212646484375
29.0703125,953.210205078125
29.0859375,953.1950073242188
29.1015625,953.1883544921875
29.1171875,953.1818237304688
29.1328125,953.206298828125
29.1484375,953.2015380859375
29.1640625,953.1753540039062
29.1796875,953.1876220703125
29.1953125,953.1922607421875
29.2109375,953.1878662109375
29.2265625,953.1776123046875
29.2421875,953.1953125
29.2578125,953.1959838867188
29.2734375,953.18701171875
29.2890625,953.1731567382812
29.3046875,953.1837158203125
29.3203125,953.1795654296875
29.3359375,953.1951293945312
29.3515625,953.1947631835938
29.3671875,953.1878662109375
29.3828125,953.2056884765625
29.3984375,953.2314453125
29.4140625,953.2606201171875
29.4296875,953.2774658203125
29.4453125,953.2718505859375
29.4609375,953.2938842773438
29.4765625,953.3121948242188
29.4921875,953.3062133789062
29.5078125,953.32568359375
29.5234375,953.373779296875
29.5390625,953.3576049804688
29.5546875,953.3743286132812
29.5703125,953.3468017578125
29.5859375,953.3648071289062
29.6015625,953.3516235351562
29.6171875,953.3519897460938
29.6328125,953.4278564453125
29.6484375,953.417724609375
29.6640625,953.3678588867188
29.6796875,953.3377685546875
29.6953125,953.4166259765625
29.7109375,953.3519287109375
29.7265625,953.3292846679688
29.7421875,953.3575439453125
29.7578125,953.3639526367188
29.7734375,953.3806762695312
29.7890625,953.3295288085938
29.8046875,953.3516845703125
29.8203125,953.3502197265625
29.8359375,953.3551635742188
29.8515625,953.3613891601562
29.8671875,953.3389892578125
29.8828125,953.3240966796875
29.8984375,953.3580322265625
29.9140625,953.3242797851562
29.9296875,953.3206787109375
29.9453125,953.3721923828125
29.9609375,953.3421630859375
29.9765625,953.3837280273438
29.9921875,953.3299560546875
30.0078125,953.3237915039062
30.0234375,953.3298950195312
30.0390625,953.3076171875
30.0546875,953.3057861328125
30.0703125,953.3263549804688
30.0859375,953.2963256835938
30.1015625,953.2869873046875
30.1171875,953.264892578125
30.1328125,953.2606201171875
30.1484375,953.2313842773438
30.1640625,953.2213134765625
30.1796875,953.2348022460938
30.1953125,953.21875
30.2109375,953.201171875
30.2265625,953.2113647460938
30.2421875,953.2073974609375
30.2578125,953.2047729492188
30.2734375,953.2120361328125
30.2890625,953.2056884765625
30.3046875,953.2122192382812
30.3203125,953.197265625
30.3359375,953.2031860351562
30.3515625,953.1841430664062
30.3671875,953.1918334960938
30.3828125,953.2012939453125
30.3984375,953.1995849609375
30.4140625,953.1971435546875
30.4296875,953.1898193359375
30.4453125,953.1821899414062
30.4609375,953.1808471679688
30.4765625,953.1968383789062
30.4921875,953.1784057617188
30.5078125,953.1766967773438
30.5234375,953.1867065429688
30.5390625,953.188232421875
30.5546875,953.1895141601562
30.5703125,953.1837158203125
30.5859375,953.173828125
