Time (seconds), Duration (seconds),pred_unlabelled,pred_up,pred_down,pred_left,pred_right
0.01716,0.30268,0.99962,0.00013,0.00010,0.00004,0.00011
0.21842,0.30422,0.99962,0.00013,0.00010,0.00004,0.00011
0.42109,0.30307,0.99962,0.00013,0.00010,0.00004,0.00011
0.62352,0.30293,0.99962,0.00013,0.00010,0.00004,0.00011
0.82609,0.30338,0.99962,0.00013,0.00010,0.00004,0.00011
1.02782,0.30291,0.99962,0.00013,0.00010,0.00004,0.00011
1.22971,0.30373,0.99962,0.00013,0.00010,0.00004,0.00011
1.43226,0.30297,0.99962,0.00013,0.00010,0.00004,0.00011
1.63440,0.30377,0.99962,0.00013,0.00010,0.00004,0.00011
1.83679,0.30358,0.99962,0.00013,0.00010,0.00004,0.00011
2.03900,0.30312,0.99962,0.00013,0.00010,0.00004,0.00011
2.24107,0.30385,0.00000,0.00000,0.00000,0.00000,1.00000
2.44420,0.30322,0.94604,0.00000,0.00000,0.00000,0.05396
2.64627,0.30311,0.99962,0.00013,0.00010,0.00004,0.00011
2.84791,0.30318,0.99962,0.00013,0.00010,0.00004,0.00011
3.05020,0.30400,0.99962,0.00013,0.00010,0.00004,0.00011
3.25276,0.30367,0.98891,0.00019,0.00024,0.00014,0.01052
3.45451,0.30429,0.00000,0.00000,0.00000,0.00000,1.00000
3.65714,0.30362,0.99987,0.00001,0.00000,0.00000,0.00012
3.85929,0.30352,0.99962,0.00013,0.00010,0.00004,0.00011
4.06220,0.30253,0.99962,0.00013,0.00010,0.00004,0.00011
4.26451,0.30239,0.99962,0.00013,0.00010,0.00004,0.00011
4.46650,0.30372,0.99768,0.00152,0.00023,0.00009,0.00048
4.66875,0.30349,0.99132,0.00724,0.00040,0.00018,0.00086
4.87117,0.30426,0.98602,0.00606,0.00054,0.00717,0.00021
5.07410,0.30442,0.00002,0.00000,0.00000,0.00000,0.99998
5.27636,0.30449,0.76667,0.00120,0.00005,0.00002,0.23207
5.47942,0.30376,0.99052,0.00862,0.00030,0.00019,0.00037
5.68175,0.30442,0.98436,0.00054,0.00149,0.00027,0.01333
5.88440,0.30434,0.00001,0.00008,0.00000,0.00000,0.99991
6.08760,0.30451,0.98856,0.00997,0.00084,0.00046,0.00018
6.28992,0.30445,0.99133,0.00789,0.00032,0.00024,0.00022
6.49254,0.30428,0.97851,0.00408,0.00048,0.01684,0.00009
6.69519,0.30455,0.00054,0.00007,0.00000,0.00000,0.99938
6.89859,0.30435,0.96419,0.02977,0.00157,0.00097,0.00350
7.10106,0.30392,0.99635,0.00286,0.00026,0.00010,0.00043
7.30416,0.30400,0.99311,0.00567,0.00041,0.00063,0.00018
7.50619,0.30456,0.98702,0.01023,0.00068,0.00179,0.00028
7.70920,0.30428,0.97107,0.00127,0.00497,0.02240,0.00029
7.91161,0.30488,0.00034,0.00125,0.00003,0.00006,0.99832
8.11491,0.30378,0.47259,0.04633,0.00413,0.00749,0.46946
8.31751,0.30387,0.97292,0.01214,0.00333,0.01047,0.00115
8.52013,0.30437,0.96785,0.01245,0.00425,0.01381,0.00164
8.72277,0.30475,0.99451,0.00140,0.00049,0.00010,0.00351
8.92569,0.30471,0.00274,0.00024,0.00022,0.00002,0.99678
9.12854,0.30392,0.91863,0.02259,0.00856,0.04956,0.00066
9.33197,0.30349,0.97055,0.01048,0.00661,0.00985,0.00251
9.53414,0.30422,0.97739,0.01683,0.00138,0.00363,0.00077
9.73682,0.30472,0.98435,0.00966,0.00272,0.00264,0.00063
9.94024,0.30404,0.98766,0.00856,0.00156,0.00186,0.00035
10.14222,0.30498,0.98613,0.00958,0.00169,0.00225,0.00035
10.34498,0.30427,0.98326,0.01025,0.00233,0.00364,0.00051
10.54830,0.30367,0.97862,0.01107,0.00330,0.00633,0.00068
10.75059,0.30473,0.52282,0.00465,0.00354,0.00078,0.46822
10.95325,0.30506,0.00899,0.00145,0.00015,0.00005,0.98936
11.15672,0.30369,0.98864,0.00483,0.00300,0.00119,0.00233
11.35903,0.30394,0.99954,0.00031,0.00003,0.00001,0.00011
11.56148,0.30416,0.99962,0.00013,0.00010,0.00004,0.00011
11.76446,0.30268,0.99962,0.00013,0.00010,0.00004,0.00011
11.96603,0.30372,0.98317,0.00049,0.00015,0.00001,0.01618
12.16801,0.30452,0.01719,0.00007,0.00005,0.00000,0.98269
12.37072,0.30362,0.99962,0.00013,0.00010,0.00004,0.00011
12.57296,0.30355,0.99962,0.00013,0.00010,0.00004,0.00011
12.77532,0.30382,0.21435,0.00107,0.00137,0.00077,0.78244
12.97769,0.30416,0.00666,0.00000,0.00002,0.00000,0.99332
13.18057,0.30293,0.99962,0.00013,0.00010,0.00004,0.00011
13.38277,0.30398,0.99962,0.00013,0.00010,0.00004,0.00011
13.58546,0.30309,0.91000,0.00922,0.00008,0.00000,0.08070
13.78788,0.30318,0.00990,0.00020,0.00000,0.00000,0.98990
13.98987,0.30298,0.99962,0.00013,0.00010,0.00004,0.00011
14.19308,0.30297,0.99962,0.00013,0.00010,0.00004,0.00011
14.39437,0.30344,0.99615,0.00058,0.00083,0.00160,0.00085
14.59677,0.30391,0.00109,0.00003,0.00001,0.00000,0.99886
14.79969,0.30309,0.99959,0.00010,0.00012,0.00005,0.00014
15.00232,0.30328,0.99962,0.00013,0.00010,0.00004,0.00011
15.20463,0.30279,0.99962,0.00013,0.00010,0.00004,0.00011
15.40652,0.30311,0.99962,0.00013,0.00010,0.00004,0.00011
15.60913,0.30295,0.99962,0.00013,0.00010,0.00004,0.00011
15.81161,0.30300,0.99962,0.00013,0.00010,0.00004,0.00011
16.01291,0.30466,0.46765,0.00034,0.00001,0.00001,0.53198
16.21573,0.30433,0.00420,0.00000,0.00000,0.00000,0.99580
16.41872,0.30350,0.99946,0.00012,0.00017,0.00007,0.00017
16.62115,0.30330,0.99962,0.00013,0.00010,0.00004,0.00011
16.82337,0.30298,0.95282,0.02619,0.00466,0.01401,0.00231
17.02573,0.30434,0.98619,0.00925,0.00088,0.00331,0.00036
17.22794,0.30454,0.96563,0.00106,0.00545,0.02616,0.00170
17.43077,0.30486,0.00337,0.00038,0.00032,0.00002,0.99592
17.63440,0.30415,0.90372,0.03056,0.00759,0.05754,0.00058
17.83657,0.30424,0.92963,0.01442,0.01097,0.04021,0.00476
18.03979,0.30435,0.91281,0.01427,0.01377,0.05304,0.00611
18.24283,0.30371,0.09041,0.03757,0.00130,0.00015,0.87057
18.44525,0.30485,0.97045,0.01108,0.01047,0.00668,0.00131
18.64840,0.30411,0.88214,0.01414,0.02158,0.07112,0.01102
18.85101,0.30365,0.80855,0.00970,0.01385,0.16527,0.00263
19.05346,0.30401,0.03851,0.00917,0.00148,0.00044,0.95041
19.25636,0.30492,0.90488,0.03150,0.00169,0.00341,0.05852
19.45884,0.30485,0.99346,0.00462,0.00033,0.00031,0.00128
19.66240,0.30318,0.99962,0.00013,0.00010,0.00004,0.00011
19.86462,0.30311,0.99962,0.00013,0.00010,0.00004,0.00011
20.06676,0.30309,0.99962,0.00013,0.00010,0.00004,0.00011
20.26875,0.30377,0.99945,0.00016,0.00011,0.00005,0.00023
20.47111,0.30404,0.00001,0.00000,0.00000,0.00000,0.99999
20.67428,0.30340,0.86205,0.00008,0.00000,0.00000,0.13787
20.87687,0.30282,0.99962,0.00013,0.00010,0.00004,0.00011
21.07911,0.30349,0.99962,0.00013,0.00010,0.00004,0.00011
21.28113,0.30309,0.99962,0.00013,0.00010,0.00004,0.00011
21.48310,0.30446,0.00001,0.00000,0.00000,0.00000,0.99999
21.68581,0.30337,0.98378,0.00000,0.00000,0.00000,0.01622
21.88858,0.30379,0.99962,0.00013,0.00010,0.00004,0.00011
22.09053,0.30301,0.99962,0.00013,0.00010,0.00004,0.00011
22.29349,0.30250,0.99962,0.00013,0.00010,0.00004,0.00011
22.49566,0.30269,0.99962,0.00013,0.00010,0.00004,0.00011
22.69805,0.30323,0.99962,0.00013,0.00010,0.00004,0.00011
22.90001,0.30289,0.99238,0.00067,0.00019,0.00354,0.00322
23.10256,0.30358,0.00011,0.00002,0.00000,0.00000,0.99988
23.30449,0.30341,0.99957,0.00034,0.00001,0.00000,0.00009
23.50653,0.30394,0.99962,0.00013,0.00010,0.00004,0.00011
23.70897,0.30384,0.99962,0.00013,0.00010,0.00004,0.00011
23.91098,0.30432,0.99833,0.00016,0.00055,0.00066,0.00030
24.11430,0.30330,0.00001,0.00000,0.00000,0.00000,0.99999
24.31645,0.30371,0.99950,0.00008,0.00018,0.00008,0.00017
24.51837,0.30408,0.99824,0.00029,0.00026,0.00101,0.00020
24.72125,0.30305,0.00009,0.00001,0.00000,0.00000,0.99990
24.92296,0.30366,0.99958,0.00010,0.00014,0.00006,0.00013
25.12573,0.30364,0.99962,0.00013,0.00010,0.00004,0.00011
25.32843,0.30340,0.99962,0.00013,0.00010,0.00004,0.00011
25.53047,0.30379,0.99711,0.00200,0.00026,0.00012,0.00050
25.73203,0.30446,0.98947,0.00934,0.00034,0.00024,0.00060
25.93579,0.30435,0.00061,0.00008,0.00002,0.00001,0.99928
26.13808,0.30496,0.01021,0.00014,0.00001,0.00001,0.98964
26.34098,0.30403,0.99309,0.00404,0.00090,0.00017,0.00180
26.54426,0.30339,0.99982,0.00007,0.00004,0.00001,0.00005
26.74604,0.30385,0.99565,0.00044,0.00026,0.00299,0.00066
26.94820,0.30444,0.00001,0.00000,0.00000,0.00000,0.99999
27.15133,0.30289,0.99886,0.00024,0.00019,0.00010,0.00060
27.35335,0.30306,0.99962,0.00013,0.00010,0.00004,0.00011
27.55529,0.30374,0.99962,0.00013,0.00010,0.00004,0.00011
27.75745,0.30418,0.00984,0.00001,0.00000,0.00000,0.99015
27.96030,0.30377,0.21744,0.00000,0.00000,0.00000,0.78255
28.16318,0.30326,0.99962,0.00013,0.00010,0.00004,0.00011
28.36493,0.30345,0.65607,0.00041,0.00002,0.00000,0.34350
28.56725,0.30420,0.00001,0.00000,0.00000,0.00000,0.99999
28.77024,0.30382,0.99960,0.00009,0.00013,0.00005,0.00013
28.97260,0.30301,0.99962,0.00013,0.00010,0.00004,0.00011
29.17453,0.30376,0.99962,0.00013,0.00010,0.00004,0.00011
29.37663,0.30419,0.99962,0.00013,0.00010,0.00004,0.00011
29.57982,0.30331,0.99962,0.00013,0.00010,0.00004,0.00011
29.78167,0.30354,0.99962,0.00013,0.00010,0.00004,0.00011
29.98441,0.30342,0.99962,0.00013,0.00010,0.00004,0.00011
30.18630,0.30315,0.99962,0.00013,0.00010,0.00004,0.00011
30.38840,0.30343,0.99962,0.00013,0.00010,0.00004,0.00011
30.59117,0.30295,0.99962,0.00013,0.00010,0.00004,0.00011
30.79326,0.30322,0.99962,0.00013,0.00010,0.00004,0.00011
30.99553,0.30401,0.99962,0.00013,0.00010,0.00004,0.00011
31.19806,0.30345,0.99962,0.00013,0.00010,0.00004,0.00011
31.40021,0.30269,0.99962,0.00013,0.00010,0.00004,0.00011
31.60230,0.30329,0.99962,0.00013,0.00010,0.00004,0.00011
