Time (seconds), abs_residuals
37610.0000000,0.0007726
37620.0000000,0.0007847
37630.0000000,0.0019763
37640.0000000,0.0019763
37650.0000000,0.0019763
37660.0000000,0.0007847
37670.0000000,0.0007847
37680.0000000,0.0019763
37690.0000000,0.0019763
37700.0000000,0.0019763
37710.0000000,0.0019763
37720.0000000,0.0007847
37730.0000000,0.0067610
37740.0000000,0.0007847
37750.0000000,0.0040000
37760.0000000,0.0028084
37770.0000000,0.0115457
37780.0000000,0.0007847
37790.0000000,0.0040000
37800.0000000,0.0019763
37810.0000000,0.0007847
37820.0000000,0.0019763
37830.0000000,0.0019763
37840.0000000,0.0040000
37850.0000000,0.0067610
37860.0000000,0.0019763
37870.0000000,0.0019763
37880.0000000,0.0007847
37890.0000000,0.0055694
37900.0000000,0.0028084
37910.0000000,0.0019763
37920.0000000,0.0040000
37930.0000000,0.0040000
37940.0000000,0.0019567
37950.0000000,0.0019763
37960.0000000,0.0007847
37970.0000000,0.0007847
37980.0000000,0.0028084
37990.0000000,0.0007847
38000.0000000,0.0007847
38010.0000000,0.0086197
38020.0000000,0.0067414
38030.0000000,0.0019763
38040.0000000,0.0086197
38050.0000000,0.0007847
38060.0000000,0.0007847
38070.0000000,0.0007847
38080.0000000,0.0019763
38090.0000000,0.0007847
38100.0000000,0.0019567
38110.0000000,0.0040000
38120.0000000,0.0055694
38130.0000000,0.0067414
38140.0000000,0.0007847
38150.0000000,0.0019763
38160.0000000,0.0019763
38170.0000000,0.0067610
38180.0000000,0.0007847
38190.0000000,0.0007847
38200.0000000,0.0007847
38210.0000000,0.0067610
38220.0000000,0.0028084
38230.0000000,0.0007847
38240.0000000,0.0019763
38250.0000000,0.0019763
38260.0000000,0.0019763
38270.0000000,0.0038350
38280.0000000,0.0007847
38290.0000000,0.0019763
38300.0000000,0.0007847
38310.0000000,0.0055694
38320.0000000,0.0019763
38330.0000000,0.0019960
38340.0000000,0.0019567
38350.0000000,0.0040000
38360.0000000,0.0067610
38370.0000000,0.0086197
38380.0000000,0.0019763
38390.0000000,0.0134044
38400.0000000,0.0019763
38410.0000000,0.0067807
38420.0000000,0.0067610
38430.0000000,0.0019763
38440.0000000,0.0019763
38450.0000000,0.0019763
38460.0000000,0.0019763
38470.0000000,0.0007847
38480.0000000,0.0019763
38490.0000000,0.0019763
38500.0000000,0.0028084
38510.0000000,0.0067610
38520.0000000,0.0086197
38530.0000000,0.0038350
38540.0000000,0.0086197
38550.0000000,0.0019763
38560.0000000,0.0019763
38570.0000000,0.0086197
38580.0000000,0.0019763
38590.0000000,0.0067610
38600.0000000,0.0019567
38610.0000000,0.0019763
38620.0000000,0.0019763
38630.0000000,0.0038350
38640.0000000,0.0019763
38650.0000000,0.0028084
38660.0000000,0.0067610
38670.0000000,0.0086197
38680.0000000,0.0019763
38690.0000000,0.0019763
38700.0000000,0.0028280
38710.0000000,0.0038350
38720.0000000,0.0019763
38730.0000000,0.0038350
38740.0000000,0.0038350
38750.0000000,0.0027887
38760.0000000,0.0019763
38770.0000000,0.0086570
38780.0000000,0.0067610
38790.0000000,0.0055694
38800.0000000,0.0019763
38810.0000000,0.0086197
38820.0000000,0.0019763
38830.0000000,0.0038350
38840.0000000,0.0019763
38850.0000000,0.0075930
38860.0000000,0.0019763
38870.0000000,0.0038350
38880.0000000,0.0086197
38890.0000000,0.0019763
38900.0000000,0.0067610
38910.0000000,0.0028084
38920.0000000,0.0038350
38930.0000000,0.0086197
38940.0000000,0.0038350
38950.0000000,0.0086197
38960.0000000,0.0086197
38970.0000000,0.0028084
38980.0000000,0.0028084
38990.0000000,0.0038350
39000.0000000,0.0019763
39010.0000000,0.0019960
39020.0000000,0.0086197
39030.0000000,0.0086570
39040.0000000,0.0181891
39050.0000000,0.0180523
39060.0000000,0.0086197
39070.0000000,0.0086197
39080.0000000,0.0134044
39090.0000000,0.0019763
39100.0000000,0.0019763
39110.0000000,0.0086197
39120.0000000,0.0086570
39130.0000000,0.0134044
39140.0000000,0.0075930
39150.0000000,0.0038350
39160.0000000,0.0132676
39170.0000000,0.0132676
39180.0000000,0.0037978
39190.0000000,0.0086197
39200.0000000,0.0038350
39210.0000000,0.0019763
39220.0000000,0.0038350
39230.0000000,0.0132676
39240.0000000,0.0134044
39250.0000000,0.0019763
39260.0000000,0.0086197
39270.0000000,0.0038350
39280.0000000,0.0009496
39290.0000000,0.0019763
39300.0000000,0.0009496
39310.0000000,0.0038350
39320.0000000,0.0086197
39330.0000000,0.0028084
39340.0000000,0.0019763
39350.0000000,0.0038350
39360.0000000,0.0028084
39370.0000000,0.0038350
39380.0000000,0.0028084
39390.0000000,0.0028280
39400.0000000,0.0086197
39410.0000000,0.0038350
39420.0000000,0.0019567
39430.0000000,0.0009496
39440.0000000,0.0086197
39450.0000000,0.0028084
39460.0000000,0.0084829
39470.0000000,0.0038350
39480.0000000,0.0038350
39490.0000000,0.0038350
39500.0000000,0.0028084
39510.0000000,0.0038350
39520.0000000,0.0086197
39530.0000000,0.0028084
39540.0000000,0.0009496
39550.0000000,0.0019763
39560.0000000,0.0027887
39570.0000000,0.0028084
39580.0000000,0.0028084
39590.0000000,0.0019763
39600.0000000,0.0086197
39610.0000000,0.0038350
39620.0000000,0.0180523
39630.0000000,0.0028084
39640.0000000,0.0028280
39650.0000000,0.0086197
39660.0000000,0.0038350
39670.0000000,0.0028084
39680.0000000,0.0038350
39690.0000000,0.0038350
39700.0000000,0.0009496
39710.0000000,0.0009496
39720.0000000,0.0019763
39730.0000000,0.0028084
39740.0000000,0.0009496
39750.0000000,0.0028084
39760.0000000,0.0009496
39770.0000000,0.0028084
39780.0000000,0.0028084
39790.0000000,0.0038350
39800.0000000,0.0028084
39810.0000000,0.0019763
39820.0000000,0.0038723
39830.0000000,0.0038350
39840.0000000,0.0038350
39850.0000000,0.0009496
39860.0000000,0.0028084
39870.0000000,0.0086197
39880.0000000,0.0028084
39890.0000000,0.0038350
39900.0000000,0.0028084
39910.0000000,0.0084829
39920.0000000,0.0085825
39930.0000000,0.0038350
39940.0000000,0.0086197
39950.0000000,0.0028084
39960.0000000,0.0086197
39970.0000000,0.0037978
39980.0000000,0.0075930
39990.0000000,0.0028084
40000.0000000,0.0019763
40010.0000000,0.0038350
40020.0000000,0.0075930
40030.0000000,0.0009496
40040.0000000,0.0038350
40050.0000000,0.0009496
40060.0000000,0.0038350
40070.0000000,0.0037978
40080.0000000,0.0086197
40090.0000000,0.0037978
40100.0000000,0.0105190
40110.0000000,0.0009496
40120.0000000,0.0038350
40130.0000000,0.0086197
40140.0000000,0.0038350
40150.0000000,0.0038350
40160.0000000,0.0028084
40170.0000000,0.0084829
40180.0000000,0.0028280
40190.0000000,0.0009496
40200.0000000,0.0037978
40210.0000000,0.0086197
40220.0000000,0.0038350
40230.0000000,0.0084829
40240.0000000,0.0009496
40250.0000000,0.0037978
40260.0000000,0.0038350
40270.0000000,0.0132676
40280.0000000,0.0009496
40290.0000000,0.0038350
40300.0000000,0.0037978
40310.0000000,0.0038350
40320.0000000,0.0038350
40330.0000000,0.0038350
40340.0000000,0.0038350
40350.0000000,0.0038350
40360.0000000,0.0038350
40370.0000000,0.0009496
40380.0000000,0.0009496
40390.0000000,0.0057716
40400.0000000,0.0009496
40410.0000000,0.0038350
40420.0000000,0.0038350
40430.0000000,0.0038350
40440.0000000,0.0038350
40450.0000000,0.0038350
40460.0000000,0.0038350
40470.0000000,0.0038350
40480.0000000,0.0038723
40490.0000000,0.0038350
40500.0000000,0.0038350
40510.0000000,0.0038350
40520.0000000,0.0038350
40530.0000000,0.0009496
40540.0000000,0.0084829
40550.0000000,0.0075930
40560.0000000,0.0084829
40570.0000000,0.0009496
40580.0000000,0.0038350
40590.0000000,0.0009124
40600.0000000,0.0038350
40610.0000000,0.0038350
40620.0000000,0.0009496
40630.0000000,0.0037978
40640.0000000,0.0009496
40650.0000000,0.0038350
40660.0000000,0.0084829
40670.0000000,0.0038350
40680.0000000,0.0009496
40690.0000000,0.0036983
40700.0000000,0.0084829
40710.0000000,0.0133049
40720.0000000,0.0084829
40730.0000000,0.0038350
40740.0000000,0.0009496
40750.0000000,0.0086197
40760.0000000,0.0084829
40770.0000000,0.0037355
40780.0000000,0.0075930
40790.0000000,0.0084829
40800.0000000,0.0009496
40810.0000000,0.0084829
40820.0000000,0.0036610
40830.0000000,0.0084829
40840.0000000,0.0132676
40850.0000000,0.0036983
40860.0000000,0.0038350
40870.0000000,0.0084829
40880.0000000,0.0036610
40890.0000000,0.0038350
40900.0000000,0.0084829
40910.0000000,0.0084829
40920.0000000,0.0131308
40930.0000000,0.0036983
40940.0000000,0.0038350
40950.0000000,0.0009496
40960.0000000,0.0131308
40970.0000000,0.0084829
40980.0000000,0.0086197
40990.0000000,0.0036983
41000.0000000,0.0075930
41010.0000000,0.0084829
41020.0000000,0.0038350
41030.0000000,0.0036983
41040.0000000,0.0084829
41050.0000000,0.0084829
41060.0000000,0.0132676
41070.0000000,0.0009496
41080.0000000,0.0038350
41090.0000000,0.0009496
41100.0000000,0.0028280
41110.0000000,0.0036983
41120.0000000,0.0084829
41130.0000000,0.0083462
41140.0000000,0.0084829
41150.0000000,0.0036983
41160.0000000,0.0038350
41170.0000000,0.0084829
41180.0000000,0.0009496
41190.0000000,0.0084457
41200.0000000,0.0009496
41210.0000000,0.0084829
41220.0000000,0.0036983
41230.0000000,0.0036983
41240.0000000,0.0132676
41250.0000000,0.0038350
41260.0000000,0.0036983
41270.0000000,0.0010864
41280.0000000,0.0036610
41290.0000000,0.0036983
41300.0000000,0.0057716
41310.0000000,0.0057343
41320.0000000,0.0132676
41330.0000000,0.0038350
41340.0000000,0.0010864
41350.0000000,0.0010864
41360.0000000,0.0009496
41370.0000000,0.0009496
41380.0000000,0.0084829
41390.0000000,0.0036610
41400.0000000,0.0036983
41410.0000000,0.0036983
41420.0000000,0.0083089
41430.0000000,0.0084829
41440.0000000,0.0036983
41450.0000000,0.0010864
41460.0000000,0.0036610
41470.0000000,0.0058711
41480.0000000,0.0036610
41490.0000000,0.0010864
41500.0000000,0.0036983
41510.0000000,0.0036983
41520.0000000,0.0036983
41530.0000000,0.0010864
41540.0000000,0.0036983
41550.0000000,0.0010864
41560.0000000,0.0057343
41570.0000000,0.0083462
41580.0000000,0.0036983
41590.0000000,0.0035615
41600.0000000,0.0010864
41610.0000000,0.0035615
41620.0000000,0.0106558
41630.0000000,0.0035615
41640.0000000,0.0011237
41650.0000000,0.0012232
41660.0000000,0.0011237
41670.0000000,0.0058711
41680.0000000,0.0035242
41690.0000000,0.0057547
41700.0000000,0.0012232
41710.0000000,0.0035615
41720.0000000,0.0083462
41730.0000000,0.0012232
41740.0000000,0.0012232
41750.0000000,0.0012232
41760.0000000,0.0035615
41770.0000000,0.0035615
41780.0000000,0.0035615
41790.0000000,0.0060079
41800.0000000,0.0012232
41810.0000000,0.0057547
41820.0000000,0.0012232
41830.0000000,0.0105393
41840.0000000,0.0057173
41850.0000000,0.0105393
41860.0000000,0.0057920
41870.0000000,0.0010073
41880.0000000,0.0105393
41890.0000000,0.0060079
41900.0000000,0.0107071
41910.0000000,0.0009700
41920.0000000,0.0009700
41930.0000000,0.0012232
41940.0000000,0.0009700
41950.0000000,0.0059225
41960.0000000,0.0011378
41970.0000000,0.0009700
41980.0000000,0.0105393
41990.0000000,0.0059225
42000.0000000,0.0009700
42010.0000000,0.0107071
42020.0000000,0.0057920
42030.0000000,0.0009700
42040.0000000,0.0156596
42050.0000000,0.0059225
42060.0000000,0.0059225
42070.0000000,0.0058477
42080.0000000,0.0011378
42090.0000000,0.0058851
42100.0000000,0.0059225
42110.0000000,0.0085620
42120.0000000,0.0059225
42130.0000000,0.0011378
42140.0000000,0.0059225
42150.0000000,0.0009700
42160.0000000,0.0011378
42170.0000000,0.0060902
42180.0000000,0.0011004
42190.0000000,0.0011378
42200.0000000,0.0038147
42210.0000000,0.0038147
42220.0000000,0.0059225
42230.0000000,0.0038147
42240.0000000,0.0038521
42250.0000000,0.0011378
42260.0000000,0.0011378
42270.0000000,0.0011378
42280.0000000,0.0108749
42290.0000000,0.0011378
42300.0000000,0.0011378
42310.0000000,0.0060902
42320.0000000,0.0060529
42330.0000000,0.0011378
42340.0000000,0.0011378
42350.0000000,0.0060902
42360.0000000,0.0011378
42370.0000000,0.0011378
42380.0000000,0.0011004
42390.0000000,0.0036469
42400.0000000,0.0036469
42410.0000000,0.0034791
42420.0000000,0.0011378
42430.0000000,0.0060902
42440.0000000,0.0036843
42450.0000000,0.0034791
42460.0000000,0.0011378
42470.0000000,0.0013056
42480.0000000,0.0036469
42490.0000000,0.0034791
42500.0000000,0.0013056
42510.0000000,0.0135232
42520.0000000,0.0013056
42530.0000000,0.0060902
42540.0000000,0.0013056
42550.0000000,0.0087386
42560.0000000,0.0087386
42570.0000000,0.0013056
42580.0000000,0.0013056
42590.0000000,0.0084316
42600.0000000,0.0084316
42610.0000000,0.0036469
42620.0000000,0.0036843
42630.0000000,0.0039539
42640.0000000,0.0013056
42650.0000000,0.0013056
42660.0000000,0.0034791
42670.0000000,0.0035165
42680.0000000,0.0013056
42690.0000000,0.0039539
42700.0000000,0.0039539
42710.0000000,0.0087386
42720.0000000,0.0087386
42730.0000000,0.0134860
42740.0000000,0.0039539
42750.0000000,0.0039539
42760.0000000,0.0041801
42770.0000000,0.0137495
42780.0000000,0.0039539
42790.0000000,0.0039539
42800.0000000,0.0039539
42810.0000000,0.0013056
42820.0000000,0.0082638
42830.0000000,0.0034791
42840.0000000,0.0082638
42850.0000000,0.0087386
42860.0000000,0.0087386
42870.0000000,0.0087386
42880.0000000,0.0034791
42890.0000000,0.0082638
42900.0000000,0.0087386
42910.0000000,0.0039539
42920.0000000,0.0008308
42930.0000000,0.0087013
42940.0000000,0.0083012
42950.0000000,0.0008308
42960.0000000,0.0089648
42970.0000000,0.0041801