Time (seconds), Duration (seconds),pred_unlabelled,pred_anomaly
0.01000,0.48000,0.90343,0.09657
0.03000,0.48000,0.94188,0.05812
0.05000,0.48000,0.94939,0.05061
0.07000,0.48000,0.94918,0.05082
0.09000,0.48000,0.94325,0.05675
0.11000,0.48000,0.94280,0.05720
0.13000,0.48000,0.98913,0.01087
0.15000,0.48000,0.90332,0.09668
0.17000,0.48000,0.97135,0.02865
0.19000,0.48000,0.92734,0.07266
0.21000,0.48000,0.98596,0.01404
0.23000,0.48000,0.89871,0.10129
0.25000,0.48000,0.98373,0.01627
0.27000,0.48000,0.92236,0.07764
0.29000,0.48000,0.99163,0.00837
0.31000,0.48000,0.87694,0.12306
0.33000,0.48000,0.97806,0.02194
0.35000,0.48000,0.87547,0.12453
0.37000,0.48000,0.99481,0.00519
0.39000,0.48000,0.81903,0.18097
0.41000,0.48000,0.99287,0.00713
0.43000,0.48000,0.87322,0.12678
0.45000,0.48000,0.99003,0.00997
0.47000,0.48000,0.92394,0.07606
0.49000,0.48000,0.98223,0.01777
0.51000,0.48000,0.96756,0.03244
0.53000,0.48000,0.98926,0.01074
0.55000,0.48000,0.98515,0.01485
0.57000,0.48000,0.99565,0.00435
0.59000,0.48000,0.98626,0.01374
0.61000,0.48000,0.97629,0.02371
0.63000,0.48000,0.98605,0.01395
0.65000,0.48000,0.93878,0.06122
0.67000,0.48000,0.99236,0.00764
0.69000,0.48000,0.95853,0.04147
0.71000,0.48000,0.98585,0.01415
0.73000,0.48000,0.97220,0.02780
0.75000,0.48000,0.98658,0.01342
0.77000,0.48000,0.95607,0.04393
0.79000,0.48000,0.98865,0.01135
0.81000,0.48000,0.91387,0.08613
0.83000,0.48000,0.98664,0.01336
0.85000,0.48000,0.91742,0.08258
0.87000,0.48000,0.98889,0.01111
0.89000,0.48000,0.96285,0.03715
0.91000,0.48000,0.98657,0.01343
0.93000,0.48000,0.90444,0.09556
0.95000,0.48000,0.99400,0.00600
0.97000,0.48000,0.86655,0.13345
0.99000,0.48000,0.99170,0.00830
1.01000,0.48000,0.93134,0.06866
1.03000,0.48000,0.98550,0.01450
1.05000,0.48000,0.91416,0.08584
1.07000,0.48000,0.98545,0.01455
1.09000,0.48000,0.97237,0.02763
1.11000,0.48000,0.99051,0.00949
1.13000,0.48000,0.96428,0.03572
1.15000,0.48000,0.98006,0.01994
1.17000,0.48000,0.97105,0.02895
1.19000,0.48000,0.95846,0.04154
1.21000,0.48000,0.93753,0.06247
1.23000,0.48000,0.91591,0.08409
1.25000,0.48000,0.96164,0.03836
1.27000,0.48000,0.88785,0.11215
1.29000,0.48000,0.95310,0.04690
1.31000,0.48000,0.92066,0.07934
1.33000,0.48000,0.99129,0.00871
1.35000,0.48000,0.85655,0.14345
1.37000,0.48000,0.97121,0.02879
1.39000,0.48000,0.82177,0.17823
1.41000,0.48000,0.98458,0.01542
1.43000,0.48000,0.85288,0.14712
1.45000,0.48000,0.97433,0.02567
1.47000,0.48000,0.87102,0.12898
1.49000,0.48000,0.99064,0.00936
1.51000,0.48000,0.91367,0.08633
1.53000,0.48000,0.98834,0.01166
1.55000,0.48000,0.88962,0.11038
1.57000,0.48000,0.98124,0.01876
1.59000,0.48000,0.90891,0.09109
1.61000,0.48000,0.97658,0.02342
1.63000,0.48000,0.91374,0.08626
1.65000,0.48000,0.98417,0.01583
1.67000,0.48000,0.96235,0.03765
1.69000,0.48000,0.98482,0.01518
1.71000,0.48000,0.97153,0.02847
1.73000,0.48000,0.98129,0.01871
1.75000,0.48000,0.98416,0.01584
1.77000,0.48000,0.98023,0.01977
1.79000,0.48000,0.96013,0.03987
1.81000,0.48000,0.98494,0.01506
1.83000,0.48000,0.94383,0.05617
1.85000,0.48000,0.98975,0.01025
1.87000,0.48000,0.96338,0.03662
1.89000,0.48000,0.98673,0.01327
1.91000,0.48000,0.97444,0.02556
1.93000,0.48000,0.98950,0.01050
1.95000,0.48000,0.95124,0.04876
1.97000,0.48000,0.99217,0.00783
1.99000,0.48000,0.93342,0.06658
2.01000,0.48000,0.99078,0.00922
2.03000,0.48000,0.91688,0.08312
2.05000,0.48000,0.99188,0.00812
2.07000,0.48000,0.95945,0.04055
2.09000,0.48000,0.99093,0.00907
2.11000,0.48000,0.89211,0.10789
2.13000,0.48000,0.99587,0.00413
2.15000,0.48000,0.87039,0.12961
2.17000,0.48000,0.99535,0.00465
2.19000,0.48000,0.93286,0.06714
2.21000,0.48000,0.99013,0.00987
2.23000,0.48000,0.89627,0.10373
2.25000,0.48000,0.98704,0.01296
2.27000,0.48000,0.95747,0.04253
2.29000,0.48000,0.99421,0.00579
2.31000,0.48000,0.93955,0.06045
2.33000,0.48000,0.99072,0.00928
2.35000,0.48000,0.97555,0.02445
2.37000,0.48000,0.98429,0.01571
2.39000,0.48000,0.91017,0.08983
2.41000,0.48000,0.93599,0.06401
2.43000,0.48000,0.93678,0.06322
2.45000,0.48000,0.95996,0.04004
2.47000,0.48000,0.94110,0.05890
2.49000,0.48000,0.95224,0.04776
2.51000,0.48000,0.98322,0.01678
2.53000,0.48000,0.94025,0.05975
2.55000,0.48000,0.95677,0.04323
2.57000,0.48000,0.90447,0.09553
2.59000,0.48000,0.97159,0.02841
2.61000,0.48000,0.87956,0.12044
2.63000,0.48000,0.95142,0.04858
2.65000,0.48000,0.92984,0.07016
2.67000,0.48000,0.98859,0.01141
2.69000,0.48000,0.94346,0.05654
2.71000,0.48000,0.97861,0.02139
2.73000,0.48000,0.92990,0.07010
2.75000,0.48000,0.98563,0.01437
2.77000,0.48000,0.97104,0.02896
2.79000,0.48000,0.98962,0.01038
2.81000,0.48000,0.96485,0.03515
2.83000,0.48000,0.99314,0.00686
2.85000,0.48000,0.99256,0.00744
2.87000,0.48000,0.99493,0.00507
2.89000,0.48000,0.99036,0.00964
2.91000,0.48000,0.99383,0.00617
2.93000,0.48000,0.99121,0.00879
2.95000,0.48000,0.99632,0.00368
2.97000,0.48000,0.98940,0.01060
2.99000,0.48000,0.99223,0.00777
3.01000,0.48000,0.99513,0.00487
3.03000,0.48000,0.98566,0.01434
3.05000,0.48000,0.99579,0.00421
3.07000,0.48000,0.98621,0.01379
3.09000,0.48000,0.99548,0.00452
3.11000,0.48000,0.99154,0.00846
3.13000,0.48000,0.99493,0.00507
3.15000,0.48000,0.98440,0.01560
3.17000,0.48000,0.99810,0.00190
3.19000,0.48000,0.98448,0.01552
3.21000,0.48000,0.99723,0.00277
3.23000,0.48000,0.96940,0.03060
3.25000,0.48000,0.99343,0.00657
3.27000,0.48000,0.94724,0.05276
3.29000,0.48000,0.98844,0.01156
3.31000,0.48000,0.84335,0.15665
3.33000,0.48000,0.99515,0.00485
3.35000,0.48000,0.89459,0.10541
3.37000,0.48000,0.99619,0.00381
3.39000,0.48000,0.90469,0.09531
3.41000,0.48000,0.98832,0.01168
3.43000,0.48000,0.90133,0.09867
3.45000,0.48000,0.98762,0.01238
3.47000,0.48000,0.91501,0.08499
3.49000,0.48000,0.99467,0.00533
3.51000,0.48000,0.89882,0.10118
3.53000,0.48000,0.99533,0.00467
3.55000,0.48000,0.96627,0.03373
3.57000,0.48000,0.99034,0.00966
3.59000,0.48000,0.92225,0.07775
3.61000,0.48000,0.96344,0.03656
3.63000,0.48000,0.91751,0.08249
3.65000,0.48000,0.97992,0.02008
3.67000,0.48000,0.92203,0.07797
3.69000,0.48000,0.97046,0.02954
3.71000,0.48000,0.96652,0.03348
3.73000,0.48000,0.96739,0.03261
3.75000,0.48000,0.94187,0.05813
3.77000,0.48000,0.96909,0.03091
3.79000,0.48000,0.94838,0.05162
3.81000,0.48000,0.94914,0.05086
3.83000,0.48000,0.89993,0.10007
3.85000,0.48000,0.96766,0.03234
3.87000,0.48000,0.97133,0.02867
3.89000,0.48000,0.95717,0.04283
3.91000,0.48000,0.96300,0.03700
3.93000,0.48000,0.94328,0.05672
3.95000,0.48000,0.96637,0.03363
3.97000,0.48000,0.96259,0.03741
3.99000,0.48000,0.93992,0.06008
4.01000,0.48000,0.96377,0.03623
4.03000,0.48000,0.96842,0.03158
4.05000,0.48000,0.96754,0.03246
4.07000,0.48000,0.96407,0.03593
4.09000,0.48000,0.97134,0.02866
4.11000,0.48000,0.96669,0.03331
4.13000,0.48000,0.98260,0.01740
4.15000,0.48000,0.97418,0.02582
4.17000,0.48000,0.97747,0.02253
4.19000,0.48000,0.97804,0.02196
4.21000,0.48000,0.95637,0.04363
4.23000,0.48000,0.96498,0.03502
4.25000,0.48000,0.93356,0.06644
4.27000,0.48000,0.96913,0.03087
4.29000,0.48000,0.89297,0.10703
4.31000,0.48000,0.96649,0.03351
4.33000,0.48000,0.92277,0.07723
4.35000,0.48000,0.99112,0.00888
4.37000,0.48000,0.86936,0.13064
4.39000,0.48000,0.96181,0.03819
4.41000,0.48000,0.82216,0.17784
4.43000,0.48000,0.98588,0.01412
4.45000,0.48000,0.87034,0.12966
4.47000,0.48000,0.97779,0.02221
4.49000,0.48000,0.86561,0.13439
4.51000,0.48000,0.99240,0.00760
4.53000,0.48000,0.93494,0.06506
4.55000,0.48000,0.98961,0.01039
4.57000,0.48000,0.87262,0.12738
4.59000,0.48000,0.97887,0.02113
4.61000,0.48000,0.89933,0.10067
4.63000,0.48000,0.97717,0.02283
4.65000,0.48000,0.93368,0.06632
4.67000,0.48000,0.98103,0.01897
4.69000,0.48000,0.97293,0.02707
4.71000,0.48000,0.98205,0.01795
4.73000,0.48000,0.97565,0.02435
4.75000,0.48000,0.97094,0.02906
4.77000,0.48000,0.97803,0.02197
4.79000,0.48000,0.97575,0.02425
4.81000,0.48000,0.97054,0.02946
4.83000,0.48000,0.97193,0.02807
4.85000,0.48000,0.95265,0.04735
4.87000,0.48000,0.98456,0.01544
4.89000,0.48000,0.94728,0.05272
4.91000,0.48000,0.97157,0.02843
4.93000,0.48000,0.93768,0.06232
4.95000,0.48000,0.97211,0.02789
4.97000,0.48000,0.89526,0.10474
4.99000,0.48000,0.98674,0.01326
5.01000,0.48000,0.88129,0.11871
5.03000,0.48000,0.97765,0.02235
5.05000,0.48000,0.83055,0.16945
5.07000,0.48000,0.98913,0.01087
5.09000,0.48000,0.91576,0.08424
5.11000,0.48000,0.97975,0.02025
5.13000,0.48000,0.79128,0.20872
5.15000,0.48000,0.95580,0.04420
5.17000,0.48000,0.47230,0.52770
5.19000,0.48000,0.89525,0.10475
5.21000,0.48000,0.16102,0.83898
5.23000,0.48000,0.84796,0.15204
5.25000,0.48000,0.15739,0.84261
5.27000,0.48000,0.82169,0.17831
5.29000,0.48000,0.20576,0.79424
5.31000,0.48000,0.85852,0.14148
5.33000,0.48000,0.47767,0.52233
5.35000,0.48000,0.77230,0.22770
5.37000,0.48000,0.37818,0.62182
5.39000,0.48000,0.82435,0.17565
5.41000,0.48000,0.58113,0.41887
5.43000,0.48000,0.69851,0.30149
5.45000,0.48000,0.20254,0.79746
5.47000,0.48000,0.74968,0.25032
5.49000,0.48000,0.60893,0.39107
5.51000,0.48000,0.39740,0.60260
5.53000,0.48000,0.09244,0.90756
5.55000,0.48000,0.18516,0.81484
5.57000,0.48000,0.07359,0.92641
5.59000,0.48000,0.06076,0.93924
5.61000,0.48000,0.17936,0.82064
5.63000,0.48000,0.03467,0.96533
5.65000,0.48000,0.10387,0.89613
5.67000,0.48000,0.05001,0.94999
5.69000,0.48000,0.01684,0.98316
5.71000,0.48000,0.01193,0.98807
5.73000,0.48000,0.00480,0.99520
5.75000,0.48000,0.01110,0.98890
5.77000,0.48000,0.01036,0.98964
5.79000,0.48000,0.01326,0.98674
5.81000,0.48000,0.01087,0.98913
5.83000,0.48000,0.00809,0.99191
5.85000,0.48000,0.01932,0.98068
5.87000,0.48000,0.05574,0.94426
5.89000,0.48000,0.05064,0.94936
5.91000,0.48000,0.07944,0.92056
5.93000,0.48000,0.08544,0.91456
5.95000,0.48000,0.10701,0.89299
5.97000,0.48000,0.14448,0.85552
5.99000,0.48000,0.11174,0.88826
6.01000,0.48000,0.10992,0.89008
6.03000,0.48000,0.04612,0.95388
6.05000,0.48000,0.05502,0.94498
6.07000,0.48000,0.01544,0.98456
6.09000,0.48000,0.06583,0.93417
6.11000,0.48000,0.01078,0.98922
6.13000,0.48000,0.04614,0.95386
6.15000,0.48000,0.44018,0.55982
6.17000,0.48000,0.37865,0.62135
6.19000,0.48000,0.20951,0.79049
6.21000,0.48000,0.37964,0.62036
6.23000,0.48000,0.27554,0.72446
6.25000,0.48000,0.15550,0.84450
6.27000,0.48000,0.28320,0.71680
6.29000,0.48000,0.08331,0.91669
6.31000,0.48000,0.12327,0.87673
6.33000,0.48000,0.05153,0.94847
6.35000,0.48000,0.12747,0.87253
6.37000,0.48000,0.03075,0.96925
6.39000,0.48000,0.04742,0.95258
6.41000,0.48000,0.01428,0.98572
6.43000,0.48000,0.04675,0.95325
6.45000,0.48000,0.01407,0.98593
6.47000,0.48000,0.01159,0.98841
6.49000,0.48000,0.00123,0.99877
6.51000,0.48000,0.00311,0.99689
6.53000,0.48000,0.00119,0.99881
6.55000,0.48000,0.00193,0.99807
6.57000,0.48000,0.00123,0.99877
6.59000,0.48000,0.00156,0.99844
6.61000,0.48000,0.00215,0.99785
6.63000,0.48000,0.00114,0.99886
6.65000,0.48000,0.00860,0.99140
6.67000,0.48000,0.00142,0.99858
6.69000,0.48000,0.02892,0.97108
6.71000,0.48000,0.01530,0.98470
6.73000,0.48000,0.36296,0.63704
6.75000,0.48000,0.01625,0.98375
6.77000,0.48000,0.05136,0.94864
6.79000,0.48000,0.00636,0.99364
6.81000,0.48000,0.01916,0.98084
6.83000,0.48000,0.00549,0.99451
6.85000,0.48000,0.00212,0.99788
6.87000,0.48000,0.00076,0.99924
6.89000,0.48000,0.00085,0.99915
6.91000,0.48000,0.00079,0.99921
6.93000,0.48000,0.00163,0.99837
6.95000,0.48000,0.00085,0.99915
6.97000,0.48000,0.00220,0.99780
6.99000,0.48000,0.00120,0.99880
7.01000,0.48000,0.00257,0.99743
7.03000,0.48000,0.00029,0.99971
7.05000,0.48000,0.00100,0.99900
7.07000,0.48000,0.00092,0.99908
7.09000,0.48000,0.00122,0.99878
7.11000,0.48000,0.00051,0.99949
7.13000,0.48000,0.00065,0.99935
7.15000,0.48000,0.00163,0.99837
7.17000,0.48000,0.00060,0.99940
7.19000,0.48000,0.00185,0.99815
7.21000,0.48000,0.00125,0.99875
7.23000,0.48000,0.00256,0.99744
7.25000,0.48000,0.00110,0.99890
7.27000,0.48000,0.00251,0.99749
7.29000,0.48000,0.00120,0.99880
7.31000,0.48000,0.00459,0.99541
7.33000,0.48000,0.00046,0.99954
7.35000,0.48000,0.00273,0.99727
7.37000,0.48000,0.00046,0.99954
7.39000,0.48000,0.00155,0.99845
7.41000,0.48000,0.00031,0.99969
7.43000,0.48000,0.00201,0.99799
7.45000,0.48000,0.00107,0.99893
7.47000,0.48000,0.00143,0.99857
7.49000,0.48000,0.00115,0.99885
7.51000,0.48000,0.00114,0.99886
7.53000,0.48000,0.00232,0.99768
7.55000,0.48000,0.00070,0.99930
7.57000,0.48000,0.00204,0.99796
7.59000,0.48000,0.00066,0.99934
7.61000,0.48000,0.00121,0.99879
7.63000,0.48000,0.00082,0.99918
7.65000,0.48000,0.00062,0.99938
7.67000,0.48000,0.00099,0.99901
7.69000,0.48000,0.00119,0.99881
7.71000,0.48000,0.00123,0.99877
7.73000,0.48000,0.00429,0.99571
7.75000,0.48000,0.00265,0.99735
7.77000,0.48000,0.00242,0.99758
7.79000,0.48000,0.00498,0.99502
7.81000,0.48000,0.00889,0.99111
7.83000,0.48000,0.00448,0.99552
7.85000,0.48000,0.00135,0.99865
7.87000,0.48000,0.00386,0.99614
7.89000,0.48000,0.00379,0.99621
7.91000,0.48000,0.00676,0.99324
7.93000,0.48000,0.00169,0.99831
7.95000,0.48000,0.00766,0.99234
7.97000,0.48000,0.00244,0.99756
7.99000,0.48000,0.00303,0.99697
8.01000,0.48000,0.00455,0.99545
8.03000,0.48000,0.00701,0.99299
8.05000,0.48000,0.00329,0.99671
8.07000,0.48000,0.00633,0.99367
8.09000,0.48000,0.02128,0.97872
8.11000,0.48000,0.01704,0.98296
8.13000,0.48000,0.01785,0.98215
8.15000,0.48000,0.09935,0.90065
8.17000,0.48000,0.25394,0.74606
8.19000,0.48000,0.18867,0.81133
8.21000,0.48000,0.17709,0.82291
8.23000,0.48000,0.27003,0.72997
8.25000,0.48000,0.34178,0.65822
8.27000,0.48000,0.28020,0.71980
8.29000,0.48000,0.41231,0.58769
8.31000,0.48000,0.46974,0.53026
8.33000,0.48000,0.60306,0.39694
8.35000,0.48000,0.67092,0.32908
8.37000,0.48000,0.78719,0.21281
8.39000,0.48000,0.72167,0.27833
8.41000,0.48000,0.81059,0.18941
8.43000,0.48000,0.48744,0.51256
8.45000,0.48000,0.91219,0.08781
8.47000,0.48000,0.81022,0.18978
8.49000,0.48000,0.97678,0.02322
8.51000,0.48000,0.99083,0.00917
8.53000,0.48000,0.99875,0.00125
8.55000,0.48000,0.98461,0.01539
8.57000,0.48000,0.99780,0.00220
8.59000,0.48000,0.98240,0.01760
8.61000,0.48000,0.99557,0.00443
8.63000,0.48000,0.98381,0.01619
8.65000,0.48000,0.99697,0.00303
8.67000,0.48000,0.99024,0.00976
8.69000,0.48000,0.99797,0.00203
8.71000,0.48000,0.98322,0.01678
8.73000,0.48000,0.99719,0.00281
8.75000,0.48000,0.89950,0.10050
8.77000,0.48000,0.98842,0.01158
8.79000,0.48000,0.94528,0.05472
8.81000,0.48000,0.94745,0.05255
8.83000,0.48000,0.93066,0.06934
8.85000,0.48000,0.95920,0.04080
8.87000,0.48000,0.94709,0.05291
8.89000,0.48000,0.93344,0.06656
8.91000,0.48000,0.90816,0.09184
8.93000,0.48000,0.97096,0.02904
8.95000,0.48000,0.95655,0.04345
8.97000,0.48000,0.93462,0.06538
8.99000,0.48000,0.96191,0.03809
9.01000,0.48000,0.92809,0.07191
9.03000,0.48000,0.98789,0.01211
9.05000,0.48000,0.94186,0.05814
9.07000,0.48000,0.98502,0.01498
9.09000,0.48000,0.95384,0.04616
9.11000,0.48000,0.97818,0.02182
9.13000,0.48000,0.95155,0.04845
9.15000,0.48000,0.98583,0.01417
9.17000,0.48000,0.94192,0.05808
9.19000,0.48000,0.98994,0.01006
9.21000,0.48000,0.97632,0.02368
9.23000,0.48000,0.99605,0.00395
9.25000,0.48000,0.99191,0.00809
9.27000,0.48000,0.99621,0.00379
9.29000,0.48000,0.99413,0.00587
9.31000,0.48000,0.99703,0.00297
9.33000,0.48000,0.99385,0.00615
9.35000,0.48000,0.99666,0.00334
9.37000,0.48000,0.99783,0.00217
9.39000,0.48000,0.99542,0.00458
9.41000,0.48000,0.99701,0.00299
9.43000,0.48000,0.99625,0.00375
9.45000,0.48000,0.99742,0.00258
9.47000,0.48000,0.99540,0.00460
9.49000,0.48000,0.99616,0.00384
9.51000,0.48000,0.98699,0.01301
9.53000,0.48000,0.99749,0.00251
9.55000,0.48000,0.99412,0.00588
9.57000,0.48000,0.99239,0.00761
9.59000,0.48000,0.98605,0.01395
9.61000,0.48000,0.99130,0.00870
9.63000,0.48000,0.98087,0.01913
9.65000,0.48000,0.99420,0.00580
9.67000,0.48000,0.98927,0.01073
9.69000,0.48000,0.99600,0.00400
9.71000,0.48000,0.98780,0.01220
9.73000,0.48000,0.99478,0.00522
9.75000,0.48000,0.98879,0.01121
9.77000,0.48000,0.99372,0.00628
9.79000,0.48000,0.99083,0.00917
9.81000,0.48000,0.99604,0.00396
9.83000,0.48000,0.97737,0.02263
9.85000,0.48000,0.99451,0.00549
9.87000,0.48000,0.98030,0.01970
9.89000,0.48000,0.97934,0.02066
9.91000,0.48000,0.98901,0.01099
9.93000,0.48000,0.99197,0.00803
9.95000,0.48000,0.98930,0.01070
9.97000,0.48000,0.98694,0.01306
9.99000,0.48000,0.99390,0.00610
10.01000,0.48000,0.99617,0.00383
10.03000,0.48000,0.99711,0.00289
10.05000,0.48000,0.99733,0.00267
10.07000,0.48000,0.99781,0.00219
10.09000,0.48000,0.99803,0.00197
10.11000,0.48000,0.99690,0.00310
10.13000,0.48000,0.99588,0.00412
10.15000,0.48000,0.99890,0.00110
10.17000,0.48000,0.99799,0.00201
10.19000,0.48000,0.99731,0.00269
10.21000,0.48000,0.99684,0.00316
10.23000,0.48000,0.99706,0.00294
10.25000,0.48000,0.99688,0.00312
10.27000,0.48000,0.99564,0.00436
10.29000,0.48000,0.99818,0.00182
10.31000,0.48000,0.99866,0.00134
10.33000,0.48000,0.99715,0.00285
10.35000,0.48000,0.99785,0.00215
10.37000,0.48000,0.99742,0.00258
10.39000,0.48000,0.99811,0.00189
10.41000,0.48000,0.99763,0.00237
10.43000,0.48000,0.99566,0.00434
10.45000,0.48000,0.99770,0.00230
10.47000,0.48000,0.99837,0.00163
10.49000,0.48000,0.99803,0.00197
10.51000,0.48000,0.99869,0.00131
10.53000,0.48000,0.99685,0.00315
10.55000,0.48000,0.99928,0.00072
10.57000,0.48000,0.99675,0.00325
10.59000,0.48000,0.99824,0.00176
10.61000,0.48000,0.99736,0.00264
10.63000,0.48000,0.99813,0.00187
10.65000,0.48000,0.99803,0.00197
10.67000,0.48000,0.99862,0.00138
10.69000,0.48000,0.99712,0.00288
10.71000,0.48000,0.99828,0.00172
10.73000,0.48000,0.99733,0.00267
10.75000,0.48000,0.99748,0.00252
10.77000,0.48000,0.99426,0.00574
10.79000,0.48000,0.99821,0.00179
10.81000,0.48000,0.99610,0.00390
10.83000,0.48000,0.99884,0.00116
10.85000,0.48000,0.99447,0.00553
10.87000,0.48000,0.99114,0.00886
10.89000,0.48000,0.96834,0.03166
10.91000,0.48000,0.98929,0.01071
10.93000,0.48000,0.76386,0.23614
10.95000,0.48000,0.97750,0.02250
10.97000,0.48000,0.81825,0.18175
10.99000,0.48000,0.98758,0.01242
11.01000,0.48000,0.79335,0.20665
11.03000,0.48000,0.91462,0.08538
11.05000,0.48000,0.77966,0.22034
11.07000,0.48000,0.86510,0.13490
11.09000,0.48000,0.42687,0.57313
11.11000,0.48000,0.61692,0.38308
11.13000,0.48000,0.76674,0.23326
11.15000,0.48000,0.63497,0.36503
11.17000,0.48000,0.22592,0.77408
11.19000,0.48000,0.34086,0.65914
11.21000,0.48000,0.12763,0.87237
11.23000,0.48000,0.23901,0.76099
11.25000,0.48000,0.10285,0.89715
11.27000,0.48000,0.07352,0.92648
11.29000,0.48000,0.07094,0.92906
11.31000,0.48000,0.01770,0.98230
11.33000,0.48000,0.02770,0.97230
11.35000,0.48000,0.00498,0.99502
11.37000,0.48000,0.00680,0.99320
11.39000,0.48000,0.00638,0.99362
11.41000,0.48000,0.00531,0.99469
11.43000,0.48000,0.00502,0.99498
11.45000,0.48000,0.01465,0.98535
11.47000,0.48000,0.00299,0.99701
11.49000,0.48000,0.00852,0.99148
11.51000,0.48000,0.00444,0.99556
11.53000,0.48000,0.01094,0.98906
11.55000,0.48000,0.00744,0.99256
11.57000,0.48000,0.01058,0.98942
11.59000,0.48000,0.02941,0.97059
11.61000,0.48000,0.04495,0.95505
11.63000,0.48000,0.04431,0.95569
11.65000,0.48000,0.04931,0.95069
11.67000,0.48000,0.06136,0.93864
11.69000,0.48000,0.03060,0.96940
11.71000,0.48000,0.02798,0.97202
11.73000,0.48000,0.01347,0.98653
11.75000,0.48000,0.04885,0.95115
11.77000,0.48000,0.02159,0.97841
11.79000,0.48000,0.02817,0.97183
11.81000,0.48000,0.00911,0.99089
11.83000,0.48000,0.01749,0.98251
11.85000,0.48000,0.01042,0.98958
11.87000,0.48000,0.00838,0.99162
11.89000,0.48000,0.00766,0.99234
11.91000,0.48000,0.01632,0.98368
11.93000,0.48000,0.02601,0.97399
11.95000,0.48000,0.01609,0.98391
11.97000,0.48000,0.02690,0.97310
11.99000,0.48000,0.06566,0.93434
12.01000,0.48000,0.02833,0.97167
12.03000,0.48000,0.07466,0.92534
12.05000,0.48000,0.04937,0.95063
12.07000,0.48000,0.20373,0.79627
12.09000,0.48000,0.04440,0.95560
12.11000,0.48000,0.03407,0.96593
12.13000,0.48000,0.01804,0.98196
12.15000,0.48000,0.01384,0.98616
12.17000,0.48000,0.01853,0.98147
12.19000,0.48000,0.00650,0.99350
12.21000,0.48000,0.01528,0.98472
12.23000,0.48000,0.00314,0.99686
12.25000,0.48000,0.01464,0.98536
12.27000,0.48000,0.00645,0.99355
12.29000,0.48000,0.00521,0.99479
12.31000,0.48000,0.01424,0.98576
12.33000,0.48000,0.01371,0.98629
12.35000,0.48000,0.00711,0.99289
12.37000,0.48000,0.00841,0.99159
12.39000,0.48000,0.01612,0.98388
12.41000,0.48000,0.00692,0.99309
12.43000,0.48000,0.01768,0.98232
12.45000,0.48000,0.00940,0.99060
12.47000,0.48000,0.02277,0.97723
12.49000,0.48000,0.00559,0.99441
12.51000,0.48000,0.02259,0.97741
12.53000,0.48000,0.00805,0.99195
12.55000,0.48000,0.01570,0.98430
12.57000,0.48000,0.00700,0.99300
12.59000,0.48000,0.00710,0.99290
12.61000,0.48000,0.00605,0.99395
12.63000,0.48000,0.01301,0.98699
12.65000,0.48000,0.00838,0.99162
12.67000,0.48000,0.00791,0.99209
12.69000,0.48000,0.00630,0.99370
12.71000,0.48000,0.00866,0.99134
12.73000,0.48000,0.00638,0.99362
12.75000,0.48000,0.00452,0.99548
12.77000,0.48000,0.00324,0.99676
12.79000,0.48000,0.00377,0.99623
12.81000,0.48000,0.00537,0.99463
12.83000,0.48000,0.00436,0.99564
12.85000,0.48000,0.00528,0.99472
12.87000,0.48000,0.01015,0.98985
12.89000,0.48000,0.00673,0.99327
12.91000,0.48000,0.00394,0.99606
12.93000,0.48000,0.00492,0.99508
12.95000,0.48000,0.00910,0.99090
12.97000,0.48000,0.00719,0.99281
12.99000,0.48000,0.01009,0.98991
13.01000,0.48000,0.00565,0.99435
13.03000,0.48000,0.00185,0.99815
13.05000,0.48000,0.00497,0.99503
13.07000,0.48000,0.00126,0.99874
13.09000,0.48000,0.00216,0.99784
13.11000,0.48000,0.00196,0.99804
13.13000,0.48000,0.00167,0.99833
13.15000,0.48000,0.00199,0.99801
13.17000,0.48000,0.00110,0.99890
13.19000,0.48000,0.00068,0.99932
13.21000,0.48000,0.00140,0.99860
13.23000,0.48000,0.00269,0.99731
13.25000,0.48000,0.00594,0.99406
13.27000,0.48000,0.00128,0.99872
13.29000,0.48000,0.01600,0.98400
13.31000,0.48000,0.00034,0.99966
13.33000,0.48000,0.00161,0.99839
13.35000,0.48000,0.00077,0.99923
13.37000,0.48000,0.01107,0.98893
13.39000,0.48000,0.00140,0.99860
13.41000,0.48000,0.00681,0.99319
13.43000,0.48000,0.00225,0.99775
13.45000,0.48000,0.00184,0.99816
13.47000,0.48000,0.00032,0.99968
13.49000,0.48000,0.00166,0.99834
13.51000,0.48000,0.00107,0.99893
13.53000,0.48000,0.00425,0.99575
13.55000,0.48000,0.00292,0.99708
13.57000,0.48000,0.00052,0.99948
13.59000,0.48000,0.00232,0.99768
13.61000,0.48000,0.00101,0.99899
13.63000,0.48000,0.00395,0.99605
13.65000,0.48000,0.00039,0.99961
13.67000,0.48000,0.00112,0.99888
13.69000,0.48000,0.00105,0.99895
13.71000,0.48000,0.00178,0.99822
13.73000,0.48000,0.00364,0.99636
13.75000,0.48000,0.00637,0.99363
13.77000,0.48000,0.00809,0.99191
13.79000,0.48000,0.01093,0.98907
13.81000,0.48000,0.01280,0.98720
13.83000,0.48000,0.02242,0.97758
13.85000,0.48000,0.05358,0.94642
13.87000,0.48000,0.07217,0.92783
13.89000,0.48000,0.10076,0.89924
13.91000,0.48000,0.34205,0.65795
13.93000,0.48000,0.15031,0.84969
13.95000,0.48000,0.17450,0.82550
13.97000,0.48000,0.22900,0.77100
13.99000,0.48000,0.29864,0.70136
14.01000,0.48000,0.43605,0.56395
14.03000,0.48000,0.26640,0.73360
14.05000,0.48000,0.65223,0.34777
14.07000,0.48000,0.74647,0.25353
14.09000,0.48000,0.27467,0.72533
14.11000,0.48000,0.41738,0.58262
14.13000,0.48000,0.37544,0.62456
14.15000,0.48000,0.76119,0.23881
14.17000,0.48000,0.51517,0.48483
14.19000,0.48000,0.90578,0.09422
14.21000,0.48000,0.98454,0.01546
14.23000,0.48000,0.99776,0.00224
14.25000,0.48000,0.97555,0.02445
14.27000,0.48000,0.99622,0.00378
14.29000,0.48000,0.97021,0.02979
14.31000,0.48000,0.99735,0.00265
14.33000,0.48000,0.98411,0.01589
14.35000,0.48000,0.99552,0.00448
14.37000,0.48000,0.99268,0.00732
14.39000,0.48000,0.98842,0.01158
14.41000,0.48000,0.98230,0.01770
14.43000,0.48000,0.98816,0.01184
14.45000,0.48000,0.97140,0.02860
14.47000,0.48000,0.97968,0.02032
14.49000,0.48000,0.97970,0.02030
14.51000,0.48000,0.98747,0.01253
14.53000,0.48000,0.97152,0.02848
14.55000,0.48000,0.98478,0.01522
14.57000,0.48000,0.93106,0.06894
14.59000,0.48000,0.97780,0.02220
14.61000,0.48000,0.87591,0.12409
14.63000,0.48000,0.94193,0.05807
14.65000,0.48000,0.89568,0.10432
14.67000,0.48000,0.86800,0.13200
14.69000,0.48000,0.95500,0.04500
14.71000,0.48000,0.93450,0.06550
14.73000,0.48000,0.97405,0.02595
14.75000,0.48000,0.94390,0.05610
14.77000,0.48000,0.97174,0.02826
14.79000,0.48000,0.80853,0.19147
14.81000,0.48000,0.93308,0.06692
14.83000,0.48000,0.88263,0.11737
14.85000,0.48000,0.96800,0.03200
14.87000,0.48000,0.78989,0.21011
14.89000,0.48000,0.98300,0.01700
14.91000,0.48000,0.91291,0.08709
14.93000,0.48000,0.98885,0.01115
14.95000,0.48000,0.94523,0.05477
14.97000,0.48000,0.98345,0.01655
14.99000,0.48000,0.98096,0.01904
15.01000,0.48000,0.99538,0.00462
15.03000,0.48000,0.97604,0.02396
15.05000,0.48000,0.99664,0.00336
15.07000,0.48000,0.98022,0.01978
15.09000,0.48000,0.99347,0.00653
15.11000,0.48000,0.96018,0.03982
15.13000,0.48000,0.99448,0.00552
15.15000,0.48000,0.97417,0.02583
15.17000,0.48000,0.99633,0.00367
15.19000,0.48000,0.97578,0.02422
15.21000,0.48000,0.98674,0.01326
15.23000,0.48000,0.99436,0.00564
15.25000,0.48000,0.99133,0.00867
15.27000,0.48000,0.99564,0.00436
15.29000,0.48000,0.98897,0.01103
15.31000,0.48000,0.99693,0.00307
15.33000,0.48000,0.99047,0.00953
15.35000,0.48000,0.99571,0.00429
15.37000,0.48000,0.99579,0.00421
15.39000,0.48000,0.99880,0.00120
15.41000,0.48000,0.99635,0.00365
15.43000,0.48000,0.99789,0.00211
15.45000,0.48000,0.99547,0.00453
15.47000,0.48000,0.99681,0.00319
15.49000,0.48000,0.99276,0.00724
15.51000,0.48000,0.99701,0.00299
15.53000,0.48000,0.99514,0.00486
15.55000,0.48000,0.99511,0.00489
15.57000,0.48000,0.99361,0.00639
15.59000,0.48000,0.99611,0.00389
15.61000,0.48000,0.99135,0.00865
15.63000,0.48000,0.99775,0.00225
15.65000,0.48000,0.99728,0.00272
15.67000,0.48000,0.99806,0.00194
15.69000,0.48000,0.99630,0.00370
15.71000,0.48000,0.99890,0.00110
15.73000,0.48000,0.99676,0.00324
15.75000,0.48000,0.99859,0.00141
15.77000,0.48000,0.99753,0.00247
15.79000,0.48000,0.99783,0.00217
15.81000,0.48000,0.99706,0.00294
15.83000,0.48000,0.99818,0.00182
15.85000,0.48000,0.99787,0.00213
15.87000,0.48000,0.99729,0.00271
15.89000,0.48000,0.99706,0.00294
15.91000,0.48000,0.99753,0.00247
15.93000,0.48000,0.99789,0.00211
15.95000,0.48000,0.99377,0.00623
15.97000,0.48000,0.99862,0.00138
15.99000,0.48000,0.99802,0.00198
16.01000,0.48000,0.99844,0.00156
16.03000,0.48000,0.99717,0.00283
16.05000,0.48000,0.99826,0.00174
16.07000,0.48000,0.99749,0.00251
16.09000,0.48000,0.99684,0.00316
16.11000,0.48000,0.99696,0.00304
16.13000,0.48000,0.99649,0.00351
16.15000,0.48000,0.99575,0.00425
16.17000,0.48000,0.99715,0.00285
16.19000,0.48000,0.99610,0.00390
16.21000,0.48000,0.99632,0.00368
16.23000,0.48000,0.99612,0.00388
16.25000,0.48000,0.99802,0.00198
16.27000,0.48000,0.99756,0.00244
16.29000,0.48000,0.99761,0.00239
16.31000,0.48000,0.99604,0.00396
16.33000,0.48000,0.99873,0.00127
16.35000,0.48000,0.99596,0.00404
16.37000,0.48000,0.99876,0.00124
16.39000,0.48000,0.99683,0.00317
16.41000,0.48000,0.99861,0.00139
16.43000,0.48000,0.99710,0.00290
16.45000,0.48000,0.99815,0.00185
16.47000,0.48000,0.99769,0.00231
16.49000,0.48000,0.99850,0.00150
16.51000,0.48000,0.99865,0.00135
16.53000,0.48000,0.99864,0.00136
16.55000,0.48000,0.99870,0.00130
16.57000,0.48000,0.99837,0.00163
16.59000,0.48000,0.99830,0.00170
16.61000,0.48000,0.99815,0.00185
16.63000,0.48000,0.99764,0.00236
16.65000,0.48000,0.99852,0.00148
16.67000,0.48000,0.99783,0.00217
16.69000,0.48000,0.99788,0.00212
16.71000,0.48000,0.99774,0.00226
16.73000,0.48000,0.99813,0.00187
16.75000,0.48000,0.99756,0.00244
16.77000,0.48000,0.99785,0.00215
16.79000,0.48000,0.99590,0.00410
16.81000,0.48000,0.99831,0.00169
16.83000,0.48000,0.99115,0.00885
16.85000,0.48000,0.99810,0.00190
16.87000,0.48000,0.99423,0.00577
16.89000,0.48000,0.99829,0.00171
16.91000,0.48000,0.99310,0.00690
16.93000,0.48000,0.99799,0.00201
16.95000,0.48000,0.99346,0.00654
16.97000,0.48000,0.99799,0.00201
16.99000,0.48000,0.99675,0.00325
17.01000,0.48000,0.99796,0.00204
17.03000,0.48000,0.99715,0.00285
17.05000,0.48000,0.99830,0.00170
17.07000,0.48000,0.99790,0.00210
17.09000,0.48000,0.99874,0.00126
17.11000,0.48000,0.99686,0.00314
17.13000,0.48000,0.99731,0.00269
17.15000,0.48000,0.99484,0.00516
17.17000,0.48000,0.99837,0.00163
17.19000,0.48000,0.99624,0.00376
17.21000,0.48000,0.99807,0.00193
17.23000,0.48000,0.99541,0.00459
17.25000,0.48000,0.99836,0.00164
17.27000,0.48000,0.99748,0.00252
17.29000,0.48000,0.99864,0.00136
17.31000,0.48000,0.99646,0.00354
17.33000,0.48000,0.99767,0.00233
17.35000,0.48000,0.99752,0.00248
17.37000,0.48000,0.99498,0.00502
17.39000,0.48000,0.99716,0.00284
17.41000,0.48000,0.99744,0.00256
17.43000,0.48000,0.99836,0.00164
17.45000,0.48000,0.99736,0.00264
17.47000,0.48000,0.99791,0.00209
17.49000,0.48000,0.99627,0.00373
17.51000,0.48000,0.99867,0.00133
17.53000,0.48000,0.99644,0.00356
17.55000,0.48000,0.99861,0.00139
17.57000,0.48000,0.99764,0.00236
17.59000,0.48000,0.99872,0.00128
17.61000,0.48000,0.99729,0.00271
17.63000,0.48000,0.99829,0.00171
17.65000,0.48000,0.99641,0.00359
17.67000,0.48000,0.99702,0.00298
17.69000,0.48000,0.99457,0.00543
17.71000,0.48000,0.99690,0.00310
17.73000,0.48000,0.99795,0.00205
17.75000,0.48000,0.99772,0.00228
17.77000,0.48000,0.99677,0.00323
17.79000,0.48000,0.99723,0.00277
17.81000,0.48000,0.99814,0.00186
17.83000,0.48000,0.99680,0.00320
17.85000,0.48000,0.99882,0.00118
17.87000,0.48000,0.99805,0.00195
17.89000,0.48000,0.99892,0.00108
17.91000,0.48000,0.99677,0.00323
17.93000,0.48000,0.99819,0.00181
17.95000,0.48000,0.99598,0.00402
17.97000,0.48000,0.99875,0.00125
17.99000,0.48000,0.99254,0.00746
18.01000,0.48000,0.99862,0.00138
18.03000,0.48000,0.99538,0.00462
18.05000,0.48000,0.99889,0.00111
18.07000,0.48000,0.99861,0.00139
18.09000,0.48000,0.99858,0.00142
18.11000,0.48000,0.99799,0.00201
18.13000,0.48000,0.99901,0.00099
18.15000,0.48000,0.99882,0.00118
18.17000,0.48000,0.99763,0.00237
18.19000,0.48000,0.99808,0.00192
18.21000,0.48000,0.99845,0.00155
18.23000,0.48000,0.99880,0.00120
18.25000,0.48000,0.99818,0.00182
18.27000,0.48000,0.99862,0.00138
18.29000,0.48000,0.99903,0.00097
18.31000,0.48000,0.99846,0.00154
18.33000,0.48000,0.99883,0.00117
18.35000,0.48000,0.99739,0.00261
18.37000,0.48000,0.99842,0.00158
18.39000,0.48000,0.99655,0.00345
18.41000,0.48000,0.99854,0.00146
18.43000,0.48000,0.99576,0.00424
18.45000,0.48000,0.99887,0.00113
18.47000,0.48000,0.99688,0.00312
18.49000,0.48000,0.99894,0.00106
18.51000,0.48000,0.99292,0.00708
18.53000,0.48000,0.99829,0.00171
18.55000,0.48000,0.99427,0.00573
18.57000,0.48000,0.99584,0.00416
18.59000,0.48000,0.99704,0.00296
18.61000,0.48000,0.99772,0.00228
18.63000,0.48000,0.99510,0.00490
18.65000,0.48000,0.99750,0.00250
18.67000,0.48000,0.99713,0.00287
18.69000,0.48000,0.99645,0.00355
18.71000,0.48000,0.99680,0.00320
18.73000,0.48000,0.99399,0.00601
18.75000,0.48000,0.99805,0.00195
18.77000,0.48000,0.99684,0.00316
18.79000,0.48000,0.99794,0.00206
18.81000,0.48000,0.99534,0.00466
18.83000,0.48000,0.99749,0.00251
18.85000,0.48000,0.99490,0.00510
18.87000,0.48000,0.99598,0.00402
18.89000,0.48000,0.98822,0.01178
18.91000,0.48000,0.99708,0.00292
18.93000,0.48000,0.99616,0.00384
18.95000,0.48000,0.95647,0.04353
18.97000,0.48000,0.91158,0.08842
18.99000,0.48000,0.93829,0.06171
19.01000,0.48000,0.91951,0.08049
19.03000,0.48000,0.95961,0.04039
19.05000,0.48000,0.80942,0.19058
19.07000,0.48000,0.85890,0.14110
19.09000,0.48000,0.60411,0.39589
19.11000,0.48000,0.62256,0.37744
19.13000,0.48000,0.61813,0.38187
19.15000,0.48000,0.57123,0.42877
19.17000,0.48000,0.51218,0.48782
19.19000,0.48000,0.40731,0.59269
19.21000,0.48000,0.40286,0.59714
19.23000,0.48000,0.25675,0.74325
19.25000,0.48000,0.24909,0.75091
19.27000,0.48000,0.15501,0.84499
19.29000,0.48000,0.15159,0.84841
19.31000,0.48000,0.12641,0.87359
19.33000,0.48000,0.07230,0.92770
19.35000,0.48000,0.02121,0.97879
19.37000,0.48000,0.02603,0.97397
19.39000,0.48000,0.01417,0.98583
19.41000,0.48000,0.02081,0.97919
19.43000,0.48000,0.01169,0.98831
19.45000,0.48000,0.02274,0.97726
19.47000,0.48000,0.01378,0.98622
19.49000,0.48000,0.01780,0.98220
19.51000,0.48000,0.02642,0.97358
19.53000,0.48000,0.01043,0.98957
19.55000,0.48000,0.01809,0.98191
19.57000,0.48000,0.00969,0.99031
19.59000,0.48000,0.01687,0.98313
19.61000,0.48000,0.01416,0.98584
19.63000,0.48000,0.01232,0.98768
19.65000,0.48000,0.01986,0.98014
19.67000,0.48000,0.01723,0.98277
19.69000,0.48000,0.01112,0.98888
19.71000,0.48000,0.04322,0.95678
19.73000,0.48000,0.01260,0.98740
19.75000,0.48000,0.03802,0.96198
19.77000,0.48000,0.01396,0.98604
19.79000,0.48000,0.02261,0.97739
19.81000,0.48000,0.01430,0.98570
19.83000,0.48000,0.03658,0.96342
19.85000,0.48000,0.04054,0.95946
19.87000,0.48000,0.05584,0.94416
19.89000,0.48000,0.13687,0.86313
19.91000,0.48000,0.09979,0.90021
19.93000,0.48000,0.02825,0.97175
19.95000,0.48000,0.01006,0.98994
19.97000,0.48000,0.02118,0.97882
19.99000,0.48000,0.02193,0.97807
20.01000,0.48000,0.01102,0.98898
20.03000,0.48000,0.01143,0.98857
20.05000,0.48000,0.00774,0.99226
20.07000,0.48000,0.05186,0.94814
20.09000,0.48000,0.02026,0.97974
20.11000,0.48000,0.01292,0.98708
20.13000,0.48000,0.02457,0.97543
20.15000,0.48000,0.01948,0.98052
20.17000,0.48000,0.02227,0.97773
20.19000,0.48000,0.02155,0.97845
20.21000,0.48000,0.01475,0.98525
20.23000,0.48000,0.02037,0.97963
20.25000,0.48000,0.02806,0.97194
20.27000,0.48000,0.01406,0.98594
20.29000,0.48000,0.04732,0.95268
20.31000,0.48000,0.03973,0.96027
20.33000,0.48000,0.06140,0.93860
20.35000,0.48000,0.00538,0.99462
20.37000,0.48000,0.01960,0.98040
20.39000,0.48000,0.00802,0.99198
20.41000,0.48000,0.02216,0.97784
20.43000,0.48000,0.00854,0.99146
20.45000,0.48000,0.01535,0.98465
20.47000,0.48000,0.01363,0.98637
20.49000,0.48000,0.01069,0.98931
20.51000,0.48000,0.01429,0.98571
20.53000,0.48000,0.00623,0.99377
20.55000,0.48000,0.01585,0.98415
20.57000,0.48000,0.01136,0.98864
20.59000,0.48000,0.01732,0.98268
20.61000,0.48000,0.01717,0.98283
20.63000,0.48000,0.00550,0.99450
20.65000,0.48000,0.01548,0.98452
20.67000,0.48000,0.01292,0.98708
20.69000,0.48000,0.00369,0.99631
20.71000,0.48000,0.00725,0.99275
20.73000,0.48000,0.00488,0.99512
20.75000,0.48000,0.00548,0.99452
20.77000,0.48000,0.00252,0.99748
20.79000,0.48000,0.00491,0.99509
20.81000,0.48000,0.00677,0.99323
20.83000,0.48000,0.00478,0.99522
20.85000,0.48000,0.00319,0.99681
20.87000,0.48000,0.00281,0.99719
20.89000,0.48000,0.00634,0.99366
20.91000,0.48000,0.00248,0.99752
20.93000,0.48000,0.00379,0.99621
20.95000,0.48000,0.00259,0.99741
20.97000,0.48000,0.00651,0.99349
20.99000,0.48000,0.00431,0.99569
21.01000,0.48000,0.03504,0.96496
21.03000,0.48000,0.00649,0.99351
21.05000,0.48000,0.01417,0.98583
21.07000,0.48000,0.00998,0.99002
21.09000,0.48000,0.01615,0.98385
21.11000,0.48000,0.00400,0.99600
21.13000,0.48000,0.01975,0.98025
21.15000,0.48000,0.00436,0.99564
21.17000,0.48000,0.01022,0.98978
21.19000,0.48000,0.00411,0.99589
21.21000,0.48000,0.02143,0.97857
21.23000,0.48000,0.00621,0.99379
21.25000,0.48000,0.01073,0.98927
21.27000,0.48000,0.00886,0.99114
21.29000,0.48000,0.00868,0.99132
21.31000,0.48000,0.01584,0.98416
21.33000,0.48000,0.01040,0.98960
21.35000,0.48000,0.01696,0.98304
21.37000,0.48000,0.00649,0.99351
21.39000,0.48000,0.00817,0.99183
21.41000,0.48000,0.01619,0.98381
21.43000,0.48000,0.03280,0.96720
21.45000,0.48000,0.02652,0.97348
21.47000,0.48000,0.04968,0.95032
21.49000,0.48000,0.01669,0.98331
21.51000,0.48000,0.01691,0.98309
21.53000,0.48000,0.01631,0.98369
21.55000,0.48000,0.01256,0.98744
21.57000,0.48000,0.01675,0.98325
21.59000,0.48000,0.01389,0.98611
21.61000,0.48000,0.01230,0.98770
21.63000,0.48000,0.02439,0.97561
21.65000,0.48000,0.01473,0.98527
21.67000,0.48000,0.02246,0.97754
21.69000,0.48000,0.03727,0.96273
21.71000,0.48000,0.02875,0.97125
21.73000,0.48000,0.06493,0.93507
21.75000,0.48000,0.07285,0.92715
21.77000,0.48000,0.11161,0.88839
21.79000,0.48000,0.19122,0.80878
21.81000,0.48000,0.09347,0.90653
21.83000,0.48000,0.28776,0.71224
21.85000,0.48000,0.14318,0.85682
21.87000,0.48000,0.33573,0.66427
21.89000,0.48000,0.40005,0.59995
21.91000,0.48000,0.40249,0.59751
21.93000,0.48000,0.44748,0.55252
21.95000,0.48000,0.50770,0.49230
21.97000,0.48000,0.41521,0.58479
21.99000,0.48000,0.55756,0.44244
22.01000,0.48000,0.48277,0.51723
22.03000,0.48000,0.40884,0.59116
22.05000,0.48000,0.53198,0.46802
22.07000,0.48000,0.90794,0.09206
22.09000,0.48000,0.91064,0.08936
22.11000,0.48000,0.88855,0.11145
22.13000,0.48000,0.97955,0.02045
22.15000,0.48000,0.93294,0.06706
22.17000,0.48000,0.97367,0.02633
22.19000,0.48000,0.85135,0.14865
22.21000,0.48000,0.83118,0.16882
22.23000,0.48000,0.91275,0.08725
22.25000,0.48000,0.51694,0.48306
22.27000,0.48000,0.86871,0.13129
22.29000,0.48000,0.71306,0.28694
22.31000,0.48000,0.81261,0.18739
22.33000,0.48000,0.64726,0.35274
22.35000,0.48000,0.87166,0.12834
22.37000,0.48000,0.53591,0.46409
22.39000,0.48000,0.53850,0.46150
22.41000,0.48000,0.58713,0.41287
22.43000,0.48000,0.61955,0.38045
22.45000,0.48000,0.67326,0.32674
22.47000,0.48000,0.91472,0.08528
22.49000,0.48000,0.50942,0.49058
22.51000,0.48000,0.91141,0.08859
22.53000,0.48000,0.60781,0.39219
22.55000,0.48000,0.94042,0.05958
22.57000,0.48000,0.71072,0.28928
22.59000,0.48000,0.96144,0.03856
22.61000,0.48000,0.85368,0.14632
22.63000,0.48000,0.91079,0.08921
22.65000,0.48000,0.94913,0.05087
22.67000,0.48000,0.94727,0.05273
22.69000,0.48000,0.99343,0.00657
22.71000,0.48000,0.95066,0.04934
22.73000,0.48000,0.99595,0.00405
22.75000,0.48000,0.97062,0.02938
22.77000,0.48000,0.98702,0.01298
22.79000,0.48000,0.96162,0.03838
22.81000,0.48000,0.99516,0.00484
22.83000,0.48000,0.95721,0.04279
22.85000,0.48000,0.98807,0.01193
22.87000,0.48000,0.98124,0.01876
22.89000,0.48000,0.99355,0.00645
22.91000,0.48000,0.96981,0.03019
22.93000,0.48000,0.98782,0.01218
22.95000,0.48000,0.93132,0.06868
22.97000,0.48000,0.98351,0.01649
22.99000,0.48000,0.94702,0.05298
23.01000,0.48000,0.98635,0.01365
23.03000,0.48000,0.97530,0.02470
23.05000,0.48000,0.99483,0.00517
23.07000,0.48000,0.99342,0.00658
23.09000,0.48000,0.98867,0.01133
23.11000,0.48000,0.98543,0.01457
23.13000,0.48000,0.99497,0.00503
23.15000,0.48000,0.99348,0.00652
23.17000,0.48000,0.98613,0.01387
23.19000,0.48000,0.99393,0.00607
23.21000,0.48000,0.98761,0.01239
23.23000,0.48000,0.98456,0.01544
23.25000,0.48000,0.98911,0.01089
23.27000,0.48000,0.99846,0.00154
23.29000,0.48000,0.99558,0.00442
23.31000,0.48000,0.99663,0.00337
23.33000,0.48000,0.99760,0.00240
23.35000,0.48000,0.99749,0.00251
23.37000,0.48000,0.99771,0.00229
23.39000,0.48000,0.99706,0.00294
23.41000,0.48000,0.99373,0.00627
23.43000,0.48000,0.99802,0.00198
23.45000,0.48000,0.99730,0.00270
23.47000,0.48000,0.99699,0.00301
23.49000,0.48000,0.99494,0.00506
23.51000,0.48000,0.99788,0.00212
23.53000,0.48000,0.99550,0.00450
23.55000,0.48000,0.99581,0.00419
23.57000,0.48000,0.99242,0.00758
23.59000,0.48000,0.99475,0.00525
23.61000,0.48000,0.99657,0.00343
23.63000,0.48000,0.99478,0.00522
23.65000,0.48000,0.99267,0.00733
23.67000,0.48000,0.99785,0.00215
23.69000,0.48000,0.99591,0.00409
23.71000,0.48000,0.99624,0.00376
23.73000,0.48000,0.99152,0.00848
23.75000,0.48000,0.99160,0.00840
23.77000,0.48000,0.99494,0.00506
23.79000,0.48000,0.99474,0.00526
23.81000,0.48000,0.98806,0.01194
23.83000,0.48000,0.99544,0.00456
23.85000,0.48000,0.99720,0.00280
23.87000,0.48000,0.99689,0.00311
23.89000,0.48000,0.99614,0.00386
23.91000,0.48000,0.99503,0.00497
23.93000,0.48000,0.99653,0.00347
23.95000,0.48000,0.99528,0.00472
23.97000,0.48000,0.99499,0.00501
23.99000,0.48000,0.94614,0.05386
24.01000,0.48000,0.95542,0.04458
24.03000,0.48000,0.95847,0.04153
24.05000,0.48000,0.95414,0.04586
24.07000,0.48000,0.95722,0.04278
24.09000,0.48000,0.94487,0.05513
24.11000,0.48000,0.95454,0.04546
24.13000,0.48000,0.96175,0.03825
24.15000,0.48000,0.88359,0.11641
24.17000,0.48000,0.82096,0.17904
24.19000,0.48000,0.71619,0.28381
24.21000,0.48000,0.83698,0.16302
24.23000,0.48000,0.53016,0.46984
24.25000,0.48000,0.23578,0.76422
24.27000,0.48000,0.47832,0.52168
24.29000,0.48000,0.44888,0.55112
24.31000,0.48000,0.28414,0.71586
24.33000,0.48000,0.15375,0.84625
24.35000,0.48000,0.16121,0.83879
24.37000,0.48000,0.08553,0.91447
24.39000,0.48000,0.02090,0.97910
24.41000,0.48000,0.01312,0.98688
24.43000,0.48000,0.01854,0.98146
24.45000,0.48000,0.00444,0.99556
24.47000,0.48000,0.00407,0.99593
24.49000,0.48000,0.00773,0.99227
24.51000,0.48000,0.00107,0.99893
24.53000,0.48000,0.00245,0.99755
24.55000,0.48000,0.00151,0.99849
24.57000,0.48000,0.00389,0.99611
24.59000,0.48000,0.00121,0.99879
24.61000,0.48000,0.00070,0.99930
24.63000,0.48000,0.00049,0.99951
24.65000,0.48000,0.00129,0.99871
24.67000,0.48000,0.00084,0.99916
24.69000,0.48000,0.00178,0.99822
24.71000,0.48000,0.00378,0.99622
24.73000,0.48000,0.00163,0.99837
24.75000,0.48000,0.00133,0.99867
24.77000,0.48000,0.00140,0.99860
24.79000,0.48000,0.00104,0.99896
24.81000,0.48000,0.00151,0.99849
24.83000,0.48000,0.00054,0.99946
24.85000,0.48000,0.00104,0.99896
24.87000,0.48000,0.00013,0.99987
24.89000,0.48000,0.00220,0.99779
24.91000,0.48000,0.00070,0.99930
24.93000,0.48000,0.00199,0.99801
24.95000,0.48000,0.00042,0.99958
24.97000,0.48000,0.00218,0.99782
24.99000,0.48000,0.00061,0.99939
25.01000,0.48000,0.00182,0.99818
25.03000,0.48000,0.00110,0.99890
25.05000,0.48000,0.00156,0.99844
25.07000,0.48000,0.00158,0.99842
25.09000,0.48000,0.00338,0.99662
25.11000,0.48000,0.00267,0.99733
25.13000,0.48000,0.00891,0.99109
25.15000,0.48000,0.00270,0.99730
25.17000,0.48000,0.01412,0.98588
25.19000,0.48000,0.00423,0.99577
25.21000,0.48000,0.00449,0.99551
25.23000,0.48000,0.00535,0.99465
25.25000,0.48000,0.00591,0.99409
25.27000,0.48000,0.01431,0.98569
25.29000,0.48000,0.01191,0.98809
25.31000,0.48000,0.01821,0.98179
25.33000,0.48000,0.01272,0.98728
25.35000,0.48000,0.01212,0.98788
25.37000,0.48000,0.01347,0.98653
25.39000,0.48000,0.00735,0.99265
25.41000,0.48000,0.02568,0.97432
25.43000,0.48000,0.00635,0.99365
25.45000,0.48000,0.03369,0.96631
25.47000,0.48000,0.01245,0.98755
25.49000,0.48000,0.01982,0.98018
25.51000,0.48000,0.01663,0.98337
25.53000,0.48000,0.05985,0.94015
25.55000,0.48000,0.02001,0.97999
25.57000,0.48000,0.01651,0.98349
25.59000,0.48000,0.01913,0.98087
25.61000,0.48000,0.02584,0.97416
25.63000,0.48000,0.01434,0.98566
25.65000,0.48000,0.02373,0.97627
25.67000,0.48000,0.03281,0.96719
25.69000,0.48000,0.02644,0.97356
25.71000,0.48000,0.03737,0.96263
25.73000,0.48000,0.01472,0.98528
25.75000,0.48000,0.02465,0.97535
25.77000,0.48000,0.01832,0.98168
25.79000,0.48000,0.04910,0.95090
25.81000,0.48000,0.01231,0.98769
25.83000,0.48000,0.02422,0.97578
25.85000,0.48000,0.00913,0.99087
25.87000,0.48000,0.01125,0.98875
25.89000,0.48000,0.00922,0.99078
25.91000,0.48000,0.02325,0.97675
25.93000,0.48000,0.09835,0.90165
25.95000,0.48000,0.02786,0.97214
25.97000,0.48000,0.04062,0.95938
25.99000,0.48000,0.12846,0.87154
26.01000,0.48000,0.13730,0.86270
26.03000,0.48000,0.12670,0.87330
26.05000,0.48000,0.38693,0.61307
26.07000,0.48000,0.40748,0.59252
26.09000,0.48000,0.26000,0.74000
26.11000,0.48000,0.06930,0.93070
26.13000,0.48000,0.11782,0.88218
26.15000,0.48000,0.06956,0.93044
26.17000,0.48000,0.01866,0.98134
26.19000,0.48000,0.02065,0.97935
26.21000,0.48000,0.02475,0.97525
26.23000,0.48000,0.02595,0.97405
26.25000,0.48000,0.01038,0.98962
26.27000,0.48000,0.01507,0.98493
26.29000,0.48000,0.01724,0.98276
26.31000,0.48000,0.01933,0.98067
26.33000,0.48000,0.02316,0.97684
26.35000,0.48000,0.04209,0.95791
26.37000,0.48000,0.06474,0.93526
26.39000,0.48000,0.05592,0.94408
26.41000,0.48000,0.07659,0.92341
26.43000,0.48000,0.25656,0.74344
26.45000,0.48000,0.07917,0.92083
26.47000,0.48000,0.24018,0.75982
26.49000,0.48000,0.14963,0.85037
26.51000,0.48000,0.23604,0.76396
26.53000,0.48000,0.14135,0.85865
26.55000,0.48000,0.20841,0.79159
26.57000,0.48000,0.15607,0.84393
26.59000,0.48000,0.13192,0.86808
26.61000,0.48000,0.23876,0.76124
26.63000,0.48000,0.09001,0.90999
26.65000,0.48000,0.18027,0.81973
26.67000,0.48000,0.14032,0.85968
26.69000,0.48000,0.13975,0.86025
26.71000,0.48000,0.08646,0.91354
26.73000,0.48000,0.27283,0.72717
26.75000,0.48000,0.13138,0.86862
26.77000,0.48000,0.37414,0.62586
26.79000,0.48000,0.42705,0.57295
26.81000,0.48000,0.63090,0.36910
26.83000,0.48000,0.81361,0.18639
26.85000,0.48000,0.92751,0.07249
26.87000,0.48000,0.62788,0.37212
26.89000,0.48000,0.87253,0.12747
26.91000,0.48000,0.71036,0.28964
26.93000,0.48000,0.83088,0.16912
26.95000,0.48000,0.52212,0.47788
26.97000,0.48000,0.77871,0.22129
26.99000,0.48000,0.59650,0.40350
27.01000,0.48000,0.92722,0.07278
27.03000,0.48000,0.73323,0.26677
27.05000,0.48000,0.87718,0.12282
27.07000,0.48000,0.86000,0.14000
27.09000,0.48000,0.87144,0.12856
27.11000,0.48000,0.83627,0.16373
27.13000,0.48000,0.94448,0.05552
27.15000,0.48000,0.89125,0.10875
27.17000,0.48000,0.96665,0.03335
27.19000,0.48000,0.92496,0.07504
27.21000,0.48000,0.97805,0.02195
27.23000,0.48000,0.98762,0.01238
27.25000,0.48000,0.97609,0.02391
27.27000,0.48000,0.98567,0.01433
27.29000,0.48000,0.99613,0.00387
27.31000,0.48000,0.99339,0.00661
27.33000,0.48000,0.99333,0.00667
27.35000,0.48000,0.99706,0.00294
27.37000,0.48000,0.99538,0.00462
27.39000,0.48000,0.99664,0.00336
27.41000,0.48000,0.99612,0.00388
27.43000,0.48000,0.99716,0.00284
27.45000,0.48000,0.99820,0.00180
27.47000,0.48000,0.99693,0.00307
27.49000,0.48000,0.99654,0.00346
27.51000,0.48000,0.99479,0.00521
27.53000,0.48000,0.99749,0.00251
27.55000,0.48000,0.99734,0.00266
27.57000,0.48000,0.99708,0.00292
27.59000,0.48000,0.99598,0.00402
27.61000,0.48000,0.99713,0.00287
27.63000,0.48000,0.99683,0.00317
27.65000,0.48000,0.99811,0.00189
27.67000,0.48000,0.99804,0.00196
27.69000,0.48000,0.99895,0.00105
27.71000,0.48000,0.99709,0.00291
27.73000,0.48000,0.99776,0.00224
27.75000,0.48000,0.99726,0.00274
27.77000,0.48000,0.99887,0.00113
27.79000,0.48000,0.99770,0.00230
27.81000,0.48000,0.99923,0.00077
27.83000,0.48000,0.99724,0.00276
27.85000,0.48000,0.99922,0.00078
27.87000,0.48000,0.99742,0.00258
27.89000,0.48000,0.99850,0.00150
27.91000,0.48000,0.99738,0.00262
27.93000,0.48000,0.99725,0.00275
27.95000,0.48000,0.99758,0.00242
27.97000,0.48000,0.99700,0.00300
27.99000,0.48000,0.99777,0.00223
28.01000,0.48000,0.99869,0.00131
28.03000,0.48000,0.99765,0.00235
28.05000,0.48000,0.99777,0.00223
28.07000,0.48000,0.99776,0.00224
28.09000,0.48000,0.99800,0.00200
28.11000,0.48000,0.99405,0.00595
28.13000,0.48000,0.99807,0.00193
28.15000,0.48000,0.99330,0.00670
28.17000,0.48000,0.99809,0.00191
28.19000,0.48000,0.99554,0.00446
28.21000,0.48000,0.99630,0.00370
28.23000,0.48000,0.99635,0.00365
28.25000,0.48000,0.99894,0.00106
28.27000,0.48000,0.99805,0.00195
28.29000,0.48000,0.99798,0.00202
28.31000,0.48000,0.99723,0.00277
28.33000,0.48000,0.99825,0.00175
28.35000,0.48000,0.99824,0.00176
28.37000,0.48000,0.99698,0.00302
28.39000,0.48000,0.99763,0.00237
28.41000,0.48000,0.99708,0.00292
28.43000,0.48000,0.99830,0.00170
28.45000,0.48000,0.99714,0.00286
28.47000,0.48000,0.99844,0.00156
28.49000,0.48000,0.99823,0.00177
28.51000,0.48000,0.99819,0.00181
28.53000,0.48000,0.99891,0.00109
28.55000,0.48000,0.99834,0.00166
28.57000,0.48000,0.99893,0.00107
28.59000,0.48000,0.99757,0.00243
28.61000,0.48000,0.99858,0.00142
28.63000,0.48000,0.99786,0.00214
28.65000,0.48000,0.99783,0.00217
28.67000,0.48000,0.99807,0.00193
28.69000,0.48000,0.99861,0.00139
28.71000,0.48000,0.99898,0.00102
28.73000,0.48000,0.99924,0.00076
28.75000,0.48000,0.99922,0.00078
28.77000,0.48000,0.99923,0.00077
28.79000,0.48000,0.99932,0.00068
28.81000,0.48000,0.99871,0.00129
28.83000,0.48000,0.99898,0.00102
28.85000,0.48000,0.99871,0.00129
28.87000,0.48000,0.99878,0.00122
28.89000,0.48000,0.99887,0.00113
28.91000,0.48000,0.99674,0.00326
28.93000,0.48000,0.99875,0.00125
28.95000,0.48000,0.99839,0.00161
28.97000,0.48000,0.99894,0.00106
28.99000,0.48000,0.99724,0.00276
29.01000,0.48000,0.99913,0.00087
29.03000,0.48000,0.99787,0.00213
29.05000,0.48000,0.99916,0.00084
29.07000,0.48000,0.99579,0.00421
29.09000,0.48000,0.99904,0.00096
29.11000,0.48000,0.99624,0.00376
29.13000,0.48000,0.99902,0.00098
29.15000,0.48000,0.99724,0.00276
29.17000,0.48000,0.99935,0.00065
29.19000,0.48000,0.99684,0.00316
29.21000,0.48000,0.99932,0.00068
29.23000,0.48000,0.99628,0.00372
29.25000,0.48000,0.99919,0.00081
29.27000,0.48000,0.99256,0.00744
29.29000,0.48000,0.99892,0.00108
29.31000,0.48000,0.99632,0.00368
29.33000,0.48000,0.99920,0.00080
29.35000,0.48000,0.99920,0.00080
29.37000,0.48000,0.99902,0.00098
29.39000,0.48000,0.99851,0.00149
29.41000,0.48000,0.99824,0.00176
29.43000,0.48000,0.99827,0.00173
29.45000,0.48000,0.99787,0.00213
29.47000,0.48000,0.99832,0.00168
29.49000,0.48000,0.99797,0.00203
29.51000,0.48000,0.99872,0.00128
29.53000,0.48000,0.99749,0.00251
29.55000,0.48000,0.99815,0.00185
29.57000,0.48000,0.99818,0.00182
29.59000,0.48000,0.99773,0.00227
29.61000,0.48000,0.99735,0.00265
29.63000,0.48000,0.99839,0.00161
29.65000,0.48000,0.99813,0.00187
29.67000,0.48000,0.99839,0.00161
29.69000,0.48000,0.99842,0.00158
29.71000,0.48000,0.99756,0.00244
29.73000,0.48000,0.99805,0.00195
29.75000,0.48000,0.99851,0.00149
29.77000,0.48000,0.99856,0.00144
29.79000,0.48000,0.99832,0.00168
29.81000,0.48000,0.99912,0.00088
29.83000,0.48000,0.99869,0.00131
29.85000,0.48000,0.99921,0.00079
29.87000,0.48000,0.99861,0.00139
29.89000,0.48000,0.99923,0.00077
29.91000,0.48000,0.99846,0.00154
29.93000,0.48000,0.99930,0.00070
29.95000,0.48000,0.99907,0.00093
29.97000,0.48000,0.99906,0.00094
29.99000,0.48000,0.99893,0.00107
30.01000,0.48000,0.99899,0.00101
30.03000,0.48000,0.99904,0.00096
30.05000,0.48000,0.99842,0.00158
30.07000,0.48000,0.99849,0.00151
30.09000,0.48000,0.99758,0.00242
30.11000,0.48000,0.99899,0.00101
