# Time (seconds),f0
0.0078125,953.2327270507812
0.0234375,953.1791381835938
0.0390625,953.1782836914062
0.0546875,953.1895751953125
0.0703125,953.1864624023438
0.0859375,953.1802978515625
0.1015625,953.181640625
0.1171875,953.177001953125
0.1328125,953.1876220703125
0.1484375,953.177490234375
0.1640625,953.1821899414062
0.1796875,953.182861328125
0.1953125,953.1787109375
0.2109375,953.1777954101562
0.2265625,953.1795654296875
0.2421875,953.1798706054688
0.2578125,953.1802368164062
0.2734375,953.1864624023438
0.2890625,953.1796875
0.3046875,953.1748046875
0.3203125,953.1799926757812
0.3359375,953.1864013671875
0.3515625,953.175048828125
0.3671875,953.1802368164062
0.3828125,953.1807861328125
0.3984375,953.1785888671875
0.4140625,953.1846923828125
0.4296875,953.1748046875
0.4453125,953.1859741210938
0.4609375,953.1796875
0.4765625,953.1758422851562
0.4921875,953.1854248046875
0.5078125,953.1895751953125
0.5234375,953.1858520507812
0.5390625,953.1840209960938
0.5546875,953.182861328125
0.5703125,953.1860961914062
0.5859375,953.1851196289062
0.6015625,953.1749267578125
0.6171875,953.185302734375
0.6328125,953.1809692382812
0.6484375,953.1793823242188
0.6640625,953.171875
0.6796875,953.1809692382812
0.6953125,953.1798706054688
0.7109375,953.1769409179688
0.7265625,953.1814575195312
0.7421875,953.1664428710938
0.7578125,953.1702270507812
0.7734375,953.1814575195312
0.7890625,953.1808471679688
0.8046875,953.1758422851562
0.8203125,953.1795043945312
0.8359375,953.1710815429688
0.8515625,953.1744995117188
0.8671875,953.1827392578125
0.8828125,953.1779174804688
0.8984375,953.1749877929688
0.9140625,953.1775512695312
0.9296875,953.1678466796875
0.9453125,953.18359375
0.9609375,953.1829223632812
0.9765625,953.1759033203125
0.9921875,953.1702270507812
1.0078125,953.1708984375
1.0234375,953.173095703125
1.0390625,953.1730346679688
1.0546875,953.1785888671875
1.0703125,953.1703491210938
1.0859375,953.164794921875
1.1015625,953.175537109375
1.1171875,953.1768798828125
1.1328125,953.1802368164062
1.1484375,953.1785888671875
1.1640625,953.1846923828125
1.1796875,953.1751098632812
1.1953125,953.1671752929688
1.2109375,953.1827392578125
1.2265625,953.1637573242188
1.2421875,953.1741943359375
1.2578125,953.1764526367188
1.2734375,953.1775512695312
1.2890625,953.2001953125
1.3046875,953.2006225585938
1.3203125,953.2072143554688
1.3359375,953.21240234375
1.3515625,953.2305908203125
1.3671875,953.274658203125
1.3828125,953.2700805664062
1.3984375,953.2805786132812
1.4140625,953.3234252929688
1.4296875,953.3273315429688
1.4453125,953.419921875
1.4609375,953.27099609375
1.4765625,953.28271484375
1.4921875,953.2911987304688
1.5078125,953.4639892578125
1.5234375,953.2735595703125
1.5390625,953.3790283203125
1.5546875,953.3333129882812
1.5703125,953.3876342773438
1.5859375,953.36328125
1.6015625,953.3819580078125
1.6171875,953.3307495117188
1.6328125,953.333740234375
1.6484375,953.374755859375
1.6640625,953.3673706054688
1.6796875,953.3820190429688
1.6953125,953.3848876953125
1.7109375,953.4236450195312
1.7265625,953.393798828125
1.7421875,953.3618774414062
1.7578125,953.3444213867188
1.7734375,953.3739013671875
1.7890625,953.4293823242188
1.8046875,953.325927734375
1.8203125,953.3722534179688
1.8359375,953.3726196289062
1.8515625,953.3768310546875
1.8671875,953.3685913085938
1.8828125,953.361328125
1.8984375,953.3692626953125
1.9140625,953.36083984375
1.9296875,953.36669921875
1.9453125,953.3929443359375
1.9609375,953.4102172851562
1.9765625,953.4357299804688
1.9921875,953.385498046875
2.0078125,953.3731079101562
2.0234375,953.397705078125
2.0390625,953.3846435546875
2.0546875,953.35888671875
2.0703125,953.364990234375
2.0859375,953.3528442382812
2.1015625,953.4013061523438
2.1171875,953.35546875
2.1328125,953.3502807617188
2.1484375,953.3359375
2.1640625,953.3237915039062
2.1796875,953.356689453125
2.1953125,953.33935546875
2.2109375,953.3259887695312
2.2265625,953.306640625
2.2421875,953.3056640625
2.2578125,953.3068237304688
2.2734375,953.30810546875
2.2890625,953.3092041015625
2.3046875,953.28857421875
2.3203125,953.2919311523438
2.3359375,953.3092041015625
2.3515625,953.2777709960938
2.3671875,953.2841186523438
2.3828125,953.2887573242188
2.3984375,953.2846069335938
2.4140625,953.2786254882812
2.4296875,953.2763671875
2.4453125,953.2830810546875
2.4609375,953.290771484375
2.4765625,953.2669067382812
2.4921875,953.290771484375
2.5078125,953.2760009765625
2.5234375,953.283203125
2.5390625,953.2782592773438
2.5546875,953.2970581054688
2.5703125,953.2735595703125
2.5859375,953.281982421875
2.6015625,953.3045654296875
2.6171875,953.2682495117188
2.6328125,953.2548217773438
2.6484375,953.2672729492188
2.6640625,953.2544555664062
2.6796875,953.2833251953125
2.6953125,953.2687377929688
2.7109375,953.2584838867188
2.7265625,953.2666015625
2.7421875,953.2681274414062
2.7578125,953.275390625
2.7734375,953.2673950195312
2.7890625,953.2674560546875
2.8046875,953.2747192382812
2.8203125,953.26513671875
2.8359375,953.2642822265625
2.8515625,953.2871704101562
2.8671875,953.2676391601562
2.8828125,953.2615966796875
2.8984375,953.266357421875
2.9140625,953.2713623046875
2.9296875,953.2664794921875
2.9453125,953.2838134765625
2.9609375,953.2640380859375
2.9765625,953.2736206054688
2.9921875,953.2671508789062
3.0078125,953.2713012695312
3.0234375,953.272216796875
3.0390625,953.27099609375
3.0546875,953.2648315429688
3.0703125,953.2632446289062
3.0859375,953.2615966796875
3.1015625,953.2462768554688
3.1171875,953.2622680664062
3.1328125,953.2687377929688
3.1484375,953.2617797851562
3.1640625,953.2578735351562
3.1796875,953.2640991210938
3.1953125,953.2628173828125
3.2109375,953.2596435546875
3.2265625,953.2601928710938
3.2421875,953.2659912109375
3.2578125,953.2560424804688
3.2734375,953.2759399414062
3.2890625,953.245849609375
3.3046875,953.2372436523438
3.3203125,953.2459716796875
3.3359375,953.2501831054688
3.3515625,953.2470703125
3.3671875,953.2498779296875
3.3828125,953.2467651367188
3.3984375,953.243896484375
3.4140625,953.2537231445312
3.4296875,953.2547607421875
3.4453125,953.2650756835938
3.4609375,953.347412109375
3.4765625,953.3123779296875
3.4921875,953.2584838867188
3.5078125,953.314453125
3.5234375,953.3369140625
3.5390625,953.3864135742188
3.5546875,953.31640625
3.5703125,953.3604736328125
3.5859375,953.3516235351562
3.6015625,953.4293823242188
3.6171875,953.3817138671875
3.6328125,953.446044921875
3.6484375,953.4124145507812
3.6640625,953.5259399414062
3.6796875,953.3901977539062
3.6953125,953.400146484375
3.7109375,953.4334106445312
3.7265625,953.4137573242188
3.7421875,953.4484252929688
3.7578125,953.4571533203125
3.7734375,953.4973754882812
3.7890625,953.4765625
3.8046875,953.3516845703125
3.8203125,953.3564453125
3.8359375,953.4025268554688
3.8515625,953.4099731445312
3.8671875,953.4259643554688
3.8828125,953.3614501953125
3.8984375,953.3706665039062
3.9140625,953.3854370117188
3.9296875,953.3606567382812
3.9453125,953.3594970703125
3.9609375,953.3633422851562
3.9765625,953.3794555664062
3.9921875,953.4097290039062
4.0078125,953.3309936523438
4.0234375,953.3369140625
4.0390625,953.3331298828125
4.0546875,953.3374633789062
4.0703125,953.3301391601562
4.0859375,953.4166259765625
4.1015625,953.3590698242188
4.1171875,953.3282470703125
4.1328125,953.3477172851562
4.1484375,953.3734130859375
4.1640625,953.338623046875
4.1796875,953.3734130859375
4.1953125,953.3365478515625
4.2109375,953.3141479492188
4.2265625,953.3359375
4.2421875,953.3307495117188
4.2578125,953.2964477539062
4.2734375,953.3195190429688
4.2890625,953.314208984375
4.3046875,953.3080444335938
4.3203125,953.29443359375
4.3359375,953.3173828125
4.3515625,953.294921875
4.3671875,953.3056640625
4.3828125,953.2928466796875
4.3984375,953.286865234375
4.4140625,953.2932739257812
4.4296875,953.2933959960938
4.4453125,953.2847290039062
4.4609375,953.2936401367188
4.4765625,953.2844848632812
4.4921875,953.2877197265625
4.5078125,953.2869262695312
4.5234375,953.3047485351562
4.5390625,953.307861328125
4.5546875,953.31201171875
4.5703125,953.2861328125
4.5859375,953.2911376953125
4.6015625,953.2908325195312
4.6171875,953.2654418945312
4.6328125,953.2944946289062
4.6484375,953.27685546875
4.6640625,953.2750854492188
4.6796875,953.28857421875
4.6953125,953.2817993164062
4.7109375,953.2798461914062
4.7265625,953.2821655273438
4.7421875,953.2797241210938
4.7578125,953.2782592773438
4.7734375,953.2658081054688
4.7890625,953.27880859375
4.8046875,953.247314453125
4.8203125,953.2540283203125
4.8359375,953.26171875
4.8515625,953.2533569335938
4.8671875,953.2687377929688
4.8828125,953.2693481445312
4.8984375,953.2756958007812
4.9140625,953.2730102539062
4.9296875,953.2681884765625
4.9453125,953.2738037109375
4.9609375,953.2745971679688
4.9765625,953.2680053710938
4.9921875,953.2799072265625
5.0078125,953.2685546875
5.0234375,953.2777709960938
5.0390625,953.2763061523438
5.0546875,953.2654418945312
5.0703125,953.2548828125
5.0859375,953.2660522460938
5.1015625,953.2728881835938
5.1171875,953.2710571289062
5.1328125,953.2495727539062
5.1484375,953.2684936523438
5.1640625,953.270751953125
5.1796875,953.278564453125
5.1953125,953.2777099609375
5.2109375,953.2788696289062
5.2265625,953.2723388671875
5.2421875,953.2484130859375
5.2578125,953.2550659179688
5.2734375,953.2532348632812
5.2890625,953.3960571289062
5.3046875,953.5143432617188
5.3203125,953.5318603515625
5.3359375,953.6912841796875
5.3515625,953.5653076171875
5.3671875,953.5870361328125
5.3828125,953.6935424804688
5.3984375,953.6981811523438
5.4140625,953.7364501953125
5.4296875,953.5990600585938
5.4453125,953.7001342773438
5.4609375,953.619140625
5.4765625,953.6077270507812
5.4921875,953.7962036132812
5.5078125,953.8084106445312
5.5234375,953.6119384765625
5.5390625,953.6532592773438
5.5546875,953.6962890625
5.5703125,953.4539794921875
5.5859375,953.680908203125
5.6015625,953.6167602539062
5.6171875,953.64794921875
5.6328125,953.5774536132812
5.6484375,953.5670776367188
5.6640625,953.56396484375
5.6796875,953.517578125
5.6953125,953.6310424804688
5.7109375,953.5479736328125
5.7265625,953.5571899414062
5.7421875,953.5293579101562
5.7578125,953.5798950195312
5.7734375,953.61669921875
5.7890625,953.4677734375
5.8046875,953.6565551757812
5.8203125,953.5360107421875
5.8359375,953.5587768554688
5.8515625,953.5089111328125
5.8671875,953.5532836914062
5.8828125,953.5394287109375
5.8984375,953.4982299804688
5.9140625,953.5340576171875
5.9296875,953.4609375
5.9453125,953.628173828125
5.9609375,953.4786987304688
5.9765625,953.46435546875
5.9921875,953.5635986328125
6.0078125,953.4690551757812
6.0234375,953.452880859375
6.0390625,953.4259643554688
6.0546875,953.3971557617188
6.0703125,953.4481811523438
6.0859375,953.3914794921875
6.1015625,953.3741455078125
6.1171875,953.3399658203125
6.1328125,953.3475341796875
6.1484375,953.3299560546875
6.1640625,953.3106079101562
6.1796875,953.3106079101562
6.1953125,953.3151245117188
6.2109375,953.3211669921875
6.2265625,953.317138671875
6.2421875,953.3119506835938
6.2578125,953.312255859375
6.2734375,953.3120727539062
6.2890625,953.3192749023438
6.3046875,953.3189086914062
6.3203125,953.3287353515625
6.3359375,953.3204345703125
6.3515625,953.3108520507812
6.3671875,953.3175048828125
6.3828125,953.3108520507812
6.3984375,953.3169555664062
6.4140625,953.3036499023438
6.4296875,953.3064575195312
6.4453125,953.3145141601562
6.4609375,953.31640625
6.4765625,953.3146362304688
6.4921875,953.3098754882812
6.5078125,953.306396484375
6.5234375,953.3069458007812
6.5390625,953.3175659179688
6.5546875,953.329345703125
6.5703125,953.3020629882812
6.5859375,953.3220825195312
6.6015625,953.3356323242188
6.6171875,953.321044921875
6.6328125,953.3306884765625
6.6484375,953.32421875
6.6640625,953.3004760742188
6.6796875,953.2992553710938
6.6953125,953.2984008789062
6.7109375,953.2988891601562
6.7265625,953.296142578125
6.7421875,953.294677734375
6.7578125,953.3136596679688
6.7734375,953.3099975585938
6.7890625,953.3096923828125
6.8046875,953.3156127929688
6.8203125,953.3207397460938
6.8359375,953.3194580078125
6.8515625,953.3156127929688
6.8671875,953.30859375
6.8828125,953.3153076171875
6.8984375,953.317138671875
6.9140625,953.2953491210938
6.9296875,953.2796630859375
6.9453125,953.3078002929688
6.9609375,953.3142700195312
6.9765625,953.3355102539062
6.9921875,953.3309326171875
7.0078125,953.3443603515625
7.0234375,953.3652954101562
7.0390625,953.364990234375
7.0546875,953.427734375
7.0703125,953.4531860351562
7.0859375,953.51953125
7.1015625,953.4708251953125
7.1171875,953.5411376953125
7.1328125,953.5596923828125
7.1484375,953.4432373046875
7.1640625,953.453125
7.1796875,953.456787109375
7.1953125,953.5474853515625
7.2109375,953.6177978515625
7.2265625,953.4561767578125
7.2421875,953.5927734375
7.2578125,953.62109375
7.2734375,953.486083984375
7.2890625,953.55224609375
7.3046875,953.5380859375
7.3203125,953.5073852539062
7.3359375,953.4998779296875
7.3515625,953.5011596679688
7.3671875,953.4699096679688
7.3828125,953.5179443359375
7.3984375,953.5676879882812
7.4140625,953.5657348632812
7.4296875,953.566162109375
7.4453125,953.5343627929688
7.4609375,953.4815673828125
7.4765625,953.5269165039062
7.4921875,953.4689331054688
7.5078125,953.590576171875
7.5234375,953.5205078125
7.5390625,953.5444946289062
7.5546875,953.5568237304688
7.5703125,953.603271484375
7.5859375,953.4415283203125
7.6015625,953.5037231445312
7.6171875,953.50390625
7.6328125,953.4622192382812
7.6484375,953.5156860351562
7.6640625,953.6002197265625
7.6796875,953.471923828125
7.6953125,953.52099609375
7.7109375,953.4835815429688
7.7265625,953.529296875
7.7421875,953.4541015625
7.7578125,953.5048828125
7.7734375,953.4934692382812
7.7890625,953.530029296875
7.8046875,953.4716186523438
7.8203125,953.4341430664062
7.8359375,953.4380493164062
7.8515625,953.3828735351562
7.8671875,953.4228515625
7.8828125,953.4204711914062
7.8984375,953.3432006835938
7.9140625,953.3701171875
7.9296875,953.3352661132812
7.9453125,953.3462524414062
7.9609375,953.3285522460938
7.9765625,953.3283081054688
7.9921875,953.3334350585938
8.0078125,953.31787109375
8.0234375,953.3118286132812
8.0390625,953.3359375
8.0546875,953.3385620117188
8.0703125,953.3316040039062
8.0859375,953.323486328125
8.1015625,953.3148803710938
8.1171875,953.3204956054688
8.1328125,953.3097534179688
8.1484375,953.3082885742188
8.1640625,953.3117065429688
8.1796875,953.3025512695312
8.1953125,953.3189697265625
8.2109375,953.3056640625
8.2265625,953.3058471679688
8.2421875,953.3094482421875
8.2578125,953.3056030273438
8.2734375,953.3074951171875
8.2890625,953.3059692382812
8.3046875,953.297607421875
8.3203125,953.3123168945312
8.3359375,953.2994384765625
8.3515625,953.3035888671875
8.3671875,953.3137817382812
8.3828125,953.3239135742188
8.3984375,953.3145141601562
8.4140625,953.3165893554688
8.4296875,953.3206787109375
8.4453125,953.300048828125
8.4609375,953.3056030273438
8.4765625,953.2960205078125
8.4921875,953.3135986328125
8.5078125,953.3245239257812
8.5234375,953.320068359375
8.5390625,953.3175048828125
8.5546875,953.2962036132812
8.5703125,953.3057861328125
8.5859375,953.3182373046875
8.6015625,953.2949829101562
8.6171875,953.28515625
8.6328125,953.3139038085938
8.6484375,953.28515625
8.6640625,953.31396484375
8.6796875,953.3116455078125
8.6953125,953.3145141601562
8.7109375,953.3023071289062
8.7265625,953.2832641601562
8.7421875,953.282958984375
8.7578125,953.3084106445312
8.7734375,953.2903442382812
8.7890625,953.2894287109375
8.8046875,953.307861328125
8.8203125,953.314208984375
8.8359375,953.3068237304688
8.8515625,953.31396484375
8.8671875,953.33984375
8.8828125,953.4072265625
8.8984375,953.452392578125
8.9140625,953.4252319335938
8.9296875,953.5277709960938
8.9453125,953.7816772460938
8.9609375,953.5686645507812
8.9765625,953.5994873046875
8.9921875,953.7024536132812
9.0078125,953.5737915039062
9.0234375,953.6177978515625
9.0390625,953.6382446289062
9.0546875,953.5595092773438
9.0703125,953.7052612304688
9.0859375,953.6412353515625
9.1015625,953.5269165039062
9.1171875,953.6526489257812
9.1328125,953.53857421875
9.1484375,953.618408203125
9.1640625,953.462158203125
9.1796875,953.4865112304688
9.1953125,953.5625
9.2109375,953.4306640625
9.2265625,953.5562133789062
9.2421875,953.5338745117188
9.2578125,953.5795288085938
9.2734375,953.5053100585938
9.2890625,953.5159301757812
9.3046875,953.5031127929688
9.3203125,953.5143432617188
9.3359375,953.4779663085938
9.3515625,953.4887084960938
9.3671875,953.5908203125
9.3828125,953.5523071289062
9.3984375,953.50341796875
9.4140625,953.4277954101562
9.4296875,953.5739135742188
9.4453125,953.5364379882812
9.4609375,953.4967651367188
9.4765625,953.4688720703125
9.4921875,953.4769897460938
9.5078125,953.3989868164062
9.5234375,953.4277954101562
9.5390625,953.4713134765625
9.5546875,953.4846801757812
9.5703125,953.4536743164062
9.5859375,953.4315185546875
9.6015625,953.4352416992188
9.6171875,953.4442749023438
9.6328125,953.4078979492188
9.6484375,953.4164428710938
9.6640625,953.3890991210938
9.6796875,953.39208984375
9.6953125,953.3594360351562
9.7109375,953.3530883789062
9.7265625,953.3086547851562
9.7421875,953.3165283203125
9.7578125,953.3180541992188
9.7734375,953.3148193359375
9.7890625,953.3084106445312
9.8046875,953.3086547851562
9.8203125,953.2946166992188
9.8359375,953.2992553710938
9.8515625,953.3035888671875
9.8671875,953.3040161132812
9.8828125,953.3038940429688
9.8984375,953.3028564453125
9.9140625,953.3095092773438
9.9296875,953.29296875
9.9453125,953.3013916015625
9.9609375,953.2890625
9.9765625,953.2978515625
9.9921875,953.3162841796875
10.0078125,953.3030395507812
10.0234375,953.3048095703125
10.0390625,953.309326171875
10.0546875,953.296142578125
10.0703125,953.318115234375
10.0859375,953.2935791015625
10.1015625,953.3073120117188
10.1171875,953.284423828125
10.1328125,953.2985229492188
10.1484375,953.3027954101562
10.1640625,953.2916870117188
10.1796875,953.2915649414062
10.1953125,953.30224609375
10.2109375,953.3014526367188
10.2265625,953.3080444335938
10.2421875,953.2841796875
10.2578125,953.290771484375
10.2734375,953.2871704101562
10.2890625,953.298095703125
10.3046875,953.2953491210938
10.3203125,953.2886352539062
10.3359375,953.3041381835938
10.3515625,953.3111572265625
10.3671875,953.28662109375
10.3828125,953.2921752929688
10.3984375,953.2874145507812
10.4140625,953.2863159179688
10.4296875,953.3053588867188
10.4453125,953.2899169921875
10.4609375,953.2984008789062
10.4765625,953.2975463867188
10.4921875,953.2969970703125
10.5078125,953.30029296875
10.5234375,953.2969970703125
10.5390625,953.2803955078125
10.5546875,953.2933349609375
10.5703125,953.296142578125
10.5859375,953.2964477539062
10.6015625,953.3165283203125
10.6171875,953.3323974609375
10.6328125,953.3911743164062
10.6484375,953.4129638671875
10.6640625,953.5006713867188
10.6796875,953.5026245117188
10.6953125,953.4866333007812
10.7109375,953.5516967773438
10.7265625,953.6356201171875
10.7421875,953.637939453125
10.7578125,953.5796508789062
10.7734375,953.6150512695312
10.7890625,953.61279296875
10.8046875,953.6102294921875
10.8203125,953.5531616210938
10.8359375,953.6154174804688
10.8515625,953.6448974609375
10.8671875,953.5397338867188
10.8828125,953.5831298828125
10.8984375,953.7030029296875
10.9140625,953.588623046875
10.9296875,953.6157836914062
10.9453125,953.6381225585938
10.9609375,953.5963134765625
10.9765625,953.5625
10.9921875,953.608154296875
11.0078125,953.5960083007812
11.0234375,953.5918579101562
11.0390625,953.6499633789062
11.0546875,953.6651611328125
11.0703125,953.5882568359375
11.0859375,953.6625366210938
11.1015625,953.630859375
11.1171875,953.4967651367188
11.1328125,953.5803833007812
11.1484375,953.5000610351562
11.1640625,953.5501098632812
11.1796875,953.4826049804688
11.1953125,953.5946044921875
11.2109375,953.5467529296875
11.2265625,953.5977172851562
11.2421875,953.5291748046875
11.2578125,953.5404663085938
11.2734375,953.5149536132812
11.2890625,953.4926147460938
11.3046875,953.464111328125
11.3203125,953.518310546875
11.3359375,953.478271484375
11.3515625,953.497802734375
11.3671875,953.5093383789062
11.3828125,953.4713134765625
11.3984375,953.4899291992188
11.4140625,953.5678100585938
11.4296875,953.4540405273438
11.4453125,953.4486694335938
11.4609375,953.4517822265625
11.4765625,953.4334106445312
11.4921875,953.4047241210938
11.5078125,953.4371948242188
11.5234375,953.3574829101562
11.5390625,953.3505249023438
11.5546875,953.3331298828125
11.5703125,953.3223266601562
11.5859375,953.3234252929688
11.6015625,953.3179321289062
11.6171875,953.3301391601562
11.6328125,953.3237915039062
11.6484375,953.3087158203125
11.6640625,953.3187255859375
11.6796875,953.3368530273438
11.6953125,953.338623046875
11.7109375,953.3316040039062
11.7265625,953.3363037109375
11.7421875,953.3178100585938
11.7578125,953.3359985351562
11.7734375,953.3135986328125
11.7890625,953.3262329101562
11.8046875,953.314208984375
11.8203125,953.326904296875
11.8359375,953.3192138671875
11.8515625,953.311767578125
11.8671875,953.3323974609375
11.8828125,953.3173217773438
11.8984375,953.31396484375
11.9140625,953.31591796875
11.9296875,953.3043823242188
11.9453125,953.3153076171875
11.9609375,953.31005859375
11.9765625,953.3133544921875
11.9921875,953.3030395507812
12.0078125,953.3139038085938
12.0234375,953.305908203125
12.0390625,953.2864379882812
12.0546875,953.3043823242188
12.0703125,953.2960205078125
12.0859375,953.2964477539062
12.1015625,953.2838745117188
12.1171875,953.2908325195312
12.1328125,953.3050537109375
12.1484375,953.2984008789062
12.1640625,953.310546875
12.1796875,953.3002319335938
12.1953125,953.2999267578125
12.2109375,953.2969970703125
12.2265625,953.3041381835938
12.2421875,953.3165893554688
12.2578125,953.303955078125
12.2734375,953.2938842773438
12.2890625,953.2874755859375
12.3046875,953.294921875
12.3203125,953.2941284179688
12.3359375,953.2975463867188
12.3515625,953.2921142578125
12.3671875,953.2989501953125
12.3828125,953.28857421875
12.3984375,953.3030395507812
12.4140625,953.2846069335938
12.4296875,953.2825317382812
12.4453125,953.2981567382812
12.4609375,953.307373046875
12.4765625,953.2998046875
12.4921875,953.3028564453125
12.5078125,953.3112182617188
12.5234375,953.3095703125
12.5390625,953.3236694335938
12.5546875,953.3140258789062
12.5703125,953.3231201171875
12.5859375,953.2578735351562
12.6015625,953.30224609375
12.6171875,953.3099975585938
12.6328125,953.2596435546875
12.6484375,953.3036499023438
12.6640625,953.3156127929688
12.6796875,953.2341918945312
12.6953125,953.2952270507812
12.7109375,953.3077392578125
12.7265625,953.282470703125
12.7421875,953.282470703125
12.7578125,953.3226318359375
12.7734375,953.3091430664062
12.7890625,953.2778930664062
12.8046875,953.3408203125
12.8203125,953.2943725585938
12.8359375,953.3410034179688
12.8515625,953.3040161132812
12.8671875,953.3341064453125
12.8828125,953.2723999023438
12.8984375,953.2520141601562
12.9140625,953.328125
12.9296875,953.281982421875
12.9453125,953.237548828125
12.9609375,953.2958984375
12.9765625,953.2877807617188
12.9921875,953.2900390625
13.0078125,953.3440551757812
13.0234375,953.302490234375
13.0390625,953.3726196289062
13.0546875,953.3726196289062
13.0703125,953.2841796875
13.0859375,953.2951049804688
13.1015625,953.309326171875
13.1171875,953.2787475585938
13.1328125,953.3220825195312
13.1484375,953.2938842773438
13.1640625,953.3602905273438
13.1796875,953.3411254882812
13.1953125,953.3042602539062
13.2109375,953.321044921875
13.2265625,953.3804321289062
13.2421875,953.3831787109375
13.2578125,953.311767578125
13.2734375,953.3304443359375
13.2890625,953.3574829101562
13.3046875,953.3086547851562
13.3203125,953.3999633789062
13.3359375,953.32763671875
13.3515625,953.3295288085938
13.3671875,953.3236694335938
13.3828125,953.3046875
13.3984375,953.33154296875
13.4140625,953.3292236328125
13.4296875,953.3281860351562
13.4453125,953.3069458007812
13.4609375,953.3370971679688
13.4765625,953.32568359375
13.4921875,953.3416748046875
13.5078125,953.3390502929688
13.5234375,953.321533203125
13.5390625,953.3400268554688
13.5546875,953.3334350585938
13.5703125,953.31005859375
13.5859375,953.3402099609375
13.6015625,953.3406982421875
13.6171875,953.3189697265625
13.6328125,953.3231201171875
13.6484375,953.3418579101562
13.6640625,953.3306274414062
13.6796875,953.335693359375
13.6953125,953.332763671875
13.7109375,953.3187866210938
13.7265625,953.3360595703125
13.7421875,953.3189697265625
13.7578125,953.3173217773438
13.7734375,953.328125
13.7890625,953.3106689453125
13.8046875,953.3265991210938
13.8203125,953.3257446289062
13.8359375,953.3062133789062
13.8515625,953.3139038085938
13.8671875,953.3282470703125
13.8828125,953.3359985351562
13.8984375,953.3278198242188
13.9140625,953.3053588867188
13.9296875,953.3203125
13.9453125,953.3200073242188
13.9609375,953.3110961914062
13.9765625,953.3151245117188
13.9921875,953.3095703125
14.0078125,953.3257446289062
14.0234375,953.3242797851562
14.0390625,953.306640625
14.0546875,953.3013305664062
14.0703125,953.317626953125
14.0859375,953.3053588867188
14.1015625,953.30419921875
14.1171875,953.310546875
14.1328125,953.3221435546875
14.1484375,953.3139038085938
14.1640625,953.3173828125
14.1796875,953.30224609375
14.1953125,953.3034057617188
14.2109375,953.3214721679688
14.2265625,953.3045043945312
14.2421875,953.3145141601562
14.2578125,953.317138671875
14.2734375,953.3076171875
14.2890625,953.3114624023438
14.3046875,953.3076171875
14.3203125,953.3162231445312
14.3359375,953.3011474609375
14.3515625,953.3092651367188
14.3671875,953.3111572265625
14.3828125,953.3324584960938
14.3984375,953.3140258789062
14.4140625,953.3455200195312
14.4296875,953.3448486328125
14.4453125,953.294677734375
14.4609375,953.3193359375
14.4765625,953.310546875
14.4921875,953.3185424804688
14.5078125,953.3055419921875
14.5234375,953.2798461914062
14.5390625,953.3421630859375
14.5546875,953.2809448242188
14.5703125,953.3024291992188
14.5859375,953.2799682617188
14.6015625,953.3200073242188
14.6171875,953.2594604492188
14.6328125,953.2755737304688
14.6484375,953.30078125
14.6640625,953.3101196289062
14.6796875,953.257080078125
14.6953125,953.2649536132812
14.7109375,953.311279296875
14.7265625,953.3426513671875
14.7421875,953.3019409179688
14.7578125,953.278076171875
14.7734375,953.30419921875
14.7890625,953.2736206054688
14.8046875,953.276123046875
14.8203125,953.2908325195312
14.8359375,953.2723388671875
14.8515625,953.2723999023438
14.8671875,953.324951171875
14.8828125,953.2919311523438
14.8984375,953.3279418945312
14.9140625,953.2913818359375
14.9296875,953.2972412109375
14.9453125,953.2853393554688
14.9609375,953.2979736328125
14.9765625,953.3081665039062
14.9921875,953.26708984375
15.0078125,953.3560180664062
15.0234375,953.30810546875
15.0390625,953.2949829101562
15.0546875,953.3499145507812
15.0703125,953.3502197265625
15.0859375,953.3097534179688
15.1015625,953.2911376953125
15.1171875,953.3114624023438
15.1328125,953.31201171875
15.1484375,953.2990112304688
15.1640625,953.3204956054688
15.1796875,953.3234252929688
15.1953125,953.3555297851562
15.2109375,953.3196411132812
15.2265625,953.3257446289062
15.2421875,953.3180541992188
15.2578125,953.2971801757812
15.2734375,953.3273315429688
15.2890625,953.3208618164062
15.3046875,953.3285522460938
15.3203125,953.311767578125
15.3359375,953.3264770507812
15.3515625,953.3290405273438
15.3671875,953.3189086914062
15.3828125,953.3195190429688
15.3984375,953.3309326171875
15.4140625,953.3255004882812
15.4296875,953.3258666992188
15.4453125,953.3185424804688
15.4609375,953.3322143554688
15.4765625,953.309814453125
15.4921875,953.3214111328125
15.5078125,953.3297729492188
15.5234375,953.3092041015625
15.5390625,953.3071899414062
15.5546875,953.3237915039062
15.5703125,953.3251953125
15.5859375,953.3067016601562
15.6015625,953.3130493164062
15.6171875,953.322265625
15.6328125,953.3233642578125
15.6484375,953.3091430664062
15.6640625,953.3129272460938
15.6796875,953.3041381835938
15.6953125,953.3090209960938
15.7109375,953.3034057617188
15.7265625,953.3165893554688
15.7421875,953.31591796875
15.7578125,953.2997436523438
15.7734375,953.2910766601562
15.7890625,953.3047485351562
15.8046875,953.3048706054688
15.8203125,953.2981567382812
15.8359375,953.2958984375
15.8515625,953.288818359375
15.8671875,953.2914428710938
15.8828125,953.3013916015625
15.8984375,953.3010864257812
15.9140625,953.2922973632812
15.9296875,953.3115234375
15.9453125,953.2808227539062
15.9609375,953.2940673828125
15.9765625,953.287109375
15.9921875,953.3045043945312
16.0078125,953.2894897460938
16.0234375,953.2908325195312
16.0390625,953.3212890625
16.0546875,953.3081665039062
16.0703125,953.2836303710938
16.0859375,953.2914428710938
16.1015625,953.2946166992188
16.1171875,953.3037109375
16.1328125,953.3120727539062
16.1484375,953.2897338867188
16.1640625,953.3117065429688
16.1796875,953.3055419921875
16.1953125,953.3165283203125
16.2109375,953.3067626953125
16.2265625,953.3107299804688
16.2421875,953.3087158203125
16.2578125,953.3070068359375
16.2734375,953.2900390625
16.2890625,953.3079223632812
16.3046875,953.307861328125
16.3203125,953.3067626953125
16.3359375,953.3104248046875
16.3515625,953.3251342773438
16.3671875,953.3028564453125
16.3828125,953.2661743164062
16.3984375,953.2838134765625
16.4140625,953.300048828125
16.4296875,953.2844848632812
16.4453125,953.2779541015625
16.4609375,953.292236328125
16.4765625,953.3084106445312
16.4921875,953.3131713867188
16.5078125,953.320068359375
16.5234375,953.2836303710938
16.5390625,953.2828979492188
16.5546875,953.2587890625
16.5703125,953.3368530273438
16.5859375,953.2826538085938
16.6015625,953.2846069335938
16.6171875,953.3135986328125
16.6328125,953.30615234375
16.6484375,953.290771484375
16.6640625,953.3310546875
16.6796875,953.3394165039062
16.6953125,953.2778930664062
16.7109375,953.3591918945312
16.7265625,953.3121948242188
16.7421875,953.3162841796875
16.7578125,953.3363037109375
16.7734375,953.312255859375
16.7890625,953.3201904296875
16.8046875,953.3117065429688
16.8203125,953.311767578125
16.8359375,953.3109741210938
16.8515625,953.3192749023438
16.8671875,953.30810546875
16.8828125,953.3419189453125
16.8984375,953.3406982421875
16.9140625,953.3565673828125
16.9296875,953.344482421875
16.9453125,953.3133544921875
16.9609375,953.3142700195312
16.9765625,953.3572998046875
16.9921875,953.3519287109375
17.0078125,953.3228759765625
17.0234375,953.3412475585938
17.0390625,953.3306274414062
17.0546875,953.3458862304688
17.0703125,953.3475341796875
17.0859375,953.3338012695312
17.1015625,953.3364868164062
17.1171875,953.310302734375
17.1328125,953.3146362304688
17.1484375,953.3257446289062
17.1640625,953.3304443359375
17.1796875,953.3224487304688
17.1953125,953.3321533203125
17.2109375,953.3268432617188
17.2265625,953.333984375
17.2421875,953.3055419921875
17.2578125,953.3313598632812
17.2734375,953.3348999023438
17.2890625,953.3392944335938
17.3046875,953.3178100585938
17.3203125,953.3343505859375
17.3359375,953.3351440429688
17.3515625,953.3421630859375
17.3671875,953.3279418945312
17.3828125,953.324951171875
17.3984375,953.3107299804688
17.4140625,953.3251342773438
17.4296875,953.3173828125
17.4453125,953.3253173828125
17.4609375,953.32568359375
17.4765625,953.311767578125
17.4921875,953.3328857421875
17.5078125,953.3391723632812
17.5234375,953.3284301757812
17.5390625,953.302001953125
17.5546875,953.3201293945312
17.5703125,953.3242797851562
17.5859375,953.3094482421875
17.6015625,953.3225708007812
17.6171875,953.3196411132812
17.6328125,953.3458251953125
17.6484375,953.3172607421875
17.6640625,953.3214721679688
17.6796875,953.326171875
17.6953125,953.3346557617188
17.7109375,953.311279296875
17.7265625,953.32763671875
17.7421875,953.3307495117188
17.7578125,953.3043823242188
17.7734375,953.326171875
17.7890625,953.3265991210938
17.8046875,953.2946166992188
17.8203125,953.3197631835938
17.8359375,953.3253173828125
17.8515625,953.3173828125
17.8671875,953.3229370117188
17.8828125,953.29248046875
17.8984375,953.3131103515625
17.9140625,953.3153686523438
17.9296875,953.32177734375
17.9453125,953.3146362304688
17.9609375,953.29052734375
17.9765625,953.328125
17.9921875,953.3095092773438
18.0078125,953.3214721679688
18.0234375,953.3262329101562
18.0390625,953.2965698242188
18.0546875,953.3153076171875
18.0703125,953.3162841796875
18.0859375,953.3258666992188
18.1015625,953.3178100585938
18.1171875,953.31640625
18.1328125,953.2936401367188
18.1484375,953.2892456054688
18.1640625,953.3098754882812
18.1796875,953.2844848632812
18.1953125,953.3013305664062
18.2109375,953.2774047851562
18.2265625,953.2919921875
18.2421875,953.2910766601562
18.2578125,953.2953491210938
18.2734375,953.2757568359375
18.2890625,953.2874145507812
18.3046875,953.2951049804688
18.3203125,953.294677734375
18.3359375,953.3081665039062
18.3515625,953.32568359375
18.3671875,953.2950439453125
18.3828125,953.2876586914062
18.3984375,953.2813110351562
18.4140625,953.3094482421875
18.4296875,953.3106689453125
18.4453125,953.2913818359375
18.4609375,953.2862548828125
18.4765625,953.3017578125
18.4921875,953.3019409179688
18.5078125,953.3280029296875
18.5234375,953.3181762695312
18.5390625,953.2883911132812
18.5546875,953.2872924804688
18.5703125,953.306396484375
18.5859375,953.2796020507812
18.6015625,953.298828125
18.6171875,953.311767578125
18.6328125,953.280029296875
18.6484375,953.309326171875
18.6640625,953.3103637695312
18.6796875,953.2916870117188
18.6953125,953.3070068359375
18.7109375,953.314453125
18.7265625,953.3035888671875
18.7421875,953.2984008789062
18.7578125,953.30419921875
18.7734375,953.3099975585938
18.7890625,953.3080444335938
18.8046875,953.3103637695312
18.8203125,953.307373046875
18.8359375,953.3165893554688
18.8515625,953.3139038085938
18.8671875,953.2933959960938
18.8828125,953.3245849609375
18.8984375,953.3167724609375
18.9140625,953.3219604492188
18.9296875,953.3260498046875
18.9453125,953.3099975585938
18.9609375,953.3169555664062
18.9765625,953.312255859375
18.9921875,953.3374633789062
19.0078125,953.311279296875
19.0234375,953.3217163085938
19.0390625,953.309326171875
19.0546875,953.3075561523438
19.0703125,953.3155517578125
19.0859375,953.3114013671875
19.1015625,953.3073120117188
19.1171875,953.3086547851562
19.1328125,953.30029296875
19.1484375,953.2866821289062
19.1640625,953.2963256835938
19.1796875,953.2874755859375
19.1953125,953.29443359375
19.2109375,953.3102416992188
19.2265625,953.2927856445312
19.2421875,953.3002319335938
19.2578125,953.2896118164062
19.2734375,953.2877197265625
19.2890625,953.3072509765625
19.3046875,953.3016357421875
19.3203125,953.2779541015625
19.3359375,953.2907104492188
19.3515625,953.3068237304688
19.3671875,953.29638671875
19.3828125,953.298828125
19.3984375,953.286376953125
19.4140625,953.2843017578125
19.4296875,953.2944946289062
19.4453125,953.2882080078125
19.4609375,953.2796630859375
19.4765625,953.2791748046875
19.4921875,953.2904663085938
19.5078125,953.2860107421875
19.5234375,953.286376953125
19.5390625,953.2868041992188
19.5546875,953.2816162109375
19.5703125,953.2882080078125
19.5859375,953.2862548828125
19.6015625,953.2728881835938
19.6171875,953.280517578125
19.6328125,953.2974853515625
19.6484375,953.271240234375
19.6640625,953.28515625
19.6796875,953.2837524414062
19.6953125,953.2841186523438
19.7109375,953.2985229492188
19.7265625,953.2908325195312
19.7421875,953.2698974609375
19.7578125,953.2913208007812
19.7734375,953.3065185546875
19.7890625,953.2999267578125
19.8046875,953.3001098632812
19.8203125,953.2980346679688
19.8359375,953.294921875
19.8515625,953.3074951171875
19.8671875,953.2982788085938
19.8828125,953.2862548828125
19.8984375,953.3008422851562
19.9140625,953.302001953125
19.9296875,953.2998046875
19.9453125,953.3074951171875
19.9609375,953.298828125
19.9765625,953.3074951171875
19.9921875,953.3048095703125
20.0078125,953.300537109375
20.0234375,953.3052978515625
20.0390625,953.3048706054688
20.0546875,953.2943725585938
20.0703125,953.2952880859375
20.0859375,953.2963256835938
20.1015625,953.2994384765625
20.1171875,953.2941284179688
20.1328125,953.2931518554688
20.1484375,953.29443359375
20.1640625,953.30810546875
20.1796875,953.2938232421875
20.1953125,953.3035888671875
20.2109375,953.3073120117188
20.2265625,953.3221435546875
20.2421875,953.3075561523438
20.2578125,953.3075561523438
20.2734375,953.3077392578125
20.2890625,953.3010864257812
20.3046875,953.3055419921875
20.3203125,953.3197631835938
20.3359375,953.3219604492188
20.3515625,953.3304443359375
20.3671875,953.3267822265625
20.3828125,953.3253784179688
20.3984375,953.3151245117188
20.4140625,953.3087158203125
20.4296875,953.31201171875
20.4453125,953.3084106445312
20.4609375,953.3075561523438
20.4765625,953.3075561523438
20.4921875,953.3208618164062
20.5078125,953.3234252929688
20.5234375,953.3335571289062
20.5390625,953.333740234375
20.5546875,953.3335571289062
20.5703125,953.3037109375
20.5859375,953.3139038085938
20.6015625,953.3343505859375
20.6171875,953.3035888671875
20.6328125,953.3103637695312
20.6484375,953.3338012695312
20.6640625,953.3350830078125
20.6796875,953.3316040039062
20.6953125,953.3035888671875
20.7109375,953.3634643554688
20.7265625,953.3377075195312
20.7421875,953.3579711914062
20.7578125,953.3469848632812
20.7734375,953.3726196289062
20.7890625,953.3374633789062
20.8046875,953.3469848632812
20.8203125,953.3483276367188
20.8359375,953.3411254882812
20.8515625,953.3232421875
20.8671875,953.300048828125
20.8828125,953.29638671875
20.8984375,953.3087158203125
20.9140625,953.2882690429688
20.9296875,953.3053588867188
20.9453125,953.28076171875
20.9609375,953.2864379882812
20.9765625,953.2986450195312
20.9921875,953.3070678710938
21.0078125,953.2979736328125
21.0234375,953.2855834960938
21.0390625,953.2869873046875
21.0546875,953.28515625
21.0703125,953.2860717773438
21.0859375,953.2894287109375
21.1015625,953.2969360351562
21.1171875,953.2880859375
21.1328125,953.2760620117188
21.1484375,953.2883911132812
21.1640625,953.296875
21.1796875,953.2803955078125
21.1953125,953.2818603515625
21.2109375,953.2791748046875
21.2265625,953.294189453125
21.2421875,953.2862548828125
21.2578125,953.2836303710938
21.2734375,953.2760620117188
21.2890625,953.279052734375
21.3046875,953.2754516601562
21.3203125,953.2665405273438
21.3359375,953.276611328125
21.3515625,953.2694091796875
21.3671875,953.2785034179688
21.3828125,953.2745971679688
21.3984375,953.2649536132812
21.4140625,953.2576904296875
21.4296875,953.2900390625
21.4453125,953.2779541015625
21.4609375,953.2935180664062
21.4765625,953.2827758789062
21.4921875,953.2817993164062
21.5078125,953.28662109375
21.5234375,953.2725830078125
21.5390625,953.2771606445312
21.5546875,953.277099609375
21.5703125,953.2896728515625
21.5859375,953.27734375
21.6015625,953.298583984375
21.6171875,953.2872924804688
21.6328125,953.2811279296875
21.6484375,953.2701416015625
21.6640625,953.292236328125
21.6796875,953.2645263671875
21.6953125,953.2847290039062
21.7109375,953.3653564453125
21.7265625,953.3063354492188
21.7421875,953.2998046875
21.7578125,953.4002075195312
21.7734375,953.361083984375
21.7890625,953.4064331054688
21.8046875,953.5269165039062
21.8203125,953.3834228515625
21.8359375,953.4002075195312
21.8515625,953.4523315429688
21.8671875,953.438232421875
21.8828125,953.4926147460938
21.8984375,953.5247192382812
21.9140625,953.4503784179688
21.9296875,953.41552734375
21.9453125,953.408935546875
21.9609375,953.4585571289062
21.9765625,953.568359375
21.9921875,953.5026245117188
22.0078125,953.5664672851562
22.0234375,953.483642578125
22.0390625,953.3508911132812
22.0546875,953.3733520507812
22.0703125,953.48583984375
22.0859375,953.4146118164062
22.1015625,953.4208374023438
22.1171875,953.444580078125
22.1328125,953.3995361328125
22.1484375,953.3765258789062
22.1640625,953.4305419921875
22.1796875,953.3524780273438
22.1953125,953.5098266601562
22.2109375,953.4426879882812
22.2265625,953.464599609375
22.2421875,953.4828491210938
22.2578125,953.4631958007812
22.2734375,953.4197998046875
22.2890625,953.45703125
22.3046875,953.4721069335938
22.3203125,953.47607421875
22.3359375,953.3610229492188
22.3515625,953.4188842773438
22.3671875,953.4339599609375
22.3828125,953.3915405273438
22.3984375,953.403564453125
22.4140625,953.4525756835938
22.4296875,953.4513549804688
22.4453125,953.3751220703125
22.4609375,953.39404296875
22.4765625,953.386474609375
22.4921875,953.3668823242188
22.5078125,953.3402099609375
22.5234375,953.3243408203125
22.5390625,953.3423461914062
22.5546875,953.3060913085938
22.5703125,953.3351440429688
22.5859375,953.3168334960938
22.6015625,953.3102416992188
22.6171875,953.3201293945312
22.6328125,953.3058471679688
22.6484375,953.30810546875
22.6640625,953.305419921875
22.6796875,953.3126220703125
22.6953125,953.3131713867188
22.7109375,953.3094482421875
22.7265625,953.3097534179688
22.7421875,953.3126220703125
22.7578125,953.2910766601562
22.7734375,953.314208984375
22.7890625,953.30224609375
22.8046875,953.306396484375
22.8203125,953.2977294921875
22.8359375,953.2868041992188
22.8515625,953.3020629882812
22.8671875,953.2857055664062
22.8828125,953.31640625
22.8984375,953.3049926757812
22.9140625,953.3010864257812
22.9296875,953.2794189453125
22.9453125,953.301513671875
22.9609375,953.2813720703125
22.9765625,953.2863159179688
22.9921875,953.2811279296875
23.0078125,953.287109375
23.0234375,953.2874145507812
23.0390625,953.2821655273438
23.0546875,953.27099609375
23.0703125,953.2810668945312
23.0859375,953.2853393554688
23.1015625,953.2810668945312
23.1171875,953.2807006835938
23.1328125,953.2875366210938
23.1484375,953.2876586914062
23.1640625,953.2794189453125
23.1796875,953.2780151367188
23.1953125,953.2991943359375
23.2109375,953.2782592773438
23.2265625,953.2752075195312
23.2421875,953.2830200195312
23.2578125,953.2796020507812
23.2734375,953.2777099609375
23.2890625,953.2747192382812
23.3046875,953.2672729492188
23.3203125,953.2774047851562
23.3359375,953.2777709960938
23.3515625,953.2556762695312
23.3671875,953.2726440429688
23.3828125,953.2662963867188
23.3984375,953.266357421875
23.4140625,953.272216796875
23.4296875,953.2614135742188
23.4453125,953.2615356445312
23.4609375,953.2754516601562
23.4765625,953.2677612304688
23.4921875,953.309326171875
23.5078125,953.3447265625
23.5234375,953.3116455078125
23.5390625,953.3364868164062
23.5546875,953.310546875
23.5703125,953.2857666015625
23.5859375,953.2764892578125
23.6015625,953.2955932617188
23.6171875,953.3345336914062
23.6328125,953.2947998046875
23.6484375,953.335205078125
23.6640625,953.3084106445312
23.6796875,953.3560791015625
23.6953125,953.4828491210938
23.7109375,953.3717651367188
23.7265625,953.5000610351562
23.7421875,953.3663330078125
23.7578125,953.4127807617188
23.7734375,953.4611206054688
23.7890625,953.4740600585938
23.8046875,953.3820190429688
23.8203125,953.4721069335938
23.8359375,953.44921875
23.8515625,953.6569213867188
23.8671875,953.5609130859375
23.8828125,953.5767822265625
23.8984375,953.546630859375
23.9140625,953.5946655273438
23.9296875,953.6871948242188
23.9453125,953.5260620117188
23.9609375,953.5526123046875
23.9765625,953.4837036132812
23.9921875,953.4585571289062
24.0078125,953.49560546875
24.0234375,953.41552734375
24.0390625,953.4278564453125
24.0546875,953.3966674804688
24.0703125,953.413818359375
24.0859375,953.3955078125
24.1015625,953.3702392578125
24.1171875,953.37109375
24.1328125,953.3549194335938
24.1484375,953.3948364257812
24.1640625,953.3649291992188
24.1796875,953.4046020507812
24.1953125,953.4132080078125
24.2109375,953.3740234375
24.2265625,953.3440551757812
24.2421875,953.37841796875
24.2578125,953.346923828125
24.2734375,953.3193359375
24.2890625,953.3682861328125
24.3046875,953.3247680664062
24.3203125,953.34521484375
24.3359375,953.345458984375
24.3515625,953.3226318359375
24.3671875,953.31640625
24.3828125,953.3184204101562
24.3984375,953.3220825195312
24.4140625,953.2988891601562
24.4296875,953.3031005859375
24.4453125,953.3053588867188
24.4609375,953.312255859375
24.4765625,953.2905883789062
24.4921875,953.3034057617188
24.5078125,953.3148193359375
24.5234375,953.3134155273438
24.5390625,953.31005859375
24.5546875,953.3026123046875
24.5703125,953.2981567382812
24.5859375,953.3011474609375
24.6015625,953.2919311523438
24.6171875,953.296630859375
24.6328125,953.2970581054688
24.6484375,953.3153076171875
24.6640625,953.29638671875
24.6796875,953.3143310546875
24.6953125,953.3011474609375
24.7109375,953.2958984375
24.7265625,953.303466796875
24.7421875,953.2933349609375
24.7578125,953.284912109375
24.7734375,953.2775268554688
24.7890625,953.2766723632812
24.8046875,953.2802734375
24.8203125,953.293701171875
24.8359375,953.2759399414062
24.8515625,953.2838134765625
24.8671875,953.2705078125
24.8828125,953.2709350585938
24.8984375,953.2764892578125
24.9140625,953.2709350585938
24.9296875,953.2658081054688
24.9453125,953.279052734375
24.9609375,953.2637329101562
24.9765625,953.2743530273438
24.9921875,953.2617797851562
25.0078125,953.2623901367188
25.0234375,953.2635498046875
25.0390625,953.2561645507812
25.0546875,953.257080078125
25.0703125,953.2682495117188
25.0859375,953.2612915039062
25.1015625,953.271240234375
25.1171875,953.260986328125
25.1328125,953.2674560546875
25.1484375,953.2584838867188
25.1640625,953.2619018554688
25.1796875,953.2653198242188
25.1953125,953.2818603515625
25.2109375,953.2611694335938
25.2265625,953.2550048828125
25.2421875,953.2573852539062
25.2578125,953.2719116210938
25.2734375,953.2593383789062
25.2890625,953.251708984375
25.3046875,953.2615966796875
25.3203125,953.2539672851562
25.3359375,953.26318359375
25.3515625,953.2593383789062
25.3671875,953.2560424804688
25.3828125,953.2621459960938
25.3984375,953.2537231445312
25.4140625,953.2832641601562
25.4296875,953.2662963867188
25.4453125,953.2809448242188
25.4609375,953.3065185546875
25.4765625,953.3638305664062
25.4921875,953.4308471679688
25.5078125,953.559814453125
25.5234375,953.5783081054688
25.5390625,953.6367797851562
25.5546875,953.6947631835938
25.5703125,953.5755004882812
25.5859375,953.5659790039062
25.6015625,953.67919921875
25.6171875,953.5438232421875
25.6328125,953.5776977539062
25.6484375,953.593505859375
25.6640625,953.557373046875
25.6796875,953.6127319335938
25.6953125,953.6465454101562
25.7109375,953.6762084960938
25.7265625,953.5625
25.7421875,953.589599609375
25.7578125,953.5819091796875
25.7734375,953.6412353515625
25.7890625,953.5623779296875
25.8046875,953.58203125
25.8203125,953.580078125
25.8359375,953.5219116210938
25.8515625,953.5596923828125
25.8671875,953.5248413085938
25.8828125,953.610107421875
25.8984375,953.5392456054688
25.9140625,953.545654296875
25.9296875,953.5711669921875
25.9453125,953.4942016601562
25.9609375,953.4790649414062
25.9765625,953.5293579101562
25.9921875,953.4620361328125
26.0078125,953.5067749023438
26.0234375,953.504638671875
26.0390625,953.5115966796875
26.0546875,953.4536743164062
26.0703125,953.5239868164062
26.0859375,953.454833984375
26.1015625,953.427734375
26.1171875,953.4219970703125
26.1328125,953.4118041992188
26.1484375,953.4110717773438
26.1640625,953.3655395507812
26.1796875,953.3980102539062
26.1953125,953.3541259765625
26.2109375,953.3148803710938
26.2265625,953.3143310546875
26.2421875,953.3087768554688
26.2578125,953.2955932617188
26.2734375,953.3101196289062
26.2890625,953.3109130859375
26.3046875,953.2974243164062
26.3203125,953.3048095703125
26.3359375,953.2911987304688
26.3515625,953.288330078125
26.3671875,953.2853393554688
26.3828125,953.2905883789062
26.3984375,953.2740478515625
26.4140625,953.2813110351562
26.4296875,953.2794189453125
26.4453125,953.2765502929688
26.4609375,953.2886352539062
26.4765625,953.2841186523438
26.4921875,953.2732543945312
26.5078125,953.2946166992188
26.5234375,953.292236328125
26.5390625,953.2766723632812
26.5546875,953.2715454101562
26.5703125,953.2562866210938
26.5859375,953.27490234375
26.6015625,953.2916259765625
26.6171875,953.2835693359375
26.6328125,953.27734375
26.6484375,953.268310546875
26.6640625,953.2662353515625
26.6796875,953.2687377929688
26.6953125,953.263427734375
26.7109375,953.266845703125
26.7265625,953.2741088867188
26.7421875,953.2825317382812
26.7578125,953.2656860351562
26.7734375,953.2634887695312
26.7890625,953.2657470703125
26.8046875,953.2684326171875
26.8203125,953.2564697265625
26.8359375,953.2637329101562
26.8515625,953.2634887695312
26.8671875,953.2666015625
26.8828125,953.2550659179688
26.8984375,953.2645263671875
26.9140625,953.2472534179688
26.9296875,953.257080078125
26.9453125,953.2772216796875
26.9609375,953.268798828125
26.9765625,953.2579956054688
26.9921875,953.2632446289062
27.0078125,953.2575073242188
27.0234375,953.2523193359375
27.0390625,953.2556762695312
27.0546875,953.2556762695312
27.0703125,953.25927734375
27.0859375,953.2667846679688
27.1015625,953.262451171875
27.1171875,953.2506713867188
27.1328125,953.2559814453125
27.1484375,953.251708984375
27.1640625,953.2506103515625
27.1796875,953.2482299804688
27.1953125,953.2530517578125
27.2109375,953.2516479492188
27.2265625,953.2477416992188
27.2421875,953.2308349609375
27.2578125,953.2369995117188
27.2734375,953.2614135742188
27.2890625,953.2518310546875
27.3046875,953.2423095703125
27.3203125,953.242919921875
27.3359375,953.2369384765625
27.3515625,953.2384033203125
27.3671875,953.2462768554688
27.3828125,953.2498168945312
27.3984375,953.2456665039062
27.4140625,953.2338256835938
27.4296875,953.2360229492188
27.4453125,953.2404174804688
27.4609375,953.239990234375
27.4765625,953.226318359375
27.4921875,953.234130859375
27.5078125,953.2230834960938
27.5234375,953.2255859375
27.5390625,953.2412109375
27.5546875,953.2477416992188
27.5703125,953.2286987304688
27.5859375,953.240234375
27.6015625,953.2366333007812
27.6171875,953.2388305664062
27.6328125,953.239990234375
27.6484375,953.2344360351562
27.6640625,953.2257080078125
27.6796875,953.2408447265625
27.6953125,953.2252197265625
27.7109375,953.2393798828125
27.7265625,953.2344360351562
27.7421875,953.2289428710938
27.7578125,953.237060546875
27.7734375,953.2251586914062
27.7890625,953.2297973632812
27.8046875,953.2352905273438
27.8203125,953.2294921875
27.8359375,953.2378540039062
27.8515625,953.2858276367188
27.8671875,953.2622680664062
27.8828125,953.2755737304688
27.8984375,953.3226318359375
27.9140625,953.2749633789062
27.9296875,953.3189697265625
27.9453125,953.2946166992188
27.9609375,953.2999267578125
27.9765625,953.3157348632812
27.9921875,953.3780517578125
28.0078125,953.3457641601562
28.0234375,953.3446655273438
28.0390625,953.3375854492188
28.0546875,953.3428955078125
28.0703125,953.3488159179688
28.0859375,953.39990234375
28.1015625,953.4275512695312
28.1171875,953.3810424804688
28.1328125,953.3237915039062
28.1484375,953.3449096679688
28.1640625,953.3239135742188
28.1796875,953.3956909179688
28.1953125,953.3474731445312
28.2109375,953.3164672851562
28.2265625,953.3663940429688
28.2421875,953.34716796875
28.2578125,953.4191284179688
28.2734375,953.3155517578125
28.2890625,953.2784423828125
28.3046875,953.4498291015625
28.3203125,953.3549194335938
28.3359375,953.3911743164062
28.3515625,953.3501586914062
28.3671875,953.3307495117188
28.3828125,953.3695678710938
28.3984375,953.3257446289062
28.4140625,953.3407592773438
28.4296875,953.3119506835938
28.4453125,953.3426513671875
28.4609375,953.3656616210938
28.4765625,953.4093017578125
28.4921875,953.4041748046875
28.5078125,953.322265625
28.5234375,953.401123046875
28.5390625,953.3907470703125
28.5546875,953.3731079101562
28.5703125,953.3221435546875
28.5859375,953.3797607421875
28.6015625,953.4007568359375
28.6171875,953.2914428710938
28.6328125,953.3201904296875
28.6484375,953.340576171875
28.6640625,953.2899780273438
28.6796875,953.3108520507812
28.6953125,953.327880859375
28.7109375,953.3287353515625
28.7265625,953.3109741210938
28.7421875,953.298583984375
28.7578125,953.2974853515625
28.7734375,953.2955322265625
28.7890625,953.2883911132812
28.8046875,953.2924194335938
28.8203125,953.2887573242188
28.8359375,953.2864379882812
28.8515625,953.2958984375
28.8671875,953.2900390625
28.8828125,953.2838134765625
28.8984375,953.2765502929688
28.9140625,953.2764892578125
28.9296875,953.282470703125
28.9453125,953.2879638671875
28.9609375,953.2763671875
28.9765625,953.277099609375
28.9921875,953.2681884765625
29.0078125,953.2740478515625
29.0234375,953.2814331054688
29.0390625,953.2686767578125
29.0546875,953.2676391601562
29.0703125,953.2750854492188
29.0859375,953.279052734375
29.1015625,953.2607421875
29.1171875,953.2610473632812
29.1328125,953.2684326171875
29.1484375,953.2730102539062
29.1640625,953.2540893554688
29.1796875,953.2523193359375
29.1953125,953.262939453125
29.2109375,953.2545166015625
29.2265625,953.2506103515625
29.2421875,953.2521362304688
29.2578125,953.2529296875
29.2734375,953.2606201171875
29.2890625,953.2498168945312
29.3046875,953.2503662109375
29.3203125,953.2437133789062
29.3359375,953.2501831054688
29.3515625,953.2571411132812
29.3671875,953.2484130859375
29.3828125,953.2505493164062
29.3984375,953.250732421875
29.4140625,953.2523193359375
29.4296875,953.2427368164062
29.4453125,953.2459716796875
29.4609375,953.24169921875
29.4765625,953.241943359375
29.4921875,953.241943359375
29.5078125,953.2489624023438
29.5234375,953.2399291992188
29.5390625,953.251220703125
29.5546875,953.2387084960938
29.5703125,953.23974609375
29.5859375,953.2469482421875
29.6015625,953.2437133789062
29.6171875,953.236083984375
29.6328125,953.2369995117188
29.6484375,953.24169921875
29.6640625,953.2403564453125
29.6796875,953.2479248046875
29.6953125,953.2567749023438
29.7109375,953.2472534179688
29.7265625,953.2642211914062
29.7421875,953.274658203125
29.7578125,953.2713623046875
29.7734375,953.2901611328125
29.7890625,953.3165283203125
29.8046875,953.3458251953125
29.8203125,953.3583374023438
29.8359375,953.3251342773438
29.8515625,953.4786376953125
29.8671875,953.3736572265625
29.8828125,953.3818359375
29.8984375,953.3182373046875
29.9140625,953.447021484375
29.9296875,953.3302612304688
29.9453125,953.3815307617188
29.9609375,953.3851928710938
29.9765625,953.3442993164062
29.9921875,953.4107055664062
30.0078125,953.3195190429688
30.0234375,953.3110961914062
30.0390625,953.3336791992188
30.0546875,953.3206787109375
30.0703125,953.325927734375
30.0859375,953.376708984375
30.1015625,953.3416137695312
30.1171875,953.317138671875
30.1328125,953.3114624023438
30.1484375,953.3521118164062
30.1640625,953.3240356445312
30.1796875,953.2789916992188
30.1953125,953.3399658203125
30.2109375,953.3519897460938
30.2265625,953.332763671875
30.2421875,953.2801513671875
30.2578125,953.3195190429688
30.2734375,953.3103637695312
30.2890625,953.3087158203125
30.3046875,953.3148193359375
30.3203125,953.2935791015625
30.3359375,953.3181762695312
30.3515625,953.2847290039062
30.3671875,953.295654296875
30.3828125,953.2915649414062
30.3984375,953.3077392578125
30.4140625,953.2890625
30.4296875,953.2789916992188
30.4453125,953.2835693359375
30.4609375,953.2957763671875
30.4765625,953.2913818359375
30.4921875,953.2841796875
30.5078125,953.2974243164062
30.5234375,953.2864379882812
30.5390625,953.3045043945312
30.5546875,953.2843017578125
30.5703125,953.2833251953125
30.5859375,953.3089599609375
30.6015625,953.28466796875
30.6171875,953.2841186523438
30.6328125,953.2883911132812
30.6484375,953.278076171875
30.6640625,953.2738647460938
30.6796875,953.27880859375
30.6953125,953.2858276367188
30.7109375,953.2789916992188
30.7265625,953.27880859375
30.7421875,953.2794189453125
30.7578125,953.2874755859375
30.7734375,953.2804565429688
30.7890625,953.2835083007812
30.8046875,953.2721557617188
30.8203125,953.2781982421875
30.8359375,953.2726440429688
30.8515625,953.282958984375
30.8671875,953.2731323242188
30.8828125,953.2673950195312
30.8984375,953.2611694335938
30.9140625,953.26171875
30.9296875,953.2599487304688
30.9453125,953.2467041015625
30.9609375,953.2645874023438
30.9765625,953.259765625
30.9921875,953.2483520507812
31.0078125,953.2592163085938
31.0234375,953.2581176757812
31.0390625,953.2408447265625
31.0546875,953.2542724609375
31.0703125,953.259765625
31.0859375,953.244140625
31.1015625,953.2483520507812
31.1171875,953.2545776367188
31.1328125,953.2393798828125
31.1484375,953.2540283203125
31.1640625,953.2395629882812
31.1796875,953.2501831054688
31.1953125,953.2522583007812
31.2109375,953.2493286132812
31.2265625,953.2495727539062
31.2421875,953.241455078125
31.2578125,953.2391967773438
31.2734375,953.248046875
31.2890625,953.2371826171875
31.3046875,953.232421875
31.3203125,953.240966796875
31.3359375,953.2314453125
31.3515625,953.2352294921875
31.3671875,953.237548828125
31.3828125,953.222412109375
31.3984375,953.2376098632812
31.4140625,953.2357788085938
31.4296875,953.233642578125
31.4453125,953.236083984375
31.4609375,953.2395629882812
31.4765625,953.2313232421875
31.4921875,953.2355346679688
31.5078125,953.2235107421875
31.5234375,953.2333984375
31.5390625,953.23193359375
31.5546875,953.2311401367188
31.5703125,953.2450561523438
31.5859375,953.2380981445312
31.6015625,953.2485961914062
31.6171875,953.2698364257812
31.6328125,953.3408203125
31.6484375,953.2544555664062
31.6640625,953.2764892578125
31.6796875,953.2821044921875
31.6953125,953.2807006835938
31.7109375,953.2836303710938
31.7265625,953.3059692382812
31.7421875,953.2860717773438
31.7578125,953.2723388671875
31.7734375,953.3369140625
31.7890625,953.3201904296875
31.8046875,953.3532104492188
31.8203125,953.3134155273438
31.8359375,953.3588256835938
31.8515625,953.393798828125
31.8671875,953.3822631835938
31.8828125,953.37841796875
31.8984375,953.3822631835938
31.9140625,953.4314575195312
31.9296875,953.4324951171875
31.9453125,953.4671020507812
31.9609375,953.482177734375
31.9765625,953.4563598632812
31.9921875,953.4489135742188
32.0078125,953.4384765625
32.0234375,953.4496459960938
32.0390625,953.4009399414062
32.0546875,953.4616088867188
32.0703125,953.417236328125
32.0859375,953.4764404296875
32.1015625,953.4317626953125
32.1171875,953.404052734375
32.1328125,953.4210815429688
32.1484375,953.3783569335938
32.1640625,953.4393310546875
32.1796875,953.4400024414062
32.1953125,953.4769897460938
32.2109375,953.4561767578125
32.2265625,953.4468383789062
32.2421875,953.4345703125
32.2578125,953.4629516601562
32.2734375,953.4146118164062
32.2890625,953.4445190429688
32.3046875,953.4153442382812
32.3203125,953.4124755859375
32.3359375,953.4346923828125
32.3515625,953.4078979492188
32.3671875,953.3910522460938
32.3828125,953.3825073242188
32.3984375,953.3953857421875
32.4140625,953.3594360351562
32.4296875,953.3580932617188
32.4453125,953.3280029296875
32.4609375,953.3207397460938
32.4765625,953.297607421875
32.4921875,953.3023071289062
32.5078125,953.2930297851562
32.5234375,953.2942504882812
32.5390625,953.2882080078125
32.5546875,953.2876586914062
32.5703125,953.281982421875
32.5859375,953.2958984375
32.6015625,953.2762451171875
32.6171875,953.279296875
32.6328125,953.283203125
32.6484375,953.272705078125
32.6640625,953.2819213867188
32.6796875,953.2724609375
32.6953125,953.2774658203125
32.7109375,953.2697143554688
32.7265625,953.2799072265625
32.7421875,953.2874755859375
32.7578125,953.2801513671875
32.7734375,953.2692260742188
32.7890625,953.2809448242188
32.8046875,953.27099609375
32.8203125,953.2694091796875
32.8359375,953.275390625
32.8515625,953.2700805664062
32.8671875,953.2581787109375
32.8828125,953.2797241210938
32.8984375,953.2791748046875
32.9140625,953.2692260742188
32.9296875,953.2720947265625
32.9453125,953.2786254882812
32.9609375,953.2677612304688
32.9765625,953.2716674804688
32.9921875,953.2726440429688
33.0078125,953.2699584960938
33.0234375,953.2599487304688
33.0390625,953.2607421875
33.0546875,953.2606811523438
33.0703125,953.2649536132812
33.0859375,953.2671508789062
33.1015625,953.2587890625
33.1171875,953.2655029296875
33.1328125,953.2703857421875
33.1484375,953.2632446289062
33.1640625,953.270751953125
33.1796875,953.253662109375
33.1953125,953.2633666992188
33.2109375,953.2640380859375
33.2265625,953.2626953125
33.2421875,953.2589111328125
33.2578125,953.2417602539062
33.2734375,953.2647705078125
33.2890625,953.2622680664062
33.3046875,953.2453002929688
33.3203125,953.2638549804688
33.3359375,953.272216796875
33.3515625,953.25146484375
33.3671875,953.2532348632812
33.3828125,953.2550659179688
33.3984375,953.2489624023438
33.4140625,953.2586669921875
33.4296875,953.259521484375
33.4453125,953.2543334960938
33.4609375,953.2485961914062
33.4765625,953.2603759765625
33.4921875,953.2598876953125
33.5078125,953.2442016601562
