# Time (seconds),f0
0.0078125,28.11358642578125
0.0234375,28.11541748046875
0.0390625,28.106239318847656
0.0546875,28.108802795410156
0.0703125,28.102935791015625
0.0859375,28.100730895996094
0.1015625,28.095947265625
0.1171875,28.111007690429688
0.1328125,28.108078002929688
0.1484375,28.09521484375
0.1640625,28.108444213867188
0.1796875,28.11248779296875
0.1953125,28.11541748046875
0.2109375,28.123138427734375
0.2265625,28.107345581054688
0.2421875,28.103294372558594
0.2578125,28.11248779296875
0.2734375,28.118728637695312
0.2890625,28.11541748046875
0.3046875,28.110275268554688
0.3203125,28.102561950683594
0.3359375,28.11541748046875
0.3515625,28.124237060546875
0.3671875,28.116897583007812
0.3828125,28.108078002929688
0.3984375,28.11541748046875
0.4140625,28.11358642578125
0.4296875,28.107345581054688
0.4453125,28.09374237060547
0.4609375,28.116897583007812
0.4765625,28.119468688964844
0.4921875,28.104393005371094
0.5078125,28.11175537109375
0.5234375,28.09741973876953
0.5390625,28.104766845703125
0.5546875,28.095947265625
0.5703125,28.0970458984375
0.5859375,28.102561950683594
0.6015625,28.098526000976562
0.6171875,28.102935791015625
0.6328125,28.107345581054688
0.6484375,28.11541748046875
0.6640625,28.09300994873047
0.6796875,28.108078002929688
0.6953125,28.11762237548828
0.7109375,28.11652374267578
0.7265625,28.124984741210938
0.7421875,28.111007690429688
0.7578125,28.103668212890625
0.7734375,28.0970458984375
0.7890625,28.106971740722656
0.8046875,28.105499267578125
0.8203125,28.125343322753906
0.8359375,28.11541748046875
0.8515625,28.11358642578125
0.8671875,28.11175537109375
0.8828125,28.117996215820312
0.8984375,28.106239318847656
0.9140625,28.11175537109375
0.9296875,28.127914428710938
0.9453125,28.11541748046875
0.9609375,28.11248779296875
0.9765625,28.11175537109375
0.9921875,28.120574951171875
1.0078125,28.102561950683594
1.0234375,28.11248779296875
1.0390625,28.106239318847656
1.0546875,28.123878479003906
1.0703125,28.11248779296875
1.0859375,28.119827270507812
1.1015625,28.124984741210938
1.1171875,28.11541748046875
1.1328125,28.1312255859375
1.1484375,28.121307373046875
1.1640625,28.11579132080078
1.1796875,28.116165161132812
1.1953125,28.123138427734375
1.2109375,28.119468688964844
1.2265625,28.11541748046875
1.2421875,28.111007690429688
1.2578125,28.098526000976562
1.2734375,28.11175537109375
1.2890625,28.11762237548828
1.3046875,28.11175537109375
1.3203125,28.11541748046875
1.3359375,28.105499267578125
1.3515625,28.09191131591797
1.3671875,28.11175537109375
1.3828125,28.11541748046875
1.3984375,28.11396026611328
1.4140625,28.116165161132812
1.4296875,28.11175537109375
1.4453125,28.11175537109375
1.4609375,28.100730895996094
1.4765625,28.102561950683594
1.4921875,28.107345581054688
1.5078125,28.116165161132812
1.5234375,28.11175537109375
1.5390625,28.117263793945312
1.5546875,28.118728637695312
1.5703125,28.108444213867188
1.5859375,28.11541748046875
1.6015625,28.105499267578125
1.6171875,28.11579132080078
1.6328125,28.119468688964844
1.6484375,28.121307373046875
1.6640625,28.126083374023438
1.6796875,28.123878479003906
1.6953125,28.12718963623047
1.7109375,28.137466430664062
1.7265625,28.141517639160156
1.7421875,28.13416290283203
1.7578125,28.140419006347656
1.7734375,28.15106964111328
1.7890625,28.152542114257812
1.8046875,28.160263061523438
1.8203125,28.1676025390625
1.8359375,28.18304443359375
1.8515625,28.179733276367188
1.8671875,28.190383911132812
1.8828125,28.18634796142578
1.8984375,28.194793701171875
1.9140625,28.190025329589844
1.9296875,28.193695068359375
1.9453125,28.198104858398438
1.9609375,28.207664489746094
1.9765625,28.20325469970703
1.9921875,28.22015380859375
2.0078125,28.226409912109375
2.0234375,28.22015380859375
2.0390625,28.208770751953125
2.0546875,28.229713439941406
2.0703125,28.2359619140625
2.0859375,28.241844177246094
2.1015625,28.2359619140625
2.1171875,28.244407653808594
2.1328125,28.25176239013672
2.1484375,28.269760131835938
2.1640625,28.262046813964844
2.1796875,28.278221130371094
2.1953125,28.280784606933594
2.2109375,28.27454376220703
2.2265625,28.278579711914062
2.2421875,28.295860290527344
2.2578125,28.299530029296875
2.2734375,28.295860290527344
2.2890625,28.3094482421875
2.3046875,28.29401397705078
2.3203125,28.293655395507812
2.3359375,28.299896240234375
2.3515625,28.322677612304688
2.3671875,28.314964294433594
2.3828125,28.314964294433594
2.3984375,28.332977294921875
2.4140625,28.32635498046875
2.4296875,28.331871032714844
2.4453125,28.34142303466797
2.4609375,28.345474243164062
2.4765625,28.34583282470703
2.4921875,28.350616455078125
2.5078125,28.36016082763672
2.5234375,28.3421630859375
2.5390625,28.36273956298828
2.5546875,28.37596893310547
2.5703125,28.356124877929688
2.5859375,28.3770751953125
2.6015625,28.370826721191406
2.6171875,28.368980407714844
2.6328125,28.371559143066406
2.6484375,28.371185302734375
2.6640625,28.370452880859375
2.6796875,28.372665405273438
2.6953125,28.386993408203125
2.7109375,28.374496459960938
2.7265625,28.391029357910156
2.7421875,28.391029357910156
2.7578125,28.37523651123047
2.7734375,28.393234252929688
2.7890625,28.391029357910156
2.8046875,28.391403198242188
2.8203125,28.390304565429688
2.8359375,28.391029357910156
2.8515625,28.404632568359375
2.8671875,28.401695251464844
2.8828125,28.401695251464844
2.8984375,28.39728546142578
2.9140625,28.39764404296875
2.9296875,28.388465881347656
2.9453125,28.403533935546875
2.9609375,28.39543914794922
2.9765625,28.401695251464844
2.9921875,28.401695251464844
3.0078125,28.391029357910156
3.0234375,28.39360809326172
3.0390625,28.391403198242188
3.0546875,28.401695251464844
3.0703125,28.388092041015625
3.0859375,28.381484985351562
3.1015625,28.388465881347656
3.1171875,28.406463623046875
3.1328125,28.401695251464844
3.1484375,28.38037872314453
3.1640625,28.391029357910156
3.1796875,28.402053833007812
3.1953125,28.391403198242188
3.2109375,28.404632568359375
3.2265625,28.391029357910156
3.2421875,28.391029357910156
3.2578125,28.391403198242188
3.2734375,28.392501831054688
3.2890625,28.401695251464844
3.3046875,28.391029357910156
3.3203125,28.38220977783203
3.3359375,28.39360809326172
3.3515625,28.391403198242188
3.3671875,28.391403198242188
3.3828125,28.38037872314453
3.3984375,28.38037872314453
3.4140625,28.386993408203125
3.4296875,28.391029357910156
3.4453125,28.389572143554688
3.4609375,28.37523651123047
3.4765625,28.372665405273438
3.4921875,28.3770751953125
3.5078125,28.370826721191406
3.5234375,28.381851196289062
3.5390625,28.36347198486328
3.5546875,28.370452880859375
3.5703125,28.373390197753906
3.5859375,28.370086669921875
3.6015625,28.374862670898438
3.6171875,28.370826721191406
3.6328125,28.365676879882812
3.6484375,28.368255615234375
3.6640625,28.36273956298828
3.6796875,28.36163330078125
3.6953125,28.349884033203125
3.7109375,28.352447509765625
3.7265625,28.348037719726562
3.7421875,28.348037719726562
3.7578125,28.352088928222656
3.7734375,28.3447265625
3.7890625,28.346206665039062
3.8046875,28.349884033203125
3.8203125,28.36200714111328
3.8359375,28.348037719726562
3.8515625,28.352088928222656
3.8671875,28.36163330078125
3.8828125,28.349884033203125
3.8984375,28.357955932617188
3.9140625,28.3447265625
3.9296875,28.355392456054688
3.9453125,28.348037719726562
3.9609375,28.3428955078125
3.9765625,28.338485717773438
3.9921875,28.349884033203125
4.0078125,28.3428955078125
4.0234375,28.350616455078125
4.0390625,28.33885955810547
4.0546875,28.348037719726562
4.0703125,28.348037719726562
4.0859375,28.352088928222656
4.1015625,28.346206665039062
4.1171875,28.3428955078125
4.1328125,28.338485717773438
4.1484375,28.3428955078125
4.1640625,28.3428955078125
4.1796875,28.32305145263672
4.1953125,28.319015502929688
4.2109375,28.308349609375
4.2265625,28.32122039794922
4.2421875,28.314964294433594
4.2578125,28.314964294433594
4.2734375,28.317169189453125
4.2890625,28.295486450195312
4.3046875,28.312026977539062
4.3203125,28.299896240234375
4.3359375,28.30467987060547
4.3515625,28.30467987060547
4.3671875,28.296592712402344
4.3828125,28.299896240234375
4.3984375,28.297325134277344
4.4140625,28.29071044921875
4.4296875,28.29401397705078
4.4453125,28.27527618408203
4.4609375,28.287399291992188
4.4765625,28.295120239257812
4.4921875,28.276748657226562
4.5078125,28.29401397705078
4.5234375,28.277481079101562
4.5390625,28.274169921875
4.5546875,28.274917602539062
4.5703125,28.267929077148438
4.5859375,28.274917602539062
4.6015625,28.274917602539062
4.6171875,28.257278442382812
4.6328125,28.266830444335938
4.6484375,28.258010864257812
4.6640625,28.248817443847656
4.6796875,28.251022338867188
4.6953125,28.257278442382812
4.7109375,28.25469970703125
4.7265625,28.25396728515625
4.7421875,28.250289916992188
4.7578125,28.25322723388672
4.7734375,28.264251708984375
4.7890625,28.25286865234375
4.8046875,28.245880126953125
4.8203125,28.23853302001953
4.8359375,28.231552124023438
4.8515625,28.231918334960938
4.8671875,28.241844177246094
4.8828125,28.2359619140625
4.8984375,28.228973388671875
4.9140625,28.228614807128906
4.9296875,28.232650756835938
4.9453125,28.234481811523438
4.9609375,28.229713439941406
4.9765625,28.227142333984375
4.9921875,28.207664489746094
5.0078125,28.232650756835938
5.0234375,28.241844177246094
5.0390625,28.22089385986328
5.0546875,28.22015380859375
5.0703125,28.225662231445312
5.0859375,28.229713439941406
5.1015625,28.22089385986328
5.1171875,28.227508544921875
5.1328125,28.212074279785156
5.1484375,28.223098754882812
5.1640625,28.22089385986328
5.1796875,28.22089385986328
5.1953125,28.21794891357422
5.2109375,28.22162628173828
5.2265625,28.213180541992188
5.2421875,28.19774627685547
5.2578125,28.214637756347656
5.2734375,28.20325469970703
5.2890625,28.207664489746094
5.3046875,28.204360961914062
5.3203125,28.207664489746094
5.3359375,28.210975646972656
5.3515625,28.198471069335938
5.3671875,28.20325469970703
5.3828125,28.19957733154297
5.3984375,28.190383911132812
5.4140625,28.20398712158203
5.4296875,28.194061279296875
5.4453125,28.198104858398438
5.4609375,28.194793701171875
5.4765625,28.22089385986328
5.4921875,28.20325469970703
5.5078125,28.20361328125
5.5234375,28.2010498046875
5.5390625,28.19957733154297
5.5546875,28.20325469970703
5.5703125,28.212806701660156
5.5859375,28.20398712158203
5.6015625,28.20471954345703
5.6171875,28.2025146484375
5.6328125,28.206924438476562
5.6484375,28.207664489746094
5.6640625,28.199951171875
5.6796875,28.2025146484375
5.6953125,28.20215606689453
5.7109375,28.192962646484375
5.7265625,28.18304443359375
5.7421875,28.212806701660156
5.7578125,28.193336486816406
5.7734375,28.196640014648438
5.7890625,28.202880859375
5.8046875,28.211334228515625
5.8203125,28.198104858398438
5.8359375,28.192588806152344
5.8515625,28.207290649414062
5.8671875,28.20030975341797
5.8828125,28.194793701171875
5.8984375,28.188926696777344
5.9140625,28.195899963378906
5.9296875,28.18120574951172
5.9453125,28.194435119628906
5.9609375,28.20030975341797
5.9765625,28.206565856933594
5.9921875,28.190025329589844
6.0078125,28.18817901611328
6.0234375,28.187820434570312
6.0390625,28.174949645996094
6.0546875,28.18817901611328
6.0703125,28.18267059326172
6.0859375,28.18267059326172
6.1015625,28.179733276367188
6.1171875,28.196640014648438
6.1328125,28.198471069335938
6.1484375,28.20140838623047
6.1640625,28.193695068359375
6.1796875,28.19957733154297
6.1953125,28.20471954345703
6.2109375,28.190025329589844
6.2265625,28.191131591796875
6.2421875,28.18708038330078
6.2578125,28.18267059326172
6.2734375,28.18120574951172
6.2890625,28.191131591796875
6.3046875,28.179000854492188
6.3203125,28.192962646484375
6.3359375,28.196640014648438
6.3515625,28.18524169921875
6.3671875,28.194061279296875
6.3828125,28.191131591796875
6.3984375,28.18524169921875
6.4140625,28.18193817138672
6.4296875,28.179000854492188
6.4453125,28.191131591796875
6.4609375,28.190025329589844
6.4765625,28.175323486328125
6.4921875,28.187454223632812
6.5078125,28.18817901611328
6.5234375,28.20398712158203
6.5390625,28.192588806152344
6.5546875,28.187454223632812
6.5703125,28.18193817138672
6.5859375,28.18193817138672
6.6015625,28.193695068359375
6.6171875,28.18561553955078
6.6328125,28.179733276367188
6.6484375,28.18634796142578
6.6640625,28.18451690673828
6.6796875,28.179000854492188
6.6953125,28.175697326660156
6.7109375,28.18597412109375
6.7265625,28.18561553955078
6.7421875,28.171646118164062
6.7578125,28.18634796142578
6.7734375,28.187454223632812
6.7890625,28.176422119140625
6.8046875,28.179000854492188
6.8203125,28.18341064453125
6.8359375,28.18634796142578
6.8515625,28.190757751464844
6.8671875,28.18817901611328
6.8828125,28.176795959472656
6.8984375,28.176055908203125
6.9140625,28.18376922607422
6.9296875,28.191131591796875
6.9453125,28.179733276367188
6.9609375,28.193695068359375
6.9765625,28.18376922607422
6.9921875,28.18817901611328
7.0078125,28.171287536621094
7.0234375,28.18634796142578
7.0390625,28.18376922607422
7.0546875,28.18304443359375
7.0703125,28.18634796142578
7.0859375,28.18708038330078
7.1015625,28.18634796142578
7.1171875,28.199951171875
7.1328125,28.18634796142578
7.1484375,28.177528381347656
7.1640625,28.194061279296875
7.1796875,28.18817901611328
7.1953125,28.194793701171875
7.2109375,28.190757751464844
7.2265625,28.191131591796875
7.2421875,28.20030975341797
7.2578125,28.190025329589844
7.2734375,28.18451690673828
7.2890625,28.18376922607422
7.3046875,28.171287536621094
7.3203125,28.18120574951172
7.3359375,28.18487548828125
7.3515625,28.18451690673828
7.3671875,28.179000854492188
7.3828125,28.18708038330078
7.3984375,28.18524169921875
7.4140625,28.176055908203125
7.4296875,28.18561553955078
7.4453125,28.172012329101562
7.4609375,28.171287536621094
7.4765625,28.18376922607422
7.4921875,28.18376922607422
7.5078125,28.175697326660156
7.5234375,28.179733276367188
7.5390625,28.20471954345703
7.5546875,28.18341064453125
7.5703125,28.18451690673828
7.5859375,28.192962646484375
7.6015625,28.197372436523438
7.6171875,28.177154541015625
7.6328125,28.192962646484375
7.6484375,28.186721801757812
7.6640625,28.191131591796875
7.6796875,28.195167541503906
7.6953125,28.18524169921875
7.7109375,28.18376922607422
7.7265625,28.192962646484375
7.7421875,28.191131591796875
7.7578125,28.180831909179688
7.7734375,28.1676025390625
7.7890625,28.174591064453125
7.8046875,28.171646118164062
7.8203125,28.175323486328125
7.8359375,28.176422119140625
7.8515625,28.18451690673828
7.8671875,28.18376922607422
7.8828125,28.176055908203125
7.8984375,28.190383911132812
7.9140625,28.175697326660156
7.9296875,28.18193817138672
7.9453125,28.18010711669922
7.9609375,28.174949645996094
7.9765625,28.1676025390625
7.9921875,28.181564331054688
8.0078125,28.18193817138672
8.0234375,28.18561553955078
8.0390625,28.18817901611328
8.0546875,28.18817901611328
8.0703125,28.179000854492188
8.0859375,28.18634796142578
8.1015625,28.18634796142578
8.1171875,28.176055908203125
8.1328125,28.190757751464844
8.1484375,28.179000854492188
8.1640625,28.176422119140625
8.1796875,28.18561553955078
8.1953125,28.171287536621094
8.2109375,28.171287536621094
8.2265625,28.173492431640625
8.2421875,28.16687774658203
8.2578125,28.18817901611328
8.2734375,28.176422119140625
8.2890625,28.179000854492188
8.3046875,28.173851013183594
8.3203125,28.176055908203125
8.3359375,28.18010711669922
8.3515625,28.176055908203125
8.3671875,28.18193817138672
8.3828125,28.187454223632812
8.3984375,28.175323486328125
8.4140625,28.179000854492188
8.4296875,28.18634796142578
8.4453125,28.172386169433594
8.4609375,28.18561553955078
8.4765625,28.176055908203125
8.4921875,28.190757751464844
8.5078125,28.18376922607422
8.5234375,28.190383911132812
8.5390625,28.18634796142578
8.5546875,28.18561553955078
8.5703125,28.18376922607422
8.5859375,28.173492431640625
8.6015625,28.180831909179688
8.6171875,28.1676025390625
8.6328125,28.16650390625
8.6484375,28.176055908203125
8.6640625,28.176422119140625
8.6796875,28.18341064453125
8.6953125,28.17053985595703
8.7109375,28.18561553955078
8.7265625,28.178260803222656
8.7421875,28.1676025390625
8.7578125,28.18817901611328
8.7734375,28.190383911132812
8.7890625,28.190757751464844
8.8046875,28.18451690673828
8.8203125,28.18524169921875
8.8359375,28.176422119140625
8.8515625,28.179733276367188
8.8671875,28.179000854492188
8.8828125,28.190757751464844
8.8984375,28.18120574951172
8.9140625,28.18561553955078
8.9296875,28.18267059326172
8.9453125,28.188552856445312
8.9609375,28.187454223632812
8.9765625,28.180831909179688
8.9921875,28.18451690673828
9.0078125,28.196640014648438
9.0234375,28.18634796142578
9.0390625,28.179733276367188
9.0546875,28.190383911132812
9.0703125,28.18341064453125
9.0859375,28.18193817138672
9.1015625,28.175697326660156
9.1171875,28.173492431640625
9.1328125,28.176055908203125
9.1484375,28.176055908203125
9.1640625,28.173118591308594
9.1796875,28.18341064453125
9.1953125,28.18634796142578
9.2109375,28.18267059326172
9.2265625,28.179733276367188
9.2421875,28.175697326660156
9.2578125,28.171287536621094
9.2734375,28.16687774658203
9.2890625,28.17053985595703
9.3046875,28.1676025390625
9.3203125,28.169082641601562
9.3359375,28.18451690673828
9.3515625,28.18708038330078
9.3671875,28.190025329589844
9.3828125,28.18708038330078
9.3984375,28.18267059326172
9.4140625,28.190383911132812
9.4296875,28.176055908203125
9.4453125,28.193695068359375
9.4609375,28.194435119628906
9.4765625,28.187454223632812
9.4921875,28.193336486816406
9.5078125,28.19774627685547
9.5234375,28.195899963378906
9.5390625,28.197372436523438
9.5546875,28.196640014648438
9.5703125,28.191131591796875
9.5859375,28.2025146484375
9.6015625,28.20581817626953
9.6171875,28.20030975341797
9.6328125,28.21538543701172
9.6484375,28.209503173828125
9.6640625,28.224563598632812
9.6796875,28.232650756835938
9.6953125,28.23779296875
9.7109375,28.23853302001953
9.7265625,28.248817443847656
9.7421875,28.25396728515625
9.7578125,28.25653076171875
9.7734375,28.25469970703125
9.7890625,28.261688232421875
9.8046875,28.25579833984375
9.8203125,28.25322723388672
9.8359375,28.248458862304688
9.8515625,28.263893127441406
9.8671875,28.257278442382812
9.8828125,28.274917602539062
9.8984375,28.27454376220703
9.9140625,28.281158447265625
9.9296875,28.279685974121094
9.9453125,28.278579711914062
9.9609375,28.266830444335938
9.9765625,28.28924560546875
9.9921875,28.283363342285156
10.0078125,28.275650024414062
10.0234375,28.2723388671875
10.0390625,28.283363342285156
10.0546875,28.294387817382812
10.0703125,28.259841918945312
10.0859375,28.275650024414062
10.1015625,28.276748657226562
10.1171875,28.266098022460938
10.1328125,28.277847290039062
10.1484375,28.282989501953125
10.1640625,28.278579711914062
10.1796875,28.280426025390625
10.1953125,28.27454376220703
10.2109375,28.27527618408203
10.2265625,28.287399291992188
10.2421875,28.282989501953125
10.2578125,28.276016235351562
10.2734375,28.274917602539062
10.2890625,28.276748657226562
10.3046875,28.282989501953125
10.3203125,28.27454376220703
10.3359375,28.28924560546875
10.3515625,28.283363342285156
10.3671875,28.28704071044922
10.3828125,28.280426025390625
10.3984375,28.286666870117188
10.4140625,28.274169921875
10.4296875,28.278953552246094
10.4453125,28.287399291992188
10.4609375,28.28997802734375
10.4765625,28.293289184570312
10.4921875,28.278221130371094
10.5078125,28.276748657226562
10.5234375,28.278579711914062
10.5390625,28.286300659179688
10.5546875,28.28924560546875
10.5703125,28.280426025390625
10.5859375,28.282989501953125
10.6015625,28.27086639404297
10.6171875,28.298423767089844
10.6328125,28.28594207763672
10.6484375,28.294387817382812
10.6640625,28.28924560546875
10.6796875,28.295120239257812
10.6953125,28.278953552246094
10.7109375,28.28997802734375
10.7265625,28.278579711914062
10.7421875,28.28594207763672
10.7578125,28.298065185546875
10.7734375,28.282630920410156
10.7890625,28.296966552734375
10.8046875,28.294387817382812
10.8203125,28.298065185546875
10.8359375,28.293289184570312
10.8515625,28.298423767089844
10.8671875,28.296592712402344
10.8828125,28.295486450195312
10.8984375,28.295860290527344
10.9140625,28.30467987060547
10.9296875,28.295120239257812
10.9453125,28.299171447753906
10.9609375,28.302833557128906
10.9765625,28.3057861328125
10.9921875,28.300270080566406
11.0078125,28.303939819335938
11.0234375,28.298797607421875
11.0390625,28.295486450195312
11.0546875,28.306884765625
11.0703125,28.293655395507812
11.0859375,28.302833557128906
11.1015625,28.30908966064453
11.1171875,28.299896240234375
11.1328125,28.304306030273438
11.1484375,28.295486450195312
11.1640625,28.313125610351562
11.1796875,28.3094482421875
11.1953125,28.321578979492188
11.2109375,28.321945190429688
11.2265625,28.32672882080078
11.2421875,28.34252166748047
11.2578125,28.331138610839844
11.2734375,28.335174560546875
11.2890625,28.33995819091797
11.3046875,28.338485717773438
11.3203125,28.34252166748047
11.3359375,28.364944458007812
11.3515625,28.349136352539062
11.3671875,28.363113403320312
11.3828125,28.364944458007812
11.3984375,28.349884033203125
11.4140625,28.349884033203125
11.4296875,28.36273956298828
11.4453125,28.355751037597656
11.4609375,28.370826721191406
11.4765625,28.368621826171875
11.4921875,28.373390197753906
11.5078125,28.372665405273438
11.5234375,28.368980407714844
11.5390625,28.365318298339844
11.5546875,28.352088928222656
11.5703125,28.36090850830078
11.5859375,28.350982666015625
11.6015625,28.357955932617188
11.6171875,28.36163330078125
11.6328125,28.355392456054688
11.6484375,28.349136352539062
11.6640625,28.356124877929688
11.6796875,28.345474243164062
11.6953125,28.327835083007812
11.7109375,28.337753295898438
11.7265625,28.335174560546875
11.7421875,28.32305145263672
11.7578125,28.32635498046875
11.7734375,28.32231903076172
11.7890625,28.32231903076172
11.8046875,28.32342529296875
11.8203125,28.330764770507812
11.8359375,28.318641662597656
11.8515625,28.314964294433594
11.8671875,28.314964294433594
11.8828125,28.3057861328125
11.8984375,28.3087158203125
11.9140625,28.295486450195312
11.9296875,28.296218872070312
11.9453125,28.312026977539062
11.9609375,28.315704345703125
11.9765625,28.30358123779297
11.9921875,28.295486450195312
12.0078125,28.295120239257812
12.0234375,28.30467987060547
12.0390625,28.301734924316406
12.0546875,28.29401397705078
12.0703125,28.28997802734375
12.0859375,28.297325134277344
12.1015625,28.298065185546875
12.1171875,28.292556762695312
12.1328125,28.287399291992188
12.1484375,28.285194396972656
12.1640625,28.27013397216797
12.1796875,28.27381134033203
12.1953125,28.27454376220703
12.2109375,28.282989501953125
12.2265625,28.263893127441406
12.2421875,28.282989501953125
12.2578125,28.26830291748047
12.2734375,28.2705078125
12.2890625,28.258010864257812
12.3046875,28.263145446777344
12.3203125,28.262420654296875
12.3359375,28.266098022460938
12.3515625,28.240371704101562
12.3671875,28.24109649658203
12.3828125,28.24109649658203
12.3984375,28.23779296875
12.4140625,28.244407653808594
12.4296875,28.25176239013672
12.4453125,28.25469970703125
12.4609375,28.244049072265625
12.4765625,28.23999786376953
12.4921875,28.244781494140625
12.5078125,28.23779296875
12.5234375,28.242202758789062
12.5390625,28.251388549804688
12.5546875,28.251388549804688
12.5703125,28.229713439941406
12.5859375,28.2359619140625
12.6015625,28.222732543945312
12.6171875,28.227867126464844
12.6328125,28.232650756835938
12.6484375,28.226036071777344
12.6640625,28.2359619140625
12.6796875,28.22015380859375
12.6953125,28.244049072265625
12.7109375,28.22089385986328
12.7265625,28.22015380859375
12.7421875,28.222732543945312
12.7578125,28.22125244140625
12.7734375,28.22125244140625
12.7890625,28.21904754638672
12.8046875,28.22015380859375
12.8203125,28.213180541992188
12.8359375,28.21942138671875
12.8515625,28.224563598632812
12.8671875,28.225662231445312
12.8828125,28.22015380859375
12.8984375,28.22345733642578
12.9140625,28.21794891357422
12.9296875,28.225303649902344
12.9453125,28.214279174804688
12.9609375,28.21721649169922
12.9765625,28.227142333984375
12.9921875,28.232650756835938
13.0078125,28.224563598632812
13.0234375,28.222732543945312
13.0390625,28.213180541992188
13.0546875,28.22052001953125
13.0703125,28.207664489746094
13.0859375,28.22089385986328
13.1015625,28.211334228515625
13.1171875,28.198104858398438
13.1328125,28.2025146484375
13.1484375,28.205093383789062
13.1640625,28.207664489746094
13.1796875,28.207664489746094
13.1953125,28.206924438476562
13.2109375,28.20398712158203
13.2265625,28.2025146484375
13.2421875,28.198471069335938
13.2578125,28.2017822265625
13.2734375,28.207664489746094
13.2890625,28.20325469970703
13.3046875,28.212432861328125
13.3203125,28.20581817626953
13.3359375,28.20325469970703
13.3515625,28.2025146484375
13.3671875,28.198471069335938
13.3828125,28.20030975341797
13.3984375,28.214637756347656
13.4140625,28.213912963867188
13.4296875,28.206924438476562
13.4453125,28.2025146484375
13.4609375,28.204360961914062
13.4765625,28.2025146484375
13.4921875,28.20398712158203
13.5078125,28.195167541503906
13.5234375,28.20140838623047
13.5390625,28.2010498046875
13.5546875,28.20030975341797
13.5703125,28.204360961914062
13.5859375,28.20215606689453
13.6015625,28.191490173339844
13.6171875,28.20140838623047
13.6328125,28.186721801757812
13.6484375,28.193336486816406
13.6640625,28.196998596191406
13.6796875,28.19884490966797
13.6953125,28.18597412109375
13.7109375,28.196998596191406
13.7265625,28.194435119628906
13.7421875,28.194435119628906
13.7578125,28.194435119628906
13.7734375,28.212074279785156
13.7890625,28.199203491210938
13.8046875,28.20325469970703
13.8203125,28.20325469970703
13.8359375,28.192962646484375
13.8515625,28.205459594726562
13.8671875,28.20140838623047
13.8828125,28.194793701171875
13.8984375,28.194435119628906
13.9140625,28.19774627685547
13.9296875,28.20581817626953
13.9453125,28.191490173339844
13.9609375,28.18817901611328
13.9765625,28.18561553955078
13.9921875,28.18231201171875
14.0078125,28.196640014648438
14.0234375,28.2010498046875
14.0390625,28.205459594726562
14.0546875,28.19774627685547
14.0703125,28.202880859375
14.0859375,28.195899963378906
14.1015625,28.206565856933594
14.1171875,28.20140838623047
14.1328125,28.2010498046875
14.1484375,28.191490173339844
14.1640625,28.199203491210938
14.1796875,28.20361328125
14.1953125,28.20030975341797
14.2109375,28.194061279296875
14.2265625,28.192962646484375
14.2421875,28.18561553955078
14.2578125,28.20398712158203
14.2734375,28.20030975341797
14.2890625,28.192588806152344
14.3046875,28.204360961914062
14.3203125,28.20398712158203
14.3359375,28.194435119628906
14.3515625,28.20140838623047
14.3671875,28.198104858398438
14.3828125,28.197372436523438
14.3984375,28.21794891357422
14.4140625,28.210601806640625
14.4296875,28.20030975341797
14.4453125,28.214279174804688
14.4609375,28.22089385986328
14.4765625,28.223098754882812
14.4921875,28.22052001953125
14.5078125,28.231918334960938
14.5234375,28.223098754882812
14.5390625,28.234481811523438
14.5546875,28.259109497070312
14.5703125,28.25469970703125
14.5859375,28.274169921875
14.6015625,28.26830291748047
14.6171875,28.263893127441406
14.6328125,28.274917602539062
14.6484375,28.29071044921875
14.6640625,28.29401397705078
14.6796875,28.299171447753906
14.6953125,28.313858032226562
14.7109375,28.3087158203125
14.7265625,28.330764770507812
14.7421875,28.338485717773438
14.7578125,28.35943603515625
14.7734375,28.37523651123047
14.7890625,28.364944458007812
14.8046875,28.38111114501953
14.8203125,28.374496459960938
14.8359375,28.401695251464844
14.8515625,28.41638946533203
14.8671875,28.425209045410156
14.8828125,28.438812255859375
14.8984375,28.43109130859375
14.9140625,28.446151733398438
14.9296875,28.457550048828125
14.9453125,28.456817626953125
14.9609375,28.478500366210938
14.9765625,28.4832763671875
14.9921875,28.50202178955078
15.0078125,28.496864318847656
15.0234375,28.51708221435547
15.0390625,28.5203857421875
15.0546875,28.515609741210938
15.0703125,28.516708374023438
15.0859375,28.526275634765625
15.1015625,28.541336059570312
15.1171875,28.533248901367188
15.1328125,28.542808532714844
15.1484375,28.549423217773438
15.1640625,28.55750274658203
15.1796875,28.560073852539062
15.1953125,28.580291748046875
15.2109375,28.582855224609375
15.2265625,28.57440948486328
15.2421875,28.589111328125
15.2578125,28.60710906982422
15.2734375,28.60454559326172
15.2890625,28.616676330566406
15.3046875,28.614830017089844
15.3203125,28.632469177246094
15.3359375,28.621810913085938
15.3515625,28.6240234375
15.3671875,28.628433227539062
15.3828125,28.631004333496094
15.3984375,28.654159545898438
15.4140625,28.633941650390625
15.4296875,28.649749755859375
15.4453125,28.64679718017578
15.4609375,28.64055633544922
15.4765625,28.66443634033203
15.4921875,28.649749755859375
15.5078125,28.652679443359375
15.5234375,28.6611328125
15.5390625,28.650482177734375
15.5546875,28.65819549560547
15.5703125,28.655258178710938
15.5859375,28.662979125976562
15.6015625,28.668121337890625
15.6171875,28.668487548828125
15.6328125,28.67877197265625
15.6484375,28.666641235351562
15.6640625,28.682823181152344
15.6796875,28.685386657714844
15.6953125,28.68207550048828
15.7109375,28.69420623779297
15.7265625,28.683547973632812
15.7421875,28.692367553710938
15.7578125,28.69420623779297
15.7734375,28.693099975585938
15.7890625,28.701187133789062
15.8046875,28.701560974121094
15.8203125,28.69715118408203
15.8359375,28.707077026367188
15.8515625,28.710006713867188
15.8671875,28.7298583984375
15.8828125,28.72801971435547
15.8984375,28.726547241210938
15.9140625,28.73058319091797
15.9296875,28.734634399414062
15.9453125,28.74456024169922
15.9609375,28.743812561035156
15.9765625,28.74712371826172
15.9921875,28.74565887451172
16.0078125,28.74859619140625
16.0234375,28.771743774414062
16.0390625,28.76806640625
16.0546875,28.76586151123047
16.0703125,28.76586151123047
16.0859375,28.772850036621094
16.1015625,28.768814086914062
16.1171875,28.761825561523438
16.1328125,28.767333984375
16.1484375,28.7662353515625
16.1640625,28.775787353515625
16.1796875,28.773956298828125
16.1953125,28.76770782470703
16.2109375,28.774681091308594
16.2265625,28.78166961669922
16.2421875,28.789756774902344
16.2578125,28.78350067138672
16.2734375,28.791595458984375
16.2890625,28.787185668945312
16.3046875,28.775428771972656
16.3203125,28.772850036621094
16.3359375,28.770645141601562
16.3515625,28.771377563476562
16.3671875,28.7655029296875
16.3828125,28.791595458984375
16.3984375,28.7669677734375
16.4140625,28.759620666503906
16.4296875,28.742355346679688
16.4453125,28.75263214111328
16.4609375,28.737571716308594
16.4765625,28.740875244140625
16.4921875,28.73389434814453
16.5078125,28.740875244140625
16.5234375,28.716629028320312
16.5390625,28.710006713867188
16.5546875,28.705596923828125
16.5703125,28.702667236328125
16.5859375,28.69605255126953
16.6015625,28.69715118408203
16.6171875,28.687957763671875
16.6328125,28.686485290527344
16.6484375,28.682449340820312
16.6640625,28.687591552734375
16.6796875,28.674728393554688
16.6953125,28.665908813476562
16.7109375,28.666641235351562
16.7265625,28.668846130371094
16.7421875,28.6614990234375
16.7578125,28.650108337402344
16.7734375,28.65746307373047
16.7890625,28.63872528076172
16.8046875,28.64349365234375
16.8203125,28.629531860351562
16.8359375,28.6258544921875
16.8515625,28.62291717529297
16.8671875,28.61042022705078
16.8828125,28.618507385253906
16.8984375,28.600868225097656
16.9140625,28.597190856933594
16.9296875,28.5916748046875
16.9453125,28.58580780029297
16.9609375,28.582855224609375
16.9765625,28.597190856933594
16.9921875,28.583229064941406
17.0078125,28.580291748046875
17.0234375,28.56926727294922
17.0390625,28.563758850097656
17.0546875,28.560073852539062
17.0703125,28.563758850097656
17.0859375,28.560073852539062
17.1015625,28.563758850097656
17.1171875,28.547950744628906
17.1328125,28.549423217773438
17.1484375,28.541336059570312
17.1640625,28.53730010986328
17.1796875,28.545013427734375
17.1953125,28.525169372558594
17.2109375,28.53582763671875
17.2265625,28.530311584472656
17.2421875,28.516708374023438
17.2578125,28.516708374023438
17.2734375,28.507530212402344
17.2890625,28.524070739746094
17.3046875,28.509735107421875
17.3203125,28.496139526367188
17.3359375,28.50054931640625
17.3515625,28.489151000976562
17.3671875,28.50312042236328
17.3828125,28.490623474121094
17.3984375,28.492828369140625
17.4140625,28.4847412109375
17.4296875,28.497970581054688
17.4453125,28.480697631835938
17.4609375,28.48583984375
17.4765625,28.481430053710938
17.4921875,28.48363494873047
17.5078125,28.47997283935547
17.5234375,28.475189208984375
17.5390625,28.47997283935547
17.5546875,28.458282470703125
17.5703125,28.471511840820312
17.5859375,28.457550048828125
17.6015625,28.46710205078125
17.6171875,28.46563720703125
17.6328125,28.459381103515625
17.6484375,28.456817626953125
17.6640625,28.460487365722656
17.6796875,28.457176208496094
17.6953125,28.456817626953125
17.7109375,28.446151733398438
17.7265625,28.452041625976562
17.7421875,28.44652557373047
17.7578125,28.446151733398438
17.7734375,28.453514099121094
17.7890625,28.446151733398438
17.8046875,28.457550048828125
17.8203125,28.443946838378906
17.8359375,28.443588256835938
17.8515625,28.436233520507812
17.8671875,28.439178466796875
17.8828125,28.43035888671875
17.8984375,28.436599731445312
17.9140625,28.44652557373047
17.9296875,28.43182373046875
17.9453125,28.425949096679688
17.9609375,28.42888641357422
17.9765625,28.42815399169922
17.9921875,28.435874938964844
18.0078125,28.426307678222656
18.0234375,28.43071746826172
18.0390625,28.43512725830078
18.0546875,28.42999267578125
18.0703125,28.433670043945312
18.0859375,28.43071746826172
18.1015625,28.437705993652344
18.1171875,28.438438415527344
18.1328125,28.434402465820312
18.1484375,28.41124725341797
18.1640625,28.41565704345703
18.1796875,28.419334411621094
18.1953125,28.42999267578125
18.2109375,28.423744201660156
18.2265625,28.417129516601562
18.2421875,28.41197967529297
18.2578125,28.41124725341797
18.2734375,28.41307830810547
18.2890625,28.407211303710938
18.3046875,28.407943725585938
18.3203125,28.415283203125
18.3359375,28.408309936523438
18.3515625,28.405006408691406
18.3671875,28.410140991210938
18.3828125,28.41638946533203
18.3984375,28.407211303710938
18.4140625,28.41307830810547
18.4296875,28.403533935546875
18.4453125,28.41492462158203
18.4609375,28.39728546142578
18.4765625,28.39508056640625
18.4921875,28.41382598876953
18.5078125,28.403533935546875
18.5234375,28.403533935546875
18.5390625,28.404258728027344
18.5546875,28.408309936523438
18.5703125,28.404632568359375
18.5859375,28.401695251464844
18.6015625,28.404632568359375
18.6171875,28.39543914794922
18.6328125,28.39434051513672
18.6484375,28.410873413085938
18.6640625,28.39543914794922
18.6796875,28.401695251464844
18.6953125,28.401695251464844
18.7109375,28.407943725585938
18.7265625,28.404258728027344
18.7421875,28.391029357910156
18.7578125,28.391403198242188
18.7734375,28.404632568359375
18.7890625,28.39508056640625
18.8046875,28.39471435546875
18.8203125,28.41124725341797
18.8359375,28.401695251464844
18.8515625,28.406837463378906
18.8671875,28.41124725341797
18.8828125,28.408668518066406
18.8984375,28.403533935546875
18.9140625,28.403533935546875
18.9296875,28.410873413085938
18.9453125,28.406837463378906
18.9609375,28.422271728515625
18.9765625,28.421539306640625
18.9921875,28.43071746826172
19.0078125,28.439910888671875
19.0234375,28.43109130859375
19.0390625,28.438438415527344
19.0546875,28.442115783691406
19.0703125,28.437332153320312
19.0859375,28.438079833984375
19.1015625,28.46784210205078
19.1171875,28.46453857421875
19.1328125,28.471153259277344
19.1484375,28.473716735839844
19.1640625,28.472984313964844
19.1796875,28.480697631835938
19.1953125,28.48180389404297
19.2109375,28.493202209472656
19.2265625,28.48694610595703
19.2421875,28.4847412109375
19.2578125,28.48694610595703
19.2734375,28.50347900390625
19.2890625,28.507156372070312
19.3046875,28.516708374023438
19.3203125,28.51891326904297
19.3359375,28.5174560546875
19.3515625,28.50385284423828
19.3671875,28.51525115966797
19.3828125,28.52332305908203
19.3984375,28.52332305908203
19.4140625,28.526634216308594
19.4296875,28.544273376464844
19.4453125,28.53730010986328
19.4609375,28.542068481445312
19.4765625,28.542434692382812
19.4921875,28.549057006835938
19.5078125,28.542068481445312
19.5234375,28.530685424804688
19.5390625,28.53545379638672
19.5546875,28.542434692382812
19.5703125,28.549423217773438
19.5859375,28.55419158935547
19.6015625,28.545013427734375
19.6171875,28.542434692382812
19.6328125,28.560073852539062
19.6484375,28.541709899902344
19.6640625,28.546478271484375
19.6796875,28.549781799316406
19.6953125,28.53730010986328
19.7109375,28.549057006835938
19.7265625,28.549057006835938
19.7421875,28.542068481445312
19.7578125,28.548683166503906
19.7734375,28.544273376464844
19.7890625,28.545372009277344
19.8046875,28.53545379638672
19.8203125,28.542434692382812
19.8359375,28.545013427734375
19.8515625,28.53802490234375
19.8671875,28.548324584960938
19.8828125,28.54096221923828
19.8984375,28.53472137451172
19.9140625,28.53398895263672
19.9296875,28.531417846679688
19.9453125,28.531417846679688
19.9609375,28.528839111328125
19.9765625,28.525169372558594
19.9921875,28.531417846679688
20.0078125,28.528839111328125
20.0234375,28.521865844726562
20.0390625,28.525169372558594
20.0546875,28.529937744140625
20.0703125,28.530311584472656
20.0859375,28.526275634765625
20.1015625,28.5211181640625
20.1171875,28.51781463623047
20.1328125,28.525527954101562
20.1484375,28.531784057617188
20.1640625,28.531417846679688
20.1796875,28.52075958251953
20.1953125,28.513778686523438
20.2109375,28.52149200439453
20.2265625,28.51634979248047
20.2421875,28.51891326904297
20.2578125,28.52075958251953
20.2734375,28.52149200439453
20.2890625,28.5174560546875
20.3046875,28.525169372558594
20.3203125,28.52149200439453
20.3359375,28.511940002441406
20.3515625,28.50568389892578
20.3671875,28.50312042236328
20.3828125,28.506431579589844
20.3984375,28.513046264648438
20.4140625,28.529205322265625
20.4296875,28.509368896484375
20.4453125,28.52222442626953
20.4609375,28.51891326904297
20.4765625,28.510093688964844
20.4921875,28.52075958251953
20.5078125,28.509735107421875
20.5234375,28.51634979248047
20.5390625,28.51525115966797
20.5546875,28.509368896484375
20.5703125,28.506790161132812
20.5859375,28.50238037109375
20.6015625,28.51891326904297
20.6171875,28.5211181640625
20.6328125,28.52075958251953
20.6484375,28.525901794433594
20.6640625,28.51525115966797
20.6796875,28.516708374023438
20.6953125,28.524070739746094
20.7109375,28.51966094970703
20.7265625,28.51966094970703
20.7421875,28.531417846679688
20.7578125,28.526275634765625
20.7734375,28.53472137451172
20.7890625,28.53986358642578
20.8046875,28.531417846679688
20.8203125,28.53913116455078
20.8359375,28.542808532714844
20.8515625,28.545745849609375
20.8671875,28.556396484375
20.8828125,28.5552978515625
20.8984375,28.5538330078125
20.9140625,28.551254272460938
20.9296875,28.558242797851562
20.9453125,28.545013427734375
20.9609375,28.545372009277344
20.9765625,28.548324584960938
20.9921875,28.541709899902344
21.0078125,28.540237426757812
21.0234375,28.53913116455078
21.0390625,28.526275634765625
21.0546875,28.549423217773438
21.0703125,28.53730010986328
21.0859375,28.545013427734375
21.1015625,28.53472137451172
21.1171875,28.526275634765625
21.1328125,28.542068481445312
21.1484375,28.533248901367188
21.1640625,28.53730010986328
21.1796875,28.5185546875
21.1953125,28.526275634765625
21.2109375,28.523696899414062
21.2265625,28.51781463623047
21.2421875,28.5211181640625
21.2578125,28.50347900390625
21.2734375,28.52075958251953
21.2890625,28.51891326904297
21.3046875,28.50238037109375
21.3203125,28.50568389892578
21.3359375,28.506431579589844
21.3515625,28.49944305419922
21.3671875,28.497970581054688
21.3828125,28.492828369140625
21.3984375,28.4847412109375
21.4140625,28.47997283935547
21.4296875,28.489517211914062
21.4453125,28.488418579101562
21.4609375,28.4847412109375
21.4765625,28.477020263671875
21.4921875,28.475189208984375
21.5078125,28.46710205078125
21.5234375,28.47040557861328
21.5390625,28.46233367919922
