# Time (seconds),f0
0.0078125,953.8419799804688
0.0234375,953.7667846679688
0.0390625,953.8228759765625
0.0546875,953.8235473632812
0.0703125,953.8231201171875
0.0859375,953.7958374023438
0.1015625,953.8234252929688
0.1171875,953.9068603515625
0.1328125,953.8851318359375
0.1484375,953.8334350585938
0.1640625,953.833740234375
0.1796875,953.887939453125
0.1953125,953.8914794921875
0.2109375,953.9175415039062
0.2265625,953.9837036132812
0.2421875,953.9684448242188
0.2578125,954.0454711914062
0.2734375,953.9603881835938
0.2890625,953.9118041992188
0.3046875,953.8988647460938
0.3203125,953.9981079101562
0.3359375,953.9169311523438
0.3515625,953.9783325195312
0.3671875,953.9808959960938
0.3828125,953.9243774414062
0.3984375,953.9884033203125
0.4140625,954.0137329101562
0.4296875,953.9609375
0.4453125,953.9270629882812
0.4609375,953.9644165039062
0.4765625,953.8837280273438
0.4921875,953.9877319335938
0.5078125,953.9634399414062
0.5234375,954.0043334960938
0.5390625,953.9735717773438
0.5546875,954.057861328125
0.5703125,954.0001831054688
0.5859375,953.9942626953125
0.6015625,954.0201416015625
0.6171875,954.005859375
0.6328125,953.9039916992188
0.6484375,953.9575805664062
0.6640625,954.0259399414062
0.6796875,953.9610595703125
0.6953125,953.9821166992188
0.7109375,953.9373779296875
0.7265625,954.0240478515625
0.7421875,953.9337158203125
0.7578125,953.9942626953125
0.7734375,953.9451904296875
0.7890625,953.9365234375
0.8046875,953.95849609375
0.8203125,953.9168701171875
0.8359375,953.8773803710938
0.8515625,953.9066162109375
0.8671875,953.8576049804688
0.8828125,953.8338012695312
0.8984375,953.8352661132812
0.9140625,953.8262939453125
0.9296875,953.815673828125
0.9453125,953.80419921875
0.9609375,953.8091430664062
0.9765625,953.821044921875
0.9921875,953.8212280273438
1.0078125,953.80810546875
1.0234375,953.8265991210938
1.0390625,953.8131713867188
1.0546875,953.8262939453125
1.0703125,953.8070678710938
1.0859375,953.8145141601562
1.1015625,953.82373046875
1.1171875,953.8109130859375
1.1328125,953.8074951171875
1.1484375,953.8092651367188
1.1640625,953.8049926757812
1.1796875,953.833251953125
1.1953125,953.819091796875
1.2109375,953.8175048828125
1.2265625,953.8134765625
1.2421875,953.8036499023438
1.2578125,953.8137817382812
1.2734375,953.8082885742188
1.2890625,953.8080444335938
1.3046875,953.80810546875
1.3203125,953.800537109375
1.3359375,953.8143310546875
1.3515625,953.825927734375
1.3671875,953.821533203125
1.3828125,953.8243408203125
1.3984375,953.8162231445312
1.4140625,953.8011474609375
1.4296875,953.80029296875
1.4453125,953.8150024414062
1.4609375,953.826904296875
1.4765625,953.8038940429688
1.4921875,953.8031616210938
1.5078125,953.792724609375
1.5234375,953.8077392578125
1.5390625,953.8016967773438
1.5546875,953.822021484375
1.5703125,953.8282470703125
1.5859375,953.8257446289062
1.6015625,953.8240356445312
1.6171875,953.8038940429688
1.6328125,953.7922973632812
1.6484375,953.7992553710938
1.6640625,953.804443359375
1.6796875,953.7911376953125
1.6953125,953.798583984375
1.7109375,953.798095703125
1.7265625,953.7942504882812
1.7421875,953.809814453125
1.7578125,953.7797241210938
1.7734375,953.7776489257812
1.7890625,953.7988891601562
1.8046875,953.7932739257812
1.8203125,953.8072509765625
1.8359375,953.7888793945312
1.8515625,953.8115234375
1.8671875,953.8364868164062
1.8828125,953.8521728515625
1.8984375,953.8837890625
1.9140625,953.8722534179688
1.9296875,953.9063110351562
1.9453125,953.9107666015625
1.9609375,953.9774169921875
1.9765625,953.968017578125
1.9921875,953.8789672851562
2.0078125,953.9422607421875
2.0234375,954.081298828125
2.0390625,954.0542602539062
2.0546875,954.0021362304688
2.0703125,953.947021484375
2.0859375,954.0266723632812
2.1015625,953.9430541992188
2.1171875,953.88427734375
2.1328125,953.8885498046875
2.1484375,953.8546752929688
2.1640625,953.8223876953125
2.1796875,953.8635864257812
2.1953125,953.850830078125
2.2109375,953.8289794921875
2.2265625,953.8478393554688
2.2421875,953.8369140625
2.2578125,953.8270263671875
2.2734375,953.8505859375
2.2890625,953.8646850585938
2.3046875,953.8375854492188
2.3203125,953.8397216796875
2.3359375,953.83203125
2.3515625,953.8701171875
2.3671875,953.8247680664062
2.3828125,953.818359375
2.3984375,953.8390502929688
2.4140625,953.8580932617188
2.4296875,953.8688354492188
2.4453125,953.8784790039062
2.4609375,953.860595703125
2.4765625,953.8521118164062
2.4921875,953.8513793945312
2.5078125,953.8108520507812
2.5234375,953.820068359375
2.5390625,953.8671875
2.5546875,953.8295288085938
2.5703125,953.8438110351562
2.5859375,953.8145141601562
2.6015625,953.8753662109375
2.6171875,953.8215942382812
2.6328125,953.8373413085938
2.6484375,953.8344116210938
2.6640625,953.8126220703125
2.6796875,953.8284912109375
2.6953125,953.8522338867188
2.7109375,953.8893432617188
2.7265625,953.8493041992188
2.7421875,953.8603515625
2.7578125,953.8716430664062
2.7734375,953.9033203125
2.7890625,953.8602905273438
2.8046875,953.8884887695312
2.8203125,953.8873901367188
2.8359375,953.839599609375
2.8515625,953.8366088867188
2.8671875,953.8421630859375
2.8828125,953.825927734375
2.8984375,953.8263549804688
2.9140625,953.8109130859375
2.9296875,953.8016967773438
2.9453125,953.8073120117188
2.9609375,953.810546875
2.9765625,953.8070678710938
2.9921875,953.8013916015625
3.0078125,953.7953491210938
3.0234375,953.7857055664062
3.0390625,953.7857666015625
3.0546875,953.7996826171875
3.0703125,953.7799682617188
3.0859375,953.7807006835938
3.1015625,953.8008422851562
3.1171875,953.7838134765625
3.1328125,953.77685546875
3.1484375,953.7789916992188
3.1640625,953.7986450195312
3.1796875,953.7997436523438
3.1953125,953.7996826171875
3.2109375,953.7799682617188
3.2265625,953.783935546875
3.2421875,953.7991333007812
3.2578125,953.7780151367188
3.2734375,953.7908935546875
3.2890625,953.7805786132812
3.3046875,953.7682495117188
3.3203125,953.7802734375
3.3359375,953.7960815429688
3.3515625,953.7754516601562
3.3671875,953.775146484375
3.3828125,953.7894287109375
3.3984375,953.7720336914062
3.4140625,953.7765502929688
3.4296875,953.79052734375
3.4453125,953.7713623046875
3.4609375,953.778564453125
3.4765625,953.7797241210938
3.4921875,953.7774047851562
3.5078125,953.7677612304688
3.5234375,953.7744140625
3.5390625,953.7713012695312
3.5546875,953.763427734375
3.5703125,953.7559204101562
3.5859375,953.755126953125
3.6015625,953.7520751953125
3.6171875,953.7425537109375
3.6328125,953.7578125
3.6484375,953.76123046875
3.6640625,953.7487182617188
3.6796875,953.7487182617188
3.6953125,953.7490234375
3.7109375,953.7428588867188
3.7265625,953.7550659179688
3.7421875,953.729736328125
3.7578125,953.7501220703125
3.7734375,953.7353515625
3.7890625,953.7402954101562
3.8046875,953.74609375
3.8203125,953.7409057617188
3.8359375,953.7442626953125
3.8515625,953.748779296875
3.8671875,953.76513671875
3.8828125,953.7755126953125
3.8984375,953.8005981445312
3.9140625,953.7967529296875
3.9296875,953.8731689453125
3.9453125,953.9183959960938
3.9609375,953.820068359375
3.9765625,953.9932861328125
3.9921875,954.1170654296875
4.0078125,953.9298095703125
4.0234375,954.14013671875
4.0390625,954.1796875
4.0546875,954.0882568359375
4.0703125,954.0160522460938
4.0859375,954.1174926757812
4.1015625,954.0985717773438
4.1171875,953.9453125
4.1328125,954.063232421875
4.1484375,954.0783081054688
4.1640625,954.0315551757812
4.1796875,953.8900756835938
4.1953125,953.8717041015625
4.2109375,954.0302124023438
4.2265625,953.9231567382812
4.2421875,953.9700317382812
4.2578125,953.8406982421875
4.2734375,953.9125366210938
4.2890625,953.7921142578125
4.3046875,953.952392578125
4.3203125,954.0028076171875
4.3359375,953.8834838867188
4.3515625,953.951904296875
4.3671875,953.9586791992188
4.3828125,953.9163208007812
4.3984375,954.056640625
4.4140625,954.1044921875
4.4296875,953.8787231445312
4.4453125,954.0473022460938
4.4609375,953.9005737304688
4.4765625,954.0188598632812
4.4921875,953.9485473632812
4.5078125,953.9563598632812
4.5234375,953.9215698242188
4.5390625,954.02099609375
4.5546875,953.8809204101562
4.5703125,953.9249267578125
4.5859375,953.9305419921875
4.6015625,953.9540405273438
4.6171875,953.8397216796875
4.6328125,953.9389038085938
4.6484375,953.9236450195312
4.6640625,953.8995361328125
4.6796875,954.0260620117188
4.6953125,953.911376953125
4.7109375,953.9100341796875
4.7265625,953.991943359375
4.7421875,953.8884887695312
4.7578125,953.8721923828125
4.7734375,953.8944091796875
4.7890625,953.8480834960938
4.8046875,953.8309936523438
4.8203125,953.8490600585938
4.8359375,953.8257446289062
4.8515625,953.8145141601562
4.8671875,953.7972412109375
4.8828125,953.7996826171875
4.8984375,953.8081665039062
4.9140625,953.8134155273438
4.9296875,953.7815551757812
4.9453125,953.7987060546875
4.9609375,953.7681274414062
4.9765625,953.7763671875
4.9921875,953.783203125
5.0078125,953.7901611328125
5.0234375,953.7718505859375
5.0390625,953.7684326171875
5.0546875,953.7634887695312
5.0703125,953.7589111328125
5.0859375,953.76171875
5.1015625,953.7720947265625
5.1171875,953.75537109375
5.1328125,953.7593383789062
5.1484375,953.7672729492188
5.1640625,953.7747192382812
5.1796875,953.7692260742188
5.1953125,953.7589721679688
5.2109375,953.7659301757812
5.2265625,953.7586669921875
5.2421875,953.7559814453125
5.2578125,953.7548217773438
5.2734375,953.7562866210938
5.2890625,953.7448120117188
5.3046875,953.7666015625
5.3203125,953.7534790039062
5.3359375,953.7674560546875
5.3515625,953.7615966796875
5.3671875,953.7544555664062
5.3828125,953.7520141601562
5.3984375,953.7564086914062
5.4140625,953.7374877929688
5.4296875,953.7451171875
5.4453125,953.7367553710938
5.4609375,953.755126953125
5.4765625,953.7537231445312
5.4921875,953.7534790039062
5.5078125,953.7542114257812
5.5234375,953.7393798828125
5.5390625,953.7482299804688
5.5546875,953.731201171875
5.5703125,953.749267578125
5.5859375,953.729248046875
5.6015625,953.75341796875
5.6171875,953.7349853515625
5.6328125,953.7418823242188
5.6484375,953.7485961914062
5.6640625,953.7371826171875
5.6796875,953.7437133789062
5.6953125,953.7353515625
5.7109375,953.7322387695312
5.7265625,953.7424926757812
5.7421875,953.7478637695312
5.7578125,953.758544921875
5.7734375,953.7730102539062
5.7890625,953.7442626953125
5.8046875,953.75341796875
5.8203125,953.7734375
5.8359375,953.7048950195312
5.8515625,953.7666015625
5.8671875,953.7657470703125
5.8828125,953.780517578125
5.8984375,953.7744140625
5.9140625,953.7813110351562
5.9296875,953.7726440429688
5.9453125,953.7512817382812
5.9609375,953.80224609375
5.9765625,953.821044921875
5.9921875,953.7730102539062
6.0078125,953.798095703125
6.0234375,953.7595825195312
6.0390625,953.7606201171875
6.0546875,953.8212890625
6.0703125,953.7858276367188
6.0859375,953.73388671875
6.1015625,953.7706909179688
6.1171875,953.7776489257812
6.1328125,953.7689819335938
6.1484375,953.7587890625
6.1640625,953.7754516601562
6.1796875,953.7684326171875
6.1953125,953.7615356445312
6.2109375,953.7991943359375
6.2265625,953.7836303710938
6.2421875,953.741943359375
6.2578125,953.8145751953125
6.2734375,953.8446655273438
6.2890625,953.853515625
6.3046875,953.780029296875
6.3203125,953.8125
6.3359375,953.7696533203125
6.3515625,953.8133544921875
6.3671875,953.7913818359375
6.3828125,953.80078125
6.3984375,953.7921142578125
6.4140625,953.8142700195312
6.4296875,953.7731323242188
6.4453125,953.8419189453125
6.4609375,953.7752685546875
6.4765625,953.807861328125
6.4921875,953.8302612304688
6.5078125,953.8082885742188
6.5234375,953.8118286132812
6.5390625,953.811767578125
6.5546875,953.80810546875
6.5703125,953.7986450195312
6.5859375,953.8032836914062
6.6015625,953.8287353515625
6.6171875,953.843505859375
6.6328125,953.7876586914062
6.6484375,953.8067626953125
6.6640625,953.8091430664062
6.6796875,953.7997436523438
6.6953125,953.8226318359375
6.7109375,953.8119506835938
6.7265625,953.7782592773438
6.7421875,953.7925415039062
6.7578125,953.8209228515625
6.7734375,953.803466796875
6.7890625,953.8048706054688
6.8046875,953.80419921875
6.8203125,953.7986450195312
6.8359375,953.7986450195312
6.8515625,953.7826538085938
6.8671875,953.7741088867188
6.8828125,953.7844848632812
6.8984375,953.7835693359375
6.9140625,953.7901611328125
6.9296875,953.7836303710938
6.9453125,953.7711791992188
6.9609375,953.7688598632812
6.9765625,953.7899169921875
6.9921875,953.77490234375
7.0078125,953.768310546875
7.0234375,953.7726440429688
7.0390625,953.7734375
7.0546875,953.757568359375
7.0703125,953.7523193359375
7.0859375,953.7481079101562
7.1015625,953.7676391601562
7.1171875,953.7567749023438
7.1328125,953.748779296875
7.1484375,953.7639770507812
7.1640625,953.756591796875
7.1796875,953.7399291992188
7.1953125,953.7350463867188
7.2109375,953.7368774414062
7.2265625,953.7314453125
7.2421875,953.7409057617188
7.2578125,953.734130859375
7.2734375,953.7495727539062
7.2890625,953.7612915039062
7.3046875,953.734130859375
7.3203125,953.7368774414062
7.3359375,953.7297973632812
7.3515625,953.7467041015625
7.3671875,953.7478637695312
7.3828125,953.7271118164062
7.3984375,953.7330322265625
7.4140625,953.7252807617188
7.4296875,953.7330322265625
7.4453125,953.7283325195312
7.4609375,953.743408203125
7.4765625,953.708740234375
7.4921875,953.724365234375
7.5078125,953.7169189453125
7.5234375,953.7385864257812
7.5390625,953.7249755859375
7.5546875,953.7415161132812
7.5703125,953.7271728515625
7.5859375,953.7131958007812
7.6015625,953.7268676757812
7.6171875,953.723388671875
7.6328125,953.72216796875
7.6484375,953.720703125
7.6640625,953.7221069335938
7.6796875,953.7178955078125
7.6953125,953.7225341796875
7.7109375,953.7285766601562
7.7265625,953.7246704101562
7.7421875,953.7257690429688
7.7578125,953.7308349609375
7.7734375,953.7262573242188
7.7890625,953.8256225585938
7.8046875,953.7953491210938
7.8203125,953.7615356445312
7.8359375,953.799560546875
7.8515625,953.7348022460938
7.8671875,953.8002319335938
7.8828125,953.8463134765625
7.8984375,953.8285522460938
7.9140625,953.9389038085938
7.9296875,953.9396362304688
7.9453125,953.9868774414062
7.9609375,953.9517211914062
7.9765625,953.9478759765625
7.9921875,953.9164428710938
8.0078125,953.9367065429688
8.0234375,953.8388671875
8.0390625,953.96826171875
8.0546875,953.9797973632812
8.0703125,953.9083862304688
8.0859375,953.9967041015625
8.1015625,953.9260864257812
8.1171875,953.9009399414062
8.1328125,953.9260864257812
8.1484375,954.0939331054688
8.1640625,954.0545654296875
8.1796875,954.202880859375
8.1953125,954.0242919921875
8.2109375,953.997314453125
8.2265625,954.0692749023438
8.2421875,954.0830078125
8.2578125,953.9740600585938
8.2734375,953.9724731445312
8.2890625,954.0484008789062
8.3046875,953.9478149414062
8.3203125,953.8579711914062
8.3359375,953.9657592773438
8.3515625,953.8826293945312
8.3671875,953.935302734375
8.3828125,953.9860229492188
8.3984375,953.8331909179688
8.4140625,953.9190673828125
8.4296875,954.132080078125
8.4453125,954.1580200195312
8.4609375,953.8748168945312
8.4765625,953.9457397460938
8.4921875,953.9078979492188
8.5078125,953.8525390625
8.5234375,954.1203002929688
8.5390625,953.8929443359375
8.5546875,954.0160522460938
8.5703125,954.0966186523438
8.5859375,954.179443359375
8.6015625,953.8909912109375
8.6171875,953.9639892578125
8.6328125,953.8973388671875
8.6484375,954.171142578125
8.6640625,954.0845947265625
8.6796875,953.9269409179688
8.6953125,954.126708984375
8.7109375,954.1809692382812
8.7265625,954.031005859375
8.7421875,953.9319458007812
8.7578125,953.9478759765625
8.7734375,953.8949584960938
8.7890625,953.8438720703125
8.8046875,953.8134155273438
8.8203125,953.7913208007812
8.8359375,953.8038330078125
8.8515625,953.8062133789062
8.8671875,953.8139038085938
8.8828125,953.7811279296875
8.8984375,953.8117065429688
8.9140625,953.7985229492188
8.9296875,953.8043823242188
8.9453125,953.7861328125
8.9609375,953.7991333007812
8.9765625,953.7913818359375
8.9921875,953.7832641601562
9.0078125,953.7666015625
9.0234375,953.78271484375
9.0390625,953.7699584960938
9.0546875,953.7913818359375
9.0703125,953.7738037109375
9.0859375,953.7560424804688
9.1015625,953.7666015625
9.1171875,953.7621459960938
9.1328125,953.76953125
9.1484375,953.7789916992188
9.1640625,953.7747192382812
9.1796875,953.7615356445312
9.1953125,953.7620239257812
9.2109375,953.7503051757812
9.2265625,953.7595825195312
9.2421875,953.7550659179688
9.2578125,953.7595825195312
9.2734375,953.7678833007812
9.2890625,953.7696533203125
9.3046875,953.7677612304688
9.3203125,953.7410888671875
9.3359375,953.7702026367188
9.3515625,953.7603149414062
9.3671875,953.7485961914062
9.3828125,953.75537109375
9.3984375,953.7515258789062
9.4140625,953.7522583007812
9.4296875,953.7289428710938
9.4453125,953.7483520507812
9.4609375,953.7437133789062
9.4765625,953.7659301757812
9.4921875,953.7481079101562
9.5078125,953.749267578125
9.5234375,953.7330322265625
9.5390625,953.7161254882812
9.5546875,953.7330932617188
9.5703125,953.7333984375
9.5859375,953.7372436523438
9.6015625,953.7373046875
9.6171875,953.7271728515625
9.6328125,953.7285766601562
9.6484375,953.7510986328125
9.6640625,953.7612915039062
9.6796875,953.846923828125
9.6953125,953.78076171875
9.7109375,953.8641967773438
9.7265625,953.8480834960938
9.7421875,953.8709716796875
9.7578125,953.9442138671875
9.7734375,953.9556274414062
9.7890625,954.0158081054688
9.8046875,953.9964599609375
9.8203125,954.120361328125
9.8359375,954.077392578125
9.8515625,954.0223999023438
9.8671875,953.9288330078125
9.8828125,953.9130859375
9.8984375,954.0361328125
9.9140625,954.0195922851562
9.9296875,953.9199829101562
9.9453125,953.9992065429688
9.9609375,953.8934936523438
9.9765625,953.9813842773438
9.9921875,953.978515625
10.0078125,953.9683227539062
10.0234375,953.9772338867188
10.0390625,954.0149536132812
10.0546875,953.9605102539062
10.0703125,954.0794067382812
10.0859375,954.0586547851562
10.1015625,953.957763671875
10.1171875,954.0309448242188
10.1328125,953.9989013671875
10.1484375,953.973388671875
10.1640625,954.1446533203125
10.1796875,953.9884643554688
10.1953125,954.0184936523438
10.2109375,954.0862426757812
10.2265625,954.0142822265625
10.2421875,953.9020385742188
10.2578125,953.9615478515625
10.2734375,953.8773803710938
10.2890625,953.9103393554688
10.3046875,954.0142822265625
10.3203125,953.893798828125
10.3359375,953.9987182617188
10.3515625,954.1055297851562
10.3671875,953.9810180664062
10.3828125,953.9939575195312
10.3984375,953.9467163085938
10.4140625,953.9142456054688
10.4296875,953.988037109375
10.4453125,953.997802734375
10.4609375,953.9833374023438
10.4765625,953.9453735351562
10.4921875,954.1053466796875
10.5078125,954.0408935546875
10.5234375,954.1343383789062
10.5390625,954.04638671875
10.5546875,953.9512329101562
10.5703125,953.9761352539062
10.5859375,954.0636596679688
10.6015625,954.0165405273438
10.6171875,953.9771728515625
10.6328125,954.048828125
10.6484375,954.0889892578125
10.6640625,953.9495849609375
10.6796875,954.0621948242188
10.6953125,954.0167236328125
10.7109375,953.9969482421875
10.7265625,953.9153442382812
10.7421875,953.9246826171875
10.7578125,953.9920043945312
10.7734375,953.8882446289062
10.7890625,953.8410034179688
10.8046875,953.8090209960938
10.8203125,953.8098754882812
10.8359375,953.8263549804688
10.8515625,953.8029174804688
10.8671875,953.798583984375
10.8828125,953.789794921875
10.8984375,953.7871704101562
10.9140625,953.8168334960938
10.9296875,953.7986450195312
10.9453125,953.7966918945312
10.9609375,953.8151245117188
10.9765625,953.8048095703125
10.9921875,953.7931518554688
11.0078125,953.7877197265625
11.0234375,953.7985229492188
11.0390625,953.8048095703125
11.0546875,953.8001098632812
11.0703125,953.7861328125
11.0859375,953.7876586914062
11.1015625,953.800537109375
11.1171875,953.8029174804688
11.1328125,953.8137817382812
11.1484375,953.7882690429688
11.1640625,953.79833984375
11.1796875,953.7966918945312
11.1953125,953.8002319335938
11.2109375,953.7802734375
11.2265625,953.7958984375
11.2421875,953.7799072265625
11.2578125,953.8180541992188
11.2734375,953.7808227539062
11.2890625,953.7787475585938
11.3046875,953.7723999023438
11.3203125,953.7925415039062
11.3359375,953.7793579101562
11.3515625,953.7857666015625
11.3671875,953.7861328125
11.3828125,953.7734985351562
11.3984375,953.7752685546875
11.4140625,953.7899169921875
11.4296875,953.7780151367188
11.4453125,953.7821044921875
11.4609375,953.7843627929688
11.4765625,953.7877197265625
11.4921875,953.7872924804688
11.5078125,953.7857055664062
11.5234375,953.7781982421875
11.5390625,953.7852172851562
11.5546875,953.7813110351562
11.5703125,953.7803955078125
11.5859375,953.7933349609375
11.6015625,953.7930297851562
11.6171875,953.7846069335938
11.6328125,953.7754516601562
11.6484375,953.7802734375
11.6640625,953.7872314453125
11.6796875,953.7852172851562
11.6953125,953.7872314453125
11.7109375,953.7777709960938
11.7265625,953.8727416992188
11.7421875,953.893310546875
11.7578125,954.0223388671875
11.7734375,953.997314453125
11.7890625,954.0684814453125
11.8046875,954.144287109375
11.8203125,954.1328735351562
11.8359375,953.9620971679688
11.8515625,954.1820678710938
11.8671875,954.0740356445312
11.8828125,954.1289672851562
11.8984375,954.1836547851562
11.9140625,954.2471923828125
11.9296875,953.9625854492188
11.9453125,953.9891357421875
11.9609375,954.046142578125
11.9765625,954.0402221679688
11.9921875,954.0673217773438
12.0078125,954.0177001953125
12.0234375,954.048583984375
12.0390625,954.074951171875
12.0546875,954.0372924804688
12.0703125,954.0382080078125
12.0859375,953.999755859375
12.1015625,954.0673828125
12.1171875,953.97998046875
12.1328125,954.0899047851562
12.1484375,954.0243530273438
12.1640625,953.994873046875
12.1796875,953.9613647460938
12.1953125,953.8810424804688
12.2109375,953.94921875
12.2265625,953.949951171875
12.2421875,953.8569946289062
12.2578125,953.804443359375
12.2734375,953.8427124023438
12.2890625,953.9409790039062
12.3046875,953.8253173828125
12.3203125,954.0647583007812
12.3359375,953.8251342773438
12.3515625,953.8588256835938
12.3671875,953.8946533203125
12.3828125,953.8229370117188
12.3984375,954.0051879882812
12.4140625,953.8960571289062
12.4296875,953.9803466796875
12.4453125,953.9476318359375
12.4609375,953.9129638671875
12.4765625,953.9615478515625
12.4921875,953.9862060546875
12.5078125,953.9654541015625
12.5234375,953.9102783203125
12.5390625,953.882080078125
12.5546875,953.848876953125
12.5703125,953.8555908203125
12.5859375,953.852783203125
12.6015625,953.8633422851562
12.6171875,953.890380859375
12.6328125,953.8081665039062
12.6484375,953.9008178710938
12.6640625,953.8551635742188
12.6796875,953.8560791015625
12.6953125,953.7866821289062
12.7109375,953.8424682617188
12.7265625,953.808349609375
12.7421875,953.8158569335938
12.7578125,953.782958984375
12.7734375,953.794189453125
12.7890625,953.7780151367188
12.8046875,953.7833862304688
12.8203125,953.7816162109375
12.8359375,953.7817993164062
12.8515625,953.7816162109375
12.8671875,953.77294921875
12.8828125,953.7658081054688
12.8984375,953.7766723632812
12.9140625,953.7706909179688
12.9296875,953.7772216796875
12.9453125,953.7637329101562
12.9609375,953.7642822265625
12.9765625,953.7594604492188
12.9921875,953.7728881835938
13.0078125,953.774169921875
13.0234375,953.7777099609375
13.0390625,953.7757568359375
13.0546875,953.7628173828125
13.0703125,953.7736206054688
13.0859375,953.763671875
13.1015625,953.7594604492188
13.1171875,953.756591796875
13.1328125,953.7620239257812
13.1484375,953.750732421875
13.1640625,953.7493286132812
13.1796875,953.7492065429688
13.1953125,953.7598876953125
13.2109375,953.7539672851562
13.2265625,953.7428588867188
13.2421875,953.7623291015625
13.2578125,953.7665405273438
13.2734375,953.7533569335938
13.2890625,953.7467651367188
13.3046875,953.7510986328125
13.3203125,953.7387084960938
13.3359375,953.7517700195312
13.3515625,953.745849609375
13.3671875,953.734130859375
13.3828125,953.72265625
13.3984375,953.732177734375
13.4140625,953.739990234375
13.4296875,953.7274169921875
13.4453125,953.74169921875
13.4609375,953.7405395507812
13.4765625,953.739990234375
13.4921875,953.7290649414062
13.5078125,953.7330932617188
13.5234375,953.7330932617188
13.5390625,953.7219848632812
13.5546875,953.7246704101562
13.5703125,953.7130126953125
13.5859375,953.7131958007812
13.6015625,953.712890625
13.6171875,953.7111206054688
13.6328125,953.7180786132812
13.6484375,953.7252807617188
13.6640625,953.7350463867188
13.6796875,953.741455078125
13.6953125,953.7252807617188
13.7109375,953.7329711914062
13.7265625,953.7769165039062
13.7421875,953.7882080078125
13.7578125,953.8069458007812
13.7734375,953.8458251953125
13.7890625,953.8984375
13.8046875,953.8768310546875
13.8203125,953.8837890625
13.8359375,953.8952026367188
13.8515625,953.8970947265625
13.8671875,953.9149780273438
13.8828125,953.9478149414062
13.8984375,953.9532470703125
13.9140625,953.9860229492188
13.9296875,954.0020751953125
13.9453125,953.9874267578125
13.9609375,953.9718627929688
13.9765625,954.005859375
13.9921875,953.8574829101562
14.0078125,954.0857543945312
14.0234375,953.901123046875
14.0390625,953.9481811523438
14.0546875,953.9228515625
14.0703125,953.8388061523438
14.0859375,953.8864135742188
14.1015625,953.9286499023438
14.1171875,953.8263549804688
14.1328125,953.9520263671875
14.1484375,953.9315185546875
14.1640625,953.8306884765625
14.1796875,953.8016357421875
14.1953125,953.82421875
14.2109375,953.8362426757812
14.2265625,953.9612426757812
14.2421875,953.8809814453125
14.2578125,953.9202270507812
14.2734375,953.9221801757812
14.2890625,953.9041137695312
14.3046875,953.9153442382812
14.3203125,953.8539428710938
14.3359375,954.00341796875
14.3515625,953.8460083007812
14.3671875,953.8633422851562
14.3828125,953.837890625
14.3984375,953.8487548828125
14.4140625,953.8839721679688
14.4296875,953.8002319335938
14.4453125,953.8760986328125
14.4609375,953.9503784179688
14.4765625,953.9530029296875
14.4921875,953.9411010742188
14.5078125,953.8661499023438
14.5234375,953.9625854492188
14.5390625,953.9540405273438
14.5546875,954.0238647460938
14.5703125,954.0208129882812
14.5859375,953.8473510742188
14.6015625,953.8528442382812
14.6171875,953.8692626953125
14.6328125,953.826904296875
14.6484375,953.8256225585938
14.6640625,953.8306884765625
14.6796875,953.82568359375
14.6953125,953.8265380859375
14.7109375,953.8209838867188
14.7265625,953.7962036132812
14.7421875,953.8146362304688
14.7578125,953.7981567382812
14.7734375,953.7964477539062
14.7890625,953.7970581054688
14.8046875,953.7977905273438
14.8203125,953.7981567382812
14.8359375,953.8128051757812
14.8515625,953.7882690429688
14.8671875,953.7888793945312
14.8828125,953.7796630859375
14.8984375,953.782958984375
14.9140625,953.7955932617188
14.9296875,953.7766723632812
14.9453125,953.788818359375
14.9609375,953.782470703125
14.9765625,953.7869873046875
14.9921875,953.7737426757812
15.0078125,953.7745971679688
15.0234375,953.7793579101562
15.0390625,953.7797241210938
15.0546875,953.7659912109375
15.0703125,953.7816772460938
15.0859375,953.787841796875
15.1015625,953.7684936523438
15.1171875,953.7593383789062
15.1328125,953.7542114257812
15.1484375,953.7595825195312
15.1640625,953.7651977539062
15.1796875,953.7694091796875
15.1953125,953.7685546875
15.2109375,953.7648315429688
15.2265625,953.75390625
15.2421875,953.7774658203125
15.2578125,953.761474609375
15.2734375,953.7456665039062
15.2890625,953.7562255859375
15.3046875,953.7484130859375
15.3203125,953.7669067382812
15.3359375,953.7520141601562
15.3515625,953.7529296875
15.3671875,953.75
15.3828125,953.7506103515625
15.3984375,953.7470092773438
15.4140625,953.7471923828125
15.4296875,953.7466430664062
15.4453125,953.753662109375
15.4609375,953.740966796875
15.4765625,953.745361328125
15.4921875,953.7427368164062
15.5078125,953.7407836914062
15.5234375,953.7388305664062
15.5390625,953.7261352539062
15.5546875,953.7373046875
15.5703125,953.7277221679688
15.5859375,953.7412109375
15.6015625,953.7286376953125
15.6171875,953.73779296875
15.6328125,953.7377319335938
15.6484375,953.7230224609375
15.6640625,953.7286376953125
15.6796875,953.732177734375
15.6953125,953.7318725585938
15.7109375,953.7337036132812
15.7265625,953.7250366210938
15.7421875,953.7162475585938
15.7578125,953.745849609375
15.7734375,953.7879638671875
15.7890625,953.8069458007812
15.8046875,953.8192749023438
15.8203125,953.8318481445312
15.8359375,953.8080444335938
15.8515625,953.8038330078125
15.8671875,953.8500366210938
15.8828125,953.8324584960938
15.8984375,953.8553466796875
15.9140625,953.7919311523438
15.9296875,953.9099731445312
15.9453125,953.8109741210938
15.9609375,953.7925415039062
15.9765625,953.8567504882812
15.9921875,953.8245849609375
16.0078125,953.85546875
16.0234375,953.8663330078125
16.0390625,953.8223266601562
16.0546875,953.8442993164062
16.0703125,953.8497314453125
16.0859375,953.831298828125
16.1015625,953.8099975585938
16.1171875,953.866943359375
16.1328125,953.8868408203125
16.1484375,953.83203125
16.1640625,953.8421020507812
16.1796875,953.8319091796875
16.1953125,953.8543701171875
16.2109375,953.8304443359375
16.2265625,953.82958984375
16.2421875,953.8507690429688
16.2578125,953.829345703125
16.2734375,953.8278198242188
16.2890625,953.8258666992188
16.3046875,953.8276977539062
16.3203125,953.8451538085938
16.3359375,953.860595703125
16.3515625,953.8619384765625
16.3671875,953.8442993164062
16.3828125,953.828857421875
16.3984375,953.9102172851562
16.4140625,953.888671875
16.4296875,953.9805908203125
16.4453125,953.9984130859375
16.4609375,953.9635620117188
16.4765625,953.9554443359375
16.4921875,953.9656982421875
16.5078125,953.9789428710938
16.5234375,954.0580444335938
16.5390625,954.0205078125
16.5546875,953.942626953125
16.5703125,953.9956665039062
16.5859375,953.9253540039062
16.6015625,953.9016723632812
16.6171875,953.8719482421875
16.6328125,953.9238891601562
16.6484375,953.929443359375
16.6640625,953.8839721679688
16.6796875,953.9007568359375
16.6953125,953.8898315429688
16.7109375,953.8458862304688
16.7265625,953.8217163085938
16.7421875,953.8165283203125
16.7578125,953.8232421875
16.7734375,953.7999267578125
16.7890625,953.80810546875
16.8046875,953.7921142578125
16.8203125,953.786865234375
16.8359375,953.788330078125
16.8515625,953.7897338867188
16.8671875,953.7893676757812
16.8828125,953.7794799804688
16.8984375,953.7802124023438
16.9140625,953.7734985351562
16.9296875,953.7860107421875
16.9453125,953.7796020507812
16.9609375,953.7757568359375
16.9765625,953.7869262695312
16.9921875,953.7739868164062
17.0078125,953.79638671875
17.0234375,953.7821044921875
17.0390625,953.7985229492188
17.0546875,953.778564453125
17.0703125,953.81201171875
17.0859375,953.7835083007812
17.1015625,953.7988891601562
17.1171875,953.772705078125
17.1328125,953.7759399414062
17.1484375,953.7832641601562
17.1640625,953.7743530273438
17.1796875,953.76708984375
17.1953125,953.7713623046875
17.2109375,953.770751953125
17.2265625,953.7802124023438
17.2421875,953.7682495117188
17.2578125,953.7734985351562
17.2734375,953.7575073242188
17.2890625,953.7642211914062
17.3046875,953.759521484375
17.3203125,953.7483520507812
17.3359375,953.7686767578125
17.3515625,953.7599487304688
17.3671875,953.7601318359375
17.3828125,953.762451171875
17.3984375,953.752685546875
17.4140625,953.7493286132812
17.4296875,953.757568359375
17.4453125,953.7649536132812
17.4609375,953.7410888671875
17.4765625,953.7567138671875
17.4921875,953.7626342773438
17.5078125,953.7510986328125
17.5234375,953.7548217773438
17.5390625,953.7440185546875
17.5546875,953.7584838867188
17.5703125,953.7625732421875
17.5859375,953.7332763671875
17.6015625,953.7462158203125
17.6171875,953.7503051757812
17.6328125,953.7344970703125
17.6484375,953.7557373046875
17.6640625,953.7620849609375
17.6796875,953.7415161132812
17.6953125,953.7529296875
17.7109375,953.7617797851562
17.7265625,953.7437133789062
17.7421875,953.747802734375
17.7578125,953.7557373046875
17.7734375,953.7313842773438
17.7890625,953.7384643554688
17.8046875,953.7614135742188
17.8203125,953.8186645507812
17.8359375,953.7454223632812
17.8515625,953.811767578125
17.8671875,953.818115234375
17.8828125,953.7866821289062
17.8984375,953.8391723632812
17.9140625,953.8672485351562
17.9296875,953.8639526367188
17.9453125,953.8931274414062
17.9609375,953.8518676757812
17.9765625,953.8963012695312
17.9921875,953.847412109375
18.0078125,954.03271484375
18.0234375,953.9337158203125
18.0390625,953.8444213867188
18.0546875,953.9292602539062
18.0703125,953.9659423828125
18.0859375,954.0523071289062
18.1015625,953.905029296875
18.1171875,953.9432373046875
18.1328125,953.9725341796875
18.1484375,953.9071655273438
18.1640625,954.0008544921875
18.1796875,953.9247436523438
18.1953125,953.986328125
18.2109375,953.9378051757812
18.2265625,953.9405517578125
18.2421875,953.9091796875
18.2578125,953.9913940429688
18.2734375,954.0145263671875
18.2890625,953.9146728515625
18.3046875,953.9373168945312
18.3203125,953.9694213867188
18.3359375,953.9161376953125
18.3515625,953.9946899414062
18.3671875,953.9064331054688
18.3828125,953.955810546875
18.3984375,953.9354248046875
18.4140625,953.9169921875
18.4296875,953.9113159179688
18.4453125,953.9613647460938
18.4609375,953.9927368164062
18.4765625,954.0158081054688
18.4921875,954.0245361328125
18.5078125,954.0641479492188
18.5234375,954.0751342773438
18.5390625,954.057373046875
18.5546875,954.0990600585938
18.5703125,954.052001953125
18.5859375,954.0089721679688
18.6015625,954.027099609375
18.6171875,953.9456787109375
18.6328125,953.9680786132812
18.6484375,953.9201049804688
18.6640625,953.932861328125
18.6796875,953.9327392578125
18.6953125,953.9739379882812
18.7109375,953.9064331054688
18.7265625,953.878173828125
18.7421875,953.8655395507812
18.7578125,953.885498046875
18.7734375,953.8795166015625
18.7890625,953.8602294921875
18.8046875,953.83740234375
18.8203125,953.8245239257812
18.8359375,953.7997436523438
18.8515625,953.8045654296875
18.8671875,953.7960205078125
18.8828125,953.787109375
18.8984375,953.7953491210938
18.9140625,953.8041381835938
18.9296875,953.7958374023438
18.9453125,953.809814453125
18.9609375,953.7994384765625
18.9765625,953.78515625
18.9921875,953.808349609375
19.0078125,953.7982788085938
19.0234375,953.7861328125
19.0390625,953.7858276367188
19.0546875,953.7860107421875
19.0703125,953.7857055664062
19.0859375,953.7857055664062
19.1015625,953.7815551757812
19.1171875,953.786376953125
19.1328125,953.8006591796875
19.1484375,953.7803955078125
19.1640625,953.7828979492188
19.1796875,953.7877197265625
19.1953125,953.7791748046875
19.2109375,953.7877197265625
19.2265625,953.769287109375
19.2421875,953.7811279296875
19.2578125,953.7760009765625
19.2734375,953.7780151367188
19.2890625,953.7903442382812
19.3046875,953.7606201171875
19.3203125,953.7893676757812
19.3359375,953.7779541015625
19.3515625,953.7901611328125
19.3671875,953.76953125
19.3828125,953.7872924804688
19.3984375,953.7914428710938
19.4140625,953.7781982421875
19.4296875,953.7838745117188
19.4453125,953.7868041992188
19.4609375,953.7843017578125
19.4765625,953.7755737304688
19.4921875,953.790283203125
19.5078125,953.7673950195312
19.5234375,953.781005859375
19.5390625,953.7766723632812
19.5546875,953.7664794921875
19.5703125,953.7717895507812
19.5859375,953.7860107421875
19.6015625,953.7653198242188
19.6171875,953.7704467773438
19.6328125,953.7737426757812
19.6484375,953.7832641601562
19.6640625,953.7590942382812
19.6796875,953.7724609375
19.6953125,953.7726440429688
19.7109375,953.7567749023438
19.7265625,953.7639770507812
19.7421875,953.750732421875
19.7578125,953.7525634765625
19.7734375,953.7603149414062
19.7890625,953.7525634765625
19.8046875,953.7904663085938
19.8203125,953.7999267578125
19.8359375,953.873046875
19.8515625,953.8843383789062
19.8671875,953.8553466796875
19.8828125,953.8820190429688
19.8984375,953.8898315429688
19.9140625,953.9317016601562
19.9296875,953.9232788085938
19.9453125,953.9909057617188
19.9609375,953.9989013671875
19.9765625,953.9830322265625
19.9921875,954.060546875
20.0078125,953.9747924804688
20.0234375,954.0556030273438
20.0390625,954.1074829101562
20.0546875,954.0503540039062
20.0703125,954.2185668945312
20.0859375,954.0464477539062
20.1015625,954.03076171875
20.1171875,954.0773315429688
20.1328125,954.1702880859375
20.1484375,954.09716796875
20.1640625,954.141845703125
20.1796875,954.1436767578125
20.1953125,954.1466674804688
20.2109375,954.2310791015625
20.2265625,953.9747314453125
20.2421875,954.0653076171875
20.2578125,954.1416015625
20.2734375,954.1836547851562
20.2890625,954.046875
20.3046875,954.0999755859375
20.3203125,954.1619873046875
20.3359375,954.0840454101562
20.3515625,954.0623168945312
20.3671875,953.9931030273438
20.3828125,954.034423828125
20.3984375,954.0106811523438
20.4140625,954.0438842773438
20.4296875,954.0245361328125
20.4453125,954.009765625
20.4609375,954.15771484375
20.4765625,954.1408081054688
20.4921875,954.05078125
20.5078125,954.1294555664062
20.5234375,954.0977172851562
20.5390625,954.0572509765625
20.5546875,954.1253662109375
20.5703125,954.1846923828125
20.5859375,954.1563110351562
20.6015625,954.0011596679688
20.6171875,954.0382080078125
20.6328125,954.0601196289062
20.6484375,954.0236206054688
20.6640625,954.0709228515625
20.6796875,954.042236328125
20.6953125,954.0394897460938
20.7109375,953.98193359375
20.7265625,953.9067993164062
20.7421875,953.9144287109375
20.7578125,953.9039916992188
20.7734375,953.89013671875
20.7890625,953.8580322265625
20.8046875,953.8365478515625
20.8203125,953.8201293945312
20.8359375,953.8175659179688
20.8515625,953.7962036132812
20.8671875,953.7985229492188
20.8828125,953.7977294921875
20.8984375,953.8087768554688
20.9140625,953.7957763671875
20.9296875,953.7974243164062
20.9453125,953.8095092773438
20.9609375,953.7942504882812
20.9765625,953.7967529296875
20.9921875,953.7974243164062
21.0078125,953.8067626953125
21.0234375,953.7949829101562
21.0390625,953.781005859375
21.0546875,953.7745361328125
21.0703125,953.786376953125
21.0859375,953.7698364257812
21.1015625,953.7760620117188
21.1171875,953.78466796875
21.1328125,953.7893676757812
21.1484375,953.7678833007812
21.1640625,953.7633666992188
21.1796875,953.7422485351562
21.1953125,953.7589721679688
21.2109375,953.74169921875
21.2265625,953.7536010742188
21.2421875,953.774658203125
21.2578125,953.7582397460938
21.2734375,953.7638549804688
21.2890625,953.7542114257812
21.3046875,953.7402954101562
21.3203125,953.7534790039062
21.3359375,953.751953125
21.3515625,953.7550659179688
21.3671875,953.7584838867188
21.3828125,953.7406005859375
21.3984375,953.7508544921875
21.4140625,953.744873046875
21.4296875,953.7454223632812
21.4453125,953.744140625
21.4609375,953.7459716796875
21.4765625,953.7408447265625
21.4921875,953.7551879882812
21.5078125,953.7345581054688
21.5234375,953.753173828125
21.5390625,953.7459716796875
21.5546875,953.7536010742188
21.5703125,953.7427978515625
21.5859375,953.7559204101562
21.6015625,953.7465209960938
21.6171875,953.75927734375
21.6328125,953.7433471679688
21.6484375,953.7427368164062
21.6640625,953.7562866210938
21.6796875,953.7551879882812
21.6953125,953.7521362304688
21.7109375,953.7423095703125
21.7265625,953.74951171875
21.7421875,953.7572631835938
21.7578125,953.7485961914062
21.7734375,953.7494506835938
21.7890625,953.730224609375
21.8046875,953.7481079101562
21.8203125,953.7450561523438
21.8359375,953.753173828125
21.8515625,953.770263671875
21.8671875,953.8099975585938
21.8828125,953.7699584960938
21.8984375,953.7573852539062
21.9140625,953.7816772460938
21.9296875,953.8187866210938
21.9453125,953.813232421875
21.9609375,953.8106689453125
21.9765625,953.9085083007812
21.9921875,953.9223022460938
22.0078125,953.9376831054688
22.0234375,953.89404296875
22.0390625,953.956787109375
22.0546875,954.0389404296875
22.0703125,953.9099731445312
22.0859375,954.0244140625
22.1015625,954.0930786132812
22.1171875,953.9907836914062
22.1328125,953.8939819335938
22.1484375,954.010986328125
22.1640625,953.9559936523438
22.1796875,953.9647216796875
22.1953125,953.9510498046875
22.2109375,953.956298828125
22.2265625,954.0655517578125
22.2421875,953.9808349609375
22.2578125,953.9503173828125
22.2734375,954.0685424804688
22.2890625,954.044189453125
22.3046875,954.0885620117188
22.3203125,954.0489501953125
22.3359375,953.9874267578125
22.3515625,953.9857788085938
22.3671875,953.934814453125
22.3828125,953.99560546875
22.3984375,953.9912109375
22.4140625,953.8981323242188
22.4296875,953.9752197265625
22.4453125,954.0728149414062
22.4609375,954.0510864257812
22.4765625,954.0023193359375
22.4921875,954.037109375
22.5078125,953.8797607421875
22.5234375,953.9454345703125
22.5390625,953.9222412109375
22.5546875,953.9522705078125
22.5703125,953.9296875
22.5859375,953.8990478515625
22.6015625,953.8984985351562
22.6171875,953.9555053710938
22.6328125,953.9136352539062
22.6484375,953.8833618164062
22.6640625,953.9014892578125
22.6796875,953.8716430664062
22.6953125,953.8899536132812
22.7109375,953.9110107421875
22.7265625,953.8977661132812
22.7421875,953.856689453125
22.7578125,953.9144897460938
22.7734375,953.9409790039062
22.7890625,953.9400024414062
22.8046875,953.9573364257812
22.8203125,953.9749755859375
22.8359375,953.8885498046875
22.8515625,953.9119262695312
22.8671875,953.9028930664062
22.8828125,953.8729248046875
22.8984375,953.8424682617188
22.9140625,953.8097534179688
22.9296875,953.8096923828125
22.9453125,953.794189453125
22.9609375,953.7952880859375
22.9765625,953.8076171875
22.9921875,953.7944946289062
23.0078125,953.7971801757812
23.0234375,953.818359375
23.0390625,953.7905883789062
23.0546875,953.7844848632812
23.0703125,953.7830810546875
23.0859375,953.804443359375
23.1015625,953.7819213867188
23.1171875,953.7777099609375
23.1328125,953.7696533203125
23.1484375,953.7835693359375
23.1640625,953.7715454101562
23.1796875,953.77490234375
23.1953125,953.7685546875
23.2109375,953.7682495117188
23.2265625,953.7730102539062
23.2421875,953.764404296875
23.2578125,953.75146484375
23.2734375,953.7672729492188
23.2890625,953.763427734375
23.3046875,953.7438354492188
23.3203125,953.7520141601562
23.3359375,953.7651977539062
23.3515625,953.7529296875
23.3671875,953.7628784179688
23.3828125,953.7532348632812
23.3984375,953.7388916015625
23.4140625,953.7479248046875
23.4296875,953.7596435546875
23.4453125,953.7510986328125
23.4609375,953.7464599609375
23.4765625,953.7554321289062
23.4921875,953.7610473632812
23.5078125,953.7603149414062
23.5234375,953.7516479492188
23.5390625,953.7489013671875
23.5546875,953.7603149414062
23.5703125,953.74951171875
23.5859375,953.7413330078125
23.6015625,953.7479248046875
23.6171875,953.7553100585938
23.6328125,953.755859375
23.6484375,953.7508544921875
23.6640625,953.7579345703125
23.6796875,953.7355346679688
23.6953125,953.7408447265625
23.7109375,953.703125
23.7265625,953.7342529296875
23.7421875,953.7288818359375
23.7578125,953.7356567382812
23.7734375,953.7141723632812
23.7890625,953.7391967773438
23.8046875,953.7233276367188
23.8203125,953.7300415039062
23.8359375,953.7198486328125
23.8515625,953.7230834960938
23.8671875,953.7314453125
23.8828125,953.7267456054688
23.8984375,953.7232055664062
23.9140625,953.727294921875
23.9296875,953.7330932617188
23.9453125,953.7571411132812
23.9609375,953.7688598632812
23.9765625,953.7466430664062
23.9921875,953.72021484375
24.0078125,953.7490234375
24.0234375,953.7442016601562
24.0390625,953.7739868164062
24.0546875,953.8370971679688
24.0703125,953.9051513671875
24.0859375,953.9534301757812
24.1015625,953.896484375
24.1171875,953.9267578125
24.1328125,954.0059204101562
24.1484375,953.983154296875
24.1640625,953.9124755859375
24.1796875,954.0271606445312
24.1953125,954.0763549804688
24.2109375,954.0366821289062
24.2265625,953.9727172851562
24.2421875,954.0728759765625
24.2578125,953.9429321289062
24.2734375,953.9849243164062
24.2890625,954.1055908203125
24.3046875,954.14013671875
24.3203125,953.9757690429688
24.3359375,953.9408569335938
24.3515625,954.0745239257812
24.3671875,954.0689697265625
24.3828125,954.2764892578125
24.3984375,954.0303955078125
24.4140625,954.033935546875
24.4296875,954.1428833007812
24.4453125,954.123046875
24.4609375,953.9865112304688
24.4765625,953.9390258789062
24.4921875,953.937255859375
24.5078125,954.1039428710938
24.5234375,954.0635986328125
24.5390625,953.9830322265625
24.5546875,953.9540405273438
24.5703125,953.9805297851562
24.5859375,954.0960083007812
24.6015625,954.009521484375
24.6171875,953.9115600585938
24.6328125,954.1155395507812
24.6484375,953.9885864257812
24.6640625,954.0619506835938
24.6796875,954.0401611328125
24.6953125,953.9573364257812
24.7109375,954.0864868164062
24.7265625,953.9841918945312
24.7421875,954.1107788085938
24.7578125,953.9854736328125
24.7734375,954.0821533203125
24.7890625,953.9769287109375
24.8046875,953.9769897460938
24.8203125,953.89990234375
24.8359375,954.065185546875
24.8515625,953.9623413085938
24.8671875,953.9390258789062
24.8828125,953.9891967773438
24.8984375,953.8809814453125
24.9140625,953.8970336914062
24.9296875,953.9259643554688
24.9453125,953.8795166015625
24.9609375,953.9164428710938
24.9765625,953.8815307617188
24.9921875,953.862548828125
25.0078125,953.850830078125
25.0234375,953.8010864257812
25.0390625,953.8088989257812
25.0546875,953.7918701171875
25.0703125,953.8106689453125
25.0859375,953.8059692382812
25.1015625,953.7833251953125
25.1171875,953.7745361328125
25.1328125,953.7869262695312
25.1484375,953.7960205078125
25.1640625,953.78271484375
25.1796875,953.7666015625
25.1953125,953.778564453125
25.2109375,953.7830810546875
25.2265625,953.7882690429688
25.2421875,953.7784423828125
25.2578125,953.7939453125
25.2734375,953.7717895507812
25.2890625,953.7890625
25.3046875,953.7705078125
25.3203125,953.77099609375
25.3359375,953.7876586914062
25.3515625,953.7777709960938
25.3671875,953.7587280273438
25.3828125,953.75341796875
25.3984375,953.7738647460938
25.4140625,953.7700805664062
25.4296875,953.7666015625
25.4453125,953.7684326171875
25.4609375,953.7536010742188
25.4765625,953.75537109375
25.4921875,953.757080078125
25.5078125,953.764892578125
25.5234375,953.7540893554688
25.5390625,953.7444458007812
25.5546875,953.748779296875
25.5703125,953.738037109375
25.5859375,953.7391967773438
25.6015625,953.7550659179688
25.6171875,953.7389526367188
25.6328125,953.7417602539062
25.6484375,953.7388305664062
25.6640625,953.7317504882812
25.6796875,953.7263793945312
25.6953125,953.7327270507812
25.7109375,953.744873046875
25.7265625,953.7384643554688
25.7421875,953.7363891601562
25.7578125,953.7330932617188
25.7734375,953.722412109375
25.7890625,953.7347412109375
25.8046875,953.739501953125
25.8203125,953.7512817382812
25.8359375,953.7384643554688
25.8515625,953.7266235351562
25.8671875,953.7479248046875
25.8828125,953.7364501953125
25.8984375,953.7442626953125
25.9140625,953.7426147460938
25.9296875,953.73193359375
25.9453125,953.7327270507812
25.9609375,953.7257080078125
25.9765625,953.7342529296875
25.9921875,953.7280883789062
26.0078125,953.7344970703125
26.0234375,953.7341918945312
26.0390625,953.7371826171875
26.0546875,953.735595703125
26.0703125,953.7221069335938
26.0859375,953.7275390625
26.1015625,953.7545166015625
26.1171875,953.8084716796875
26.1328125,953.7610473632812
26.1484375,953.7526245117188
26.1640625,953.8466186523438
26.1796875,953.7694091796875
26.1953125,953.781982421875
26.2109375,953.8242797851562
26.2265625,953.9780883789062
26.2421875,953.9334716796875
26.2578125,953.838623046875
26.2734375,953.985595703125
26.2890625,953.9618530273438
26.3046875,953.9840698242188
26.3203125,953.906005859375
26.3359375,953.9523315429688
26.3515625,953.8133544921875
26.3671875,953.876708984375
26.3828125,953.976318359375
26.3984375,953.9942016601562
26.4140625,953.9307861328125
26.4296875,953.9059448242188
26.4453125,953.9481201171875
26.4609375,953.8109130859375
26.4765625,953.8338012695312
26.4921875,953.906005859375
26.5078125,953.927001953125
26.5234375,953.8316040039062
26.5390625,953.846923828125
26.5546875,953.8590698242188
26.5703125,953.9247436523438
26.5859375,953.9967651367188
26.6015625,953.8539428710938
26.6171875,953.9993286132812
26.6328125,953.8766479492188
26.6484375,953.9661254882812
26.6640625,954.0631103515625
26.6796875,953.9764404296875
26.6953125,954.066162109375
26.7109375,953.989990234375
26.7265625,954.0407104492188
26.7421875,954.0117797851562
26.7578125,954.03857421875
26.7734375,953.9839477539062
26.7890625,954.0234375
26.8046875,953.938232421875
26.8203125,953.9337158203125
26.8359375,953.9922485351562
26.8515625,953.9805908203125
26.8671875,953.9107055664062
26.8828125,954.0601196289062
26.8984375,953.9219360351562
26.9140625,954.0081787109375
26.9296875,953.9384765625
26.9453125,954.09326171875
26.9609375,954.0695190429688
26.9765625,953.9767456054688
26.9921875,953.9977416992188
27.0078125,954.0574951171875
27.0234375,953.9213256835938
27.0390625,954.1013793945312
27.0546875,953.9688720703125
27.0703125,953.9207763671875
27.0859375,954.015380859375
27.1015625,953.9317016601562
27.1171875,953.90185546875
27.1328125,953.9150390625
27.1484375,954.0003662109375
27.1640625,953.9908447265625
27.1796875,953.8982543945312
27.1953125,953.911865234375
27.2109375,953.8569946289062
27.2265625,953.8480224609375
27.2421875,953.8187255859375
27.2578125,953.8013916015625
27.2734375,953.8048706054688
27.2890625,953.798583984375
27.3046875,953.7963256835938
27.3203125,953.795654296875
27.3359375,953.80419921875
27.3515625,953.7889404296875
27.3671875,953.7849731445312
27.3828125,953.7972412109375
27.3984375,953.7866821289062
27.4140625,953.7915649414062
27.4296875,953.801513671875
27.4453125,953.7942504882812
27.4609375,953.8047485351562
27.4765625,953.804443359375
27.4921875,953.7914428710938
27.5078125,953.7921752929688
27.5234375,953.7853393554688
27.5390625,953.782470703125
27.5546875,953.7869873046875
27.5703125,953.788330078125
27.5859375,953.7913818359375
27.6015625,953.8076171875
27.6171875,953.7947387695312
27.6328125,953.798828125
27.6484375,953.7797241210938
27.6640625,953.7862548828125
27.6796875,953.7794799804688
27.6953125,953.7869873046875
27.7109375,953.7814331054688
27.7265625,953.7960815429688
27.7421875,953.7814331054688
27.7578125,953.7813110351562
27.7734375,953.7858276367188
27.7890625,953.7933959960938
27.8046875,953.7988891601562
27.8203125,953.7986450195312
27.8359375,953.7813110351562
27.8515625,953.7974243164062
27.8671875,953.7799072265625
27.8828125,953.77880859375
27.8984375,953.795654296875
27.9140625,953.786376953125
27.9296875,953.7919921875
27.9453125,953.7848510742188
27.9609375,953.7853393554688
27.9765625,953.7868041992188
27.9921875,953.7861328125
28.0078125,953.7776489257812
28.0234375,953.7732543945312
28.0390625,953.7793579101562
28.0546875,953.7740478515625
28.0703125,953.7760009765625
28.0859375,953.7903442382812
28.1015625,953.7674560546875
28.1171875,953.7702026367188
28.1328125,953.78662109375
28.1484375,953.7739868164062
28.1640625,953.76708984375
28.1796875,953.7656860351562
28.1953125,953.7745971679688
28.2109375,953.7826538085938
28.2265625,953.7709350585938
28.2421875,953.778564453125
28.2578125,953.895263671875
28.2734375,953.82763671875
28.2890625,953.8355102539062
28.3046875,953.8641357421875
28.3203125,953.9201049804688
28.3359375,953.9405517578125
28.3515625,954.0525512695312
28.3671875,953.991455078125
28.3828125,953.9772338867188
28.3984375,953.97607421875
28.4140625,954.0463256835938
28.4296875,954.1923828125
28.4453125,954.0712280273438
28.4609375,954.0282592773438
28.4765625,954.0560913085938
28.4921875,953.997314453125
28.5078125,953.9536743164062
28.5234375,954.146484375
28.5390625,954.0486450195312
28.5546875,954.0326538085938
28.5703125,954.0071411132812
28.5859375,953.97998046875
28.6015625,954.1701049804688
28.6171875,954.1033935546875
28.6328125,954.02099609375
28.6484375,953.9991455078125
28.6640625,954.0797729492188
28.6796875,954.033203125
28.6953125,953.9647216796875
28.7109375,954.0707397460938
28.7265625,953.81591796875
28.7421875,953.9928588867188
28.7578125,954.0223999023438
28.7734375,953.9478759765625
28.7890625,954.0330200195312
28.8046875,953.86279296875
28.8203125,953.9716796875
28.8359375,954.0341186523438
28.8515625,953.9647216796875
28.8671875,953.9464721679688
28.8828125,954.0009765625
28.8984375,953.9415283203125
28.9140625,953.9251098632812
28.9296875,953.9669189453125
28.9453125,954.0242919921875
28.9609375,953.9002685546875
28.9765625,953.9790649414062
28.9921875,953.9049682617188
29.0078125,953.9514770507812
29.0234375,953.8953857421875
29.0390625,953.9437866210938
29.0546875,953.8892211914062
29.0703125,953.9074096679688
29.0859375,953.9817504882812
29.1015625,953.8692016601562
29.1171875,953.8837890625
29.1328125,953.9154663085938
29.1484375,953.8839721679688
29.1640625,953.9358520507812
29.1796875,953.88037109375
29.1953125,953.8948364257812
29.2109375,953.9146728515625
29.2265625,953.878173828125
29.2421875,953.8457641601562
29.2578125,953.8013305664062
29.2734375,953.8381958007812
29.2890625,953.81640625
29.3046875,953.8026123046875
29.3203125,953.8075561523438
29.3359375,953.8013305664062
29.3515625,953.81201171875
29.3671875,953.8180541992188
29.3828125,953.8001098632812
29.3984375,953.7963256835938
29.4140625,953.7967529296875
29.4296875,953.8082885742188
29.4453125,953.812255859375
29.4609375,953.7955932617188
29.4765625,953.81591796875
29.4921875,953.799560546875
29.5078125,953.794677734375
29.5234375,953.80859375
29.5390625,953.8098754882812
29.5546875,953.8217163085938
29.5703125,953.7970581054688
29.5859375,953.8031616210938
29.6015625,953.7980346679688
29.6171875,953.7942504882812
29.6328125,953.796875
29.6484375,953.7991333007812
29.6640625,953.8014526367188
29.6796875,953.7982788085938
29.6953125,953.8128051757812
29.7109375,953.7931518554688
29.7265625,953.8079223632812
29.7421875,953.7915649414062
29.7578125,953.7900390625
29.7734375,953.7861328125
29.7890625,953.794677734375
29.8046875,953.8033447265625
29.8203125,953.7943725585938
29.8359375,953.8047485351562
29.8515625,953.7953491210938
29.8671875,953.7944946289062
29.8828125,953.7916870117188
29.8984375,953.7891235351562
29.9140625,953.7926635742188
29.9296875,953.8009033203125
29.9453125,953.7997436523438
29.9609375,953.7933349609375
29.9765625,953.7789916992188
29.9921875,953.7880859375
30.0078125,953.790771484375
30.0234375,953.815673828125
30.0390625,953.7951049804688
30.0546875,953.7970581054688
30.0703125,953.7830810546875
30.0859375,953.78515625
30.1015625,953.7902221679688
30.1171875,953.7939453125
30.1328125,953.7833251953125
30.1484375,953.7988891601562
30.1640625,953.8016357421875
30.1796875,953.778564453125
