# Time (seconds),f0
0.0078125,931.0648193359375
0.0234375,931.0327758789062
0.0390625,931.0282592773438
0.0546875,931.0353393554688
0.0703125,931.0239868164062
0.0859375,931.026611328125
0.1015625,931.021240234375
0.1171875,931.0263671875
0.1328125,931.0215454101562
0.1484375,931.022705078125
0.1640625,931.0225830078125
0.1796875,931.0170288085938
0.1953125,931.0233154296875
0.2109375,931.0067138671875
0.2265625,931.0170288085938
0.2421875,931.0140380859375
0.2578125,931.0276489257812
0.2734375,931.0120239257812
0.2890625,930.99169921875
0.3046875,930.9991455078125
0.3203125,931.0223999023438
0.3359375,931.0233154296875
0.3515625,931.017333984375
0.3671875,931.0280151367188
0.3828125,930.9991455078125
0.3984375,931.0059814453125
0.4140625,931.0218505859375
0.4296875,931.0125732421875
0.4453125,931.0220947265625
0.4609375,931.0001831054688
0.4765625,931.0130004882812
0.4921875,931.0012817382812
0.5078125,931.0232543945312
0.5234375,931.0090942382812
0.5390625,931.0005493164062
0.5546875,931.01953125
0.5703125,931.0050048828125
0.5859375,931.0269165039062
0.6015625,931.0213012695312
0.6171875,931.0067749023438
0.6328125,931.0184936523438
0.6484375,931.0139770507812
0.6640625,931.0238647460938
0.6796875,931.0216674804688
0.6953125,930.9993286132812
0.7109375,931.022216796875
0.7265625,931.0219116210938
0.7421875,931.0209350585938
0.7578125,931.0147705078125
0.7734375,931.030029296875
0.7890625,931.0133666992188
0.8046875,931.0114135742188
0.8203125,931.0215454101562
0.8359375,931.0335083007812
0.8515625,931.0159912109375
0.8671875,931.020263671875
0.8828125,931.028076171875
0.8984375,931.01123046875
0.9140625,931.020263671875
0.9296875,931.0302124023438
0.9453125,931.0050659179688
0.9609375,931.0128173828125
0.9765625,931.0184326171875
0.9921875,931.0223388671875
1.0078125,931.0177001953125
1.0234375,931.01123046875
1.0390625,931.0211791992188
1.0546875,931.0220947265625
1.0703125,931.0172729492188
1.0859375,931.0216064453125
1.1015625,931.0291748046875
1.1171875,931.0221557617188
1.1328125,931.0221557617188
1.1484375,931.0233154296875
1.1640625,931.015380859375
1.1796875,931.0165405273438
1.1953125,931.0236206054688
1.2109375,931.0115356445312
1.2265625,931.014404296875
1.2421875,931.0154418945312
1.2578125,931.0221557617188
1.2734375,931.015625
1.2890625,931.0184936523438
1.3046875,931.019287109375
1.3203125,931.0209350585938
1.3359375,931.0285034179688
1.3515625,931.0073852539062
1.3671875,931.0023803710938
1.3828125,930.9945678710938
1.3984375,930.9998779296875
1.4140625,931.01708984375
1.4296875,931.0221557617188
1.4453125,931.0043334960938
1.4609375,930.9902954101562
1.4765625,931.0209350585938
1.4921875,931.01123046875
1.5078125,931.0148315429688
1.5234375,930.9969482421875
1.5390625,931.0106201171875
1.5546875,931.0171508789062
1.5703125,931.0128173828125
1.5859375,931.0215454101562
1.6015625,931.0416259765625
1.6171875,931.0294189453125
1.6328125,931.1571655273438
1.6484375,931.1953125
1.6640625,931.266357421875
1.6796875,931.3016967773438
1.6953125,931.27685546875
1.7109375,931.2020263671875
1.7265625,931.1524658203125
1.7421875,931.1234130859375
1.7578125,931.2933959960938
1.7734375,931.3427124023438
1.7890625,931.458740234375
1.8046875,931.1964721679688
1.8203125,931.122802734375
1.8359375,931.2540283203125
1.8515625,931.1720581054688
1.8671875,931.3165893554688
1.8828125,931.2049560546875
1.8984375,931.1591796875
1.9140625,931.182373046875
1.9296875,931.1644287109375
1.9453125,931.225341796875
1.9609375,931.23828125
1.9765625,931.1722412109375
1.9921875,931.1647338867188
2.0078125,931.2034912109375
2.0234375,931.1484985351562
2.0390625,931.1854248046875
2.0546875,931.1524047851562
2.0703125,931.3045654296875
2.0859375,931.0753784179688
2.1015625,931.1502685546875
2.1171875,931.1463012695312
2.1328125,931.1231079101562
2.1484375,931.1399536132812
2.1640625,931.1214599609375
2.1796875,931.2321166992188
2.1953125,931.1508178710938
2.2109375,931.1212158203125
2.2265625,931.1300048828125
2.2421875,931.1463012695312
2.2578125,931.0849609375
2.2734375,931.1787109375
2.2890625,931.1202392578125
2.3046875,931.1322631835938
2.3203125,931.1958618164062
2.3359375,931.1320190429688
2.3515625,931.1012573242188
2.3671875,931.1364135742188
2.3828125,931.1442260742188
2.3984375,931.0975341796875
2.4140625,931.16796875
2.4296875,931.14990234375
2.4453125,931.1943359375
2.4609375,931.2417602539062
2.4765625,931.2161254882812
2.4921875,931.1536254882812
2.5078125,931.1036376953125
2.5234375,931.143798828125
2.5390625,931.2905883789062
2.5546875,931.228515625
2.5703125,931.2431030273438
2.5859375,931.2698364257812
2.6015625,931.3892211914062
2.6171875,931.1791381835938
2.6328125,931.2982788085938
2.6484375,931.134521484375
2.6640625,931.2891235351562
2.6796875,931.2457885742188
2.6953125,931.2387084960938
2.7109375,931.2718505859375
2.7265625,931.2268676757812
2.7421875,931.1371459960938
2.7578125,931.1649169921875
2.7734375,931.2819213867188
2.7890625,931.1986694335938
2.8046875,931.2500610351562
2.8203125,931.1981811523438
2.8359375,931.1245727539062
2.8515625,931.1312866210938
2.8671875,931.1395874023438
2.8828125,931.1678466796875
2.8984375,931.1301879882812
2.9140625,931.1256103515625
2.9296875,931.14013671875
2.9453125,931.0985717773438
2.9609375,931.08740234375
2.9765625,931.0850830078125
2.9921875,931.074951171875
3.0078125,931.0827026367188
3.0234375,931.0791015625
3.0390625,931.0809326171875
3.0546875,931.0759887695312
3.0703125,931.0806274414062
3.0859375,931.0785522460938
3.1015625,931.0720825195312
3.1171875,931.0650024414062
3.1328125,931.0717163085938
3.1484375,931.0717163085938
3.1640625,931.0720825195312
3.1796875,931.0731811523438
3.1953125,931.0706176757812
3.2109375,931.0606079101562
3.2265625,931.0607299804688
3.2421875,931.0765991210938
3.2578125,931.064453125
3.2734375,931.0617065429688
3.2890625,931.0751953125
3.3046875,931.0592651367188
3.3203125,931.0755004882812
3.3359375,931.0611572265625
3.3515625,931.0467529296875
3.3671875,931.05224609375
3.3828125,931.0484008789062
3.3984375,931.0405883789062
3.4140625,931.0619506835938
3.4296875,931.0646362304688
3.4453125,931.05810546875
3.4609375,931.0614624023438
3.4765625,931.0604248046875
3.4921875,931.0645141601562
3.5078125,931.040283203125
3.5234375,931.0396728515625
3.5390625,931.050048828125
3.5546875,931.0497436523438
3.5703125,931.0708618164062
3.5859375,931.0609741210938
3.6015625,931.0614624023438
3.6171875,931.0511474609375
3.6328125,931.0611572265625
3.6484375,931.0647583007812
3.6640625,931.0620727539062
3.6796875,931.0611572265625
3.6953125,931.0614624023438
3.7109375,931.0416870117188
3.7265625,931.0548095703125
3.7421875,931.0724487304688
3.7578125,931.055908203125
3.7734375,931.0452880859375
3.7890625,931.0489501953125
3.8046875,931.0542602539062
3.8203125,931.063232421875
3.8359375,931.047607421875
3.8515625,931.0513916015625
3.8671875,931.0475463867188
3.8828125,931.0508422851562
3.8984375,931.0560913085938
3.9140625,931.0385131835938
3.9296875,931.0636596679688
3.9453125,931.0625
3.9609375,931.042724609375
3.9765625,931.0318603515625
3.9921875,931.0518798828125
4.0078125,931.0536499023438
4.0234375,931.0444946289062
4.0390625,931.0441284179688
4.0546875,931.0399169921875
4.0703125,931.0424194335938
4.0859375,931.0446166992188
4.1015625,931.0530395507812
4.1171875,931.041748046875
4.1328125,931.0526123046875
4.1484375,931.021484375
4.1640625,931.04248046875
4.1796875,931.0435791015625
4.1953125,931.0298461914062
4.2109375,931.0374755859375
4.2265625,931.0408935546875
4.2421875,931.0337524414062
4.2578125,931.038818359375
4.2734375,931.0519409179688
4.2890625,931.0403442382812
4.3046875,931.0411987304688
4.3203125,931.0377807617188
4.3359375,931.05419921875
4.3515625,931.0416259765625
4.3671875,931.0482788085938
4.3828125,931.0343627929688
4.3984375,931.0408325195312
4.4140625,931.0202026367188
4.4296875,931.0341186523438
4.4453125,931.0271606445312
4.4609375,931.0411987304688
4.4765625,931.0387573242188
4.4921875,931.0279541015625
4.5078125,931.0321655273438
4.5234375,931.020751953125
4.5390625,931.0431518554688
4.5546875,931.0279541015625
4.5703125,931.0396728515625
4.5859375,931.03125
4.6015625,931.0296020507812
4.6171875,931.0347290039062
4.6328125,931.0196533203125
4.6484375,931.0188598632812
4.6640625,931.0352783203125
4.6796875,931.0267944335938
4.6953125,931.025390625
4.7109375,931.0296630859375
4.7265625,931.0244140625
4.7421875,931.0232543945312
4.7578125,931.01953125
4.7734375,931.0199584960938
4.7890625,931.0280151367188
4.8046875,931.0198974609375
4.8203125,931.012939453125
4.8359375,931.0109252929688
4.8515625,931.0258178710938
4.8671875,931.0366821289062
4.8828125,931.1220092773438
4.8984375,931.1668701171875
4.9140625,931.2250366210938
4.9296875,931.2514038085938
4.9453125,931.4136352539062
4.9609375,931.4356689453125
4.9765625,931.3521118164062
4.9921875,931.446044921875
5.0078125,931.3477783203125
5.0234375,931.3510131835938
5.0390625,931.501708984375
5.0546875,931.2804565429688
5.0703125,931.4659423828125
5.0859375,931.476318359375
5.1015625,931.2109985351562
5.1171875,931.3711547851562
5.1328125,931.487548828125
5.1484375,931.3815307617188
5.1640625,931.3833618164062
5.1796875,931.5071411132812
5.1953125,931.4547729492188
5.2109375,931.2620849609375
5.2265625,931.3826293945312
5.2421875,931.3843383789062
5.2578125,931.4357299804688
5.2734375,931.54443359375
5.2890625,931.4874267578125
5.3046875,931.3208618164062
5.3203125,931.4144897460938
5.3359375,931.3063354492188
5.3515625,931.294189453125
5.3671875,931.4981689453125
5.3828125,931.3990478515625
5.3984375,931.2592163085938
5.4140625,931.3844604492188
5.4296875,931.2489624023438
5.4453125,931.4281616210938
5.4609375,931.2276611328125
5.4765625,931.3828125
5.4921875,931.3084106445312
5.5078125,931.3892822265625
5.5234375,931.4461669921875
5.5390625,931.5245361328125
5.5546875,931.3547973632812
5.5703125,931.296142578125
5.5859375,931.2109375
5.6015625,931.449951171875
5.6171875,931.3139038085938
5.6328125,931.3119506835938
5.6484375,931.2846069335938
5.6640625,931.2935791015625
5.6796875,931.2910766601562
5.6953125,931.345703125
5.7109375,931.283203125
5.7265625,931.2152709960938
5.7421875,931.2456665039062
5.7578125,931.4666748046875
5.7734375,931.4005737304688
5.7890625,931.3895263671875
5.8046875,931.1945190429688
5.8203125,931.3356323242188
5.8359375,931.3038330078125
5.8515625,931.3075561523438
5.8671875,931.3285522460938
5.8828125,931.2686767578125
5.8984375,931.3511352539062
5.9140625,931.2379760742188
5.9296875,931.2908325195312
5.9453125,931.2130126953125
5.9609375,931.1881103515625
5.9765625,931.2984008789062
5.9921875,931.3331909179688
6.0078125,931.352294921875
6.0234375,931.1784057617188
6.0390625,931.1994018554688
6.0546875,931.26123046875
6.0703125,931.2366333007812
6.0859375,931.2774658203125
6.1015625,931.3038940429688
6.1171875,931.28857421875
6.1328125,931.1699829101562
6.1484375,931.27490234375
6.1640625,931.253173828125
6.1796875,931.2427978515625
6.1953125,931.25
6.2109375,931.2034912109375
6.2265625,931.1805419921875
6.2421875,931.1897583007812
6.2578125,931.1704711914062
6.2734375,931.160888671875
6.2890625,931.132568359375
6.3046875,931.2042846679688
6.3203125,931.1651611328125
6.3359375,931.16357421875
6.3515625,931.1343383789062
6.3671875,931.1395874023438
6.3828125,931.1334838867188
6.3984375,931.1666259765625
6.4140625,931.1266479492188
6.4296875,931.1173706054688
6.4453125,931.1373901367188
6.4609375,931.1146850585938
6.4765625,931.1142578125
6.4921875,931.1155395507812
6.5078125,931.1167602539062
6.5234375,931.1016845703125
6.5390625,931.0968627929688
6.5546875,931.0997314453125
6.5703125,931.1076049804688
6.5859375,931.0987548828125
6.6015625,931.0958862304688
6.6171875,931.0855102539062
6.6328125,931.0767211914062
6.6484375,931.0928955078125
6.6640625,931.0910034179688
6.6796875,931.0814819335938
6.6953125,931.0899047851562
6.7109375,931.097412109375
6.7265625,931.0809326171875
6.7421875,931.0841064453125
6.7578125,931.0906982421875
6.7734375,931.069091796875
6.7890625,931.0748291015625
6.8046875,931.075439453125
6.8203125,931.0765380859375
6.8359375,931.0951538085938
6.8515625,931.0833129882812
6.8671875,931.0836791992188
6.8828125,931.0822143554688
6.8984375,931.072265625
6.9140625,931.0686645507812
6.9296875,931.0645141601562
6.9453125,931.0843505859375
6.9609375,931.0773315429688
6.9765625,931.0865478515625
6.9921875,931.0664672851562
7.0078125,931.0869140625
7.0234375,931.0772705078125
7.0390625,931.0809936523438
7.0546875,931.0694580078125
7.0703125,931.0668334960938
7.0859375,931.0872192382812
7.1015625,931.0781860351562
7.1171875,931.065185546875
7.1328125,931.0703735351562
7.1484375,931.0703125
7.1640625,931.0823974609375
7.1796875,931.0742797851562
7.1953125,931.0653076171875
7.2109375,931.0802612304688
7.2265625,931.057373046875
7.2421875,931.0695190429688
7.2578125,931.0657348632812
7.2734375,931.0640258789062
7.2890625,931.0598754882812
7.3046875,931.0669555664062
7.3203125,931.0695190429688
7.3359375,931.0654296875
7.3515625,931.0545043945312
7.3671875,931.05615234375
7.3828125,931.0477905273438
7.3984375,931.0712280273438
7.4140625,931.0449829101562
7.4296875,931.0700073242188
7.4453125,931.0669555664062
7.4609375,931.0687255859375
7.4765625,931.0526123046875
7.4921875,931.072021484375
7.5078125,931.0494384765625
7.5234375,931.0631103515625
7.5390625,931.0636596679688
7.5546875,931.0745239257812
7.5703125,931.0731201171875
7.5859375,931.064208984375
7.6015625,931.0494384765625
7.6171875,931.0740356445312
7.6328125,931.0676879882812
7.6484375,931.0474243164062
7.6640625,931.0553588867188
7.6796875,931.0629272460938
7.6953125,931.0680541992188
7.7109375,931.0499877929688
7.7265625,931.058349609375
7.7421875,931.0357666015625
7.7578125,931.0504760742188
7.7734375,931.05029296875
7.7890625,931.0572509765625
7.8046875,931.0682373046875
7.8203125,931.0612182617188
7.8359375,931.0454711914062
7.8515625,931.0426635742188
7.8671875,931.0382690429688
7.8828125,931.0364379882812
7.8984375,931.0477294921875
7.9140625,931.05029296875
7.9296875,931.1181030273438
7.9453125,931.1583862304688
7.9609375,931.148193359375
7.9765625,931.3063354492188
7.9921875,931.3633422851562
8.0078125,931.4281005859375
8.0234375,931.262939453125
8.0390625,931.1593017578125
8.0546875,931.2266845703125
8.0703125,931.1756591796875
8.0859375,931.281005859375
8.1015625,931.3421630859375
8.1171875,931.1962890625
8.1328125,931.217529296875
8.1484375,931.2149047851562
8.1640625,931.2042236328125
8.1796875,931.5969848632812
8.1953125,931.7724609375
8.2109375,931.5092163085938
8.2265625,931.515380859375
8.2421875,931.3114013671875
8.2578125,931.4750366210938
8.2734375,931.4544067382812
8.2890625,931.3095092773438
8.3046875,931.372314453125
8.3203125,931.337646484375
8.3359375,931.8026123046875
8.3515625,931.5935668945312
8.3671875,931.4129638671875
8.3828125,931.2494506835938
8.3984375,931.4948120117188
8.4140625,931.28662109375
8.4296875,931.3357543945312
8.4453125,931.4390258789062
8.4609375,931.2904663085938
8.4765625,931.376953125
8.4921875,931.3955078125
8.5078125,931.4986572265625
8.5234375,931.4927978515625
8.5390625,931.4022216796875
8.5546875,931.3524780273438
8.5703125,931.4729614257812
8.5859375,931.4490966796875
8.6015625,931.524169921875
8.6171875,931.2286987304688
8.6328125,931.4891967773438
8.6484375,931.2293701171875
8.6640625,931.2841796875
8.6796875,931.2410888671875
8.6953125,931.3226318359375
8.7109375,931.3442993164062
8.7265625,931.3500366210938
8.7421875,931.5350341796875
8.7578125,931.33544921875
8.7734375,931.393310546875
8.7890625,931.2420654296875
8.8046875,931.3859252929688
8.8203125,931.1619262695312
8.8359375,931.4288940429688
8.8515625,931.352294921875
8.8671875,931.38623046875
8.8828125,931.3096923828125
8.8984375,931.3893432617188
8.9140625,931.2330932617188
8.9296875,931.3512573242188
8.9453125,931.1948852539062
8.9609375,931.3597412109375
8.9765625,931.272216796875
8.9921875,931.3392944335938
9.0078125,931.1920776367188
9.0234375,931.32568359375
9.0390625,931.2076416015625
9.0546875,931.1520385742188
9.0703125,931.1582641601562
9.0859375,931.164794921875
9.1015625,931.3056640625
9.1171875,931.2164916992188
9.1328125,931.2005004882812
9.1484375,931.2157592773438
9.1640625,931.1813354492188
9.1796875,931.221435546875
9.1953125,931.1704711914062
9.2109375,931.1629638671875
9.2265625,931.1785888671875
9.2421875,931.1870727539062
9.2578125,931.1819458007812
9.2734375,931.1364135742188
9.2890625,931.1376342773438
9.3046875,931.1424560546875
9.3203125,931.1317138671875
9.3359375,931.124267578125
9.3515625,931.1148071289062
9.3671875,931.1138916015625
9.3828125,931.1015625
9.3984375,931.112060546875
9.4140625,931.0953979492188
9.4296875,931.1082763671875
9.4453125,931.1027221679688
9.4609375,931.1151123046875
9.4765625,931.071044921875
9.4921875,931.0888671875
9.5078125,931.089599609375
9.5234375,931.093505859375
9.5390625,931.1022338867188
9.5546875,931.0742797851562
9.5703125,931.093505859375
9.5859375,931.0861206054688
9.6015625,931.085693359375
9.6171875,931.0980224609375
9.6328125,931.1075439453125
9.6484375,931.0743408203125
9.6640625,931.0873413085938
9.6796875,931.0813598632812
9.6953125,931.0880737304688
9.7109375,931.079345703125
9.7265625,931.0667114257812
9.7421875,931.0743408203125
9.7578125,931.0908203125
9.7734375,931.0902709960938
9.7890625,931.0623168945312
9.8046875,931.0744018554688
9.8203125,931.0650634765625
9.8359375,931.0626220703125
9.8515625,931.0669555664062
9.8671875,931.0680541992188
9.8828125,931.0595703125
9.8984375,931.0617065429688
9.9140625,931.0501098632812
9.9296875,931.0670776367188
9.9453125,931.0680541992188
9.9609375,931.0772705078125
9.9765625,931.0645751953125
9.9921875,931.0499877929688
10.0078125,931.0490112304688
10.0234375,931.0435180664062
10.0390625,931.0639038085938
10.0546875,931.0577392578125
10.0703125,931.0599975585938
10.0859375,931.044921875
10.1015625,931.0535888671875
10.1171875,931.0623779296875
10.1328125,931.0619506835938
10.1484375,931.1071166992188
10.1640625,931.16357421875
10.1796875,931.189208984375
10.1953125,931.1873779296875
10.2109375,931.3026123046875
10.2265625,931.2885131835938
10.2421875,931.31787109375
10.2578125,931.3016357421875
10.2734375,931.469482421875
10.2890625,931.4690551757812
10.3046875,931.3433227539062
10.3203125,931.5148315429688
10.3359375,931.404296875
10.3515625,931.533203125
10.3671875,931.3779296875
10.3828125,931.4832763671875
10.3984375,931.3983154296875
10.4140625,931.4652099609375
10.4296875,931.2716064453125
10.4453125,931.44921875
10.4609375,931.2890625
10.4765625,931.4052734375
10.4921875,931.384765625
10.5078125,931.3826293945312
10.5234375,931.2925415039062
10.5390625,931.4371948242188
10.5546875,931.4004516601562
10.5703125,931.3016357421875
10.5859375,931.2963256835938
10.6015625,931.2485961914062
10.6171875,931.2732543945312
10.6328125,931.347412109375
10.6484375,931.2548828125
10.6640625,931.3324584960938
10.6796875,931.2803955078125
10.6953125,931.28125
10.7109375,931.2183227539062
10.7265625,931.33203125
10.7421875,931.2777099609375
10.7578125,931.2755737304688
10.7734375,931.2819213867188
10.7890625,931.2328491210938
10.8046875,931.236083984375
10.8203125,931.227294921875
10.8359375,931.2305908203125
10.8515625,931.2035522460938
10.8671875,931.2010498046875
10.8828125,931.1831665039062
10.8984375,931.1958618164062
10.9140625,931.2459106445312
10.9296875,931.2131958007812
10.9453125,931.2153930664062
10.9609375,931.2142944335938
10.9765625,931.208984375
10.9921875,931.1956176757812
11.0078125,931.1943359375
11.0234375,931.1828002929688
11.0390625,931.1701049804688
11.0546875,931.1920166015625
11.0703125,931.1936645507812
11.0859375,931.1737060546875
11.1015625,931.1937255859375
11.1171875,931.1701049804688
11.1328125,931.1737060546875
11.1484375,931.1680908203125
11.1640625,931.1703491210938
11.1796875,931.1566162109375
11.1953125,931.1619873046875
11.2109375,931.1685180664062
11.2265625,931.163818359375
11.2421875,931.156005859375
11.2578125,931.1565551757812
11.2734375,931.1516723632812
11.2890625,931.1575317382812
11.3046875,931.1515502929688
11.3203125,931.1580200195312
11.3359375,931.1408081054688
11.3515625,931.1431884765625
11.3671875,931.1525268554688
11.3828125,931.1419067382812
11.3984375,931.1445922851562
11.4140625,931.1454467773438
11.4296875,931.1450805664062
11.4453125,931.1490478515625
11.4609375,931.1392211914062
11.4765625,931.1471557617188
11.4921875,931.1590576171875
11.5078125,931.1661376953125
11.5234375,931.1427001953125
11.5390625,931.1409301757812
11.5546875,931.149169921875
11.5703125,931.1612548828125
11.5859375,931.1509399414062
11.6015625,931.1396484375
11.6171875,931.1443481445312
11.6328125,931.14404296875
11.6484375,931.1546020507812
11.6640625,931.1322631835938
11.6796875,931.141845703125
11.6953125,931.1407470703125
11.7109375,931.14208984375
11.7265625,931.1392822265625
11.7421875,931.1435546875
11.7578125,931.142333984375
11.7734375,931.1373291015625
11.7890625,931.1383666992188
11.8046875,931.1333618164062
11.8203125,931.1303100585938
11.8359375,931.1339111328125
11.8515625,931.1333618164062
11.8671875,931.126953125
11.8828125,931.12646484375
11.8984375,931.1250610351562
11.9140625,931.127685546875
11.9296875,931.1235961914062
11.9453125,931.1201171875
11.9609375,931.1231689453125
11.9765625,931.126708984375
11.9921875,931.1080932617188
12.0078125,931.1156616210938
12.0234375,931.1232299804688
12.0390625,931.096923828125
12.0546875,931.116943359375
12.0703125,931.1275024414062
12.0859375,931.1094970703125
12.1015625,931.1138916015625
12.1171875,931.1220092773438
12.1328125,931.1170043945312
12.1484375,931.1090698242188
12.1640625,931.1041870117188
12.1796875,931.0927124023438
12.1953125,931.1050415039062
12.2109375,931.1134033203125
12.2265625,931.1028442382812
12.2421875,931.0958251953125
12.2578125,931.1122436523438
12.2734375,931.1121826171875
12.2890625,931.104736328125
12.3046875,931.1055297851562
12.3203125,931.1107788085938
12.3359375,931.1077270507812
12.3515625,931.1099853515625
12.3671875,931.0934448242188
12.3828125,931.1236572265625
12.3984375,931.1082763671875
12.4140625,931.098876953125
12.4296875,931.096435546875
12.4453125,931.100830078125
12.4609375,931.0916748046875
12.4765625,931.1105346679688
12.4921875,931.1044311523438
12.5078125,931.0969848632812
12.5234375,931.0979614257812
12.5390625,931.100341796875
12.5546875,931.091064453125
12.5703125,931.0983276367188
12.5859375,931.0880737304688
12.6015625,931.108154296875
12.6171875,931.0845336914062
12.6328125,931.083251953125
12.6484375,931.088623046875
12.6640625,931.0879516601562
12.6796875,931.094482421875
12.6953125,931.0908203125
12.7109375,931.0955200195312
12.7265625,931.0858154296875
12.7421875,931.0906982421875
12.7578125,931.08935546875
12.7734375,931.0940551757812
12.7890625,931.0887451171875
12.8046875,931.0884399414062
12.8203125,931.0933227539062
12.8359375,931.0982666015625
12.8515625,931.0999145507812
12.8671875,931.0899047851562
12.8828125,931.0905151367188
12.8984375,931.0853881835938
12.9140625,931.0888671875
12.9296875,931.08544921875
12.9453125,931.0860595703125
12.9609375,931.08984375
12.9765625,931.0887451171875
12.9921875,931.0657348632812
13.0078125,931.0941162109375
13.0234375,931.087890625
13.0390625,931.0930786132812
13.0546875,931.0843505859375
13.0703125,931.0762329101562
13.0859375,931.0760498046875
13.1015625,931.072021484375
13.1171875,931.064453125
13.1328125,931.0870361328125
13.1484375,931.058349609375
13.1640625,931.0922241210938
13.1796875,931.0813598632812
13.1953125,931.0848999023438
13.2109375,931.0756225585938
13.2265625,931.067138671875
13.2421875,931.0902709960938
13.2578125,931.05224609375
13.2734375,931.0802001953125
13.2890625,931.0601196289062
13.3046875,931.06640625
13.3203125,931.072021484375
13.3359375,931.07373046875
13.3515625,931.072265625
13.3671875,931.0723266601562
13.3828125,931.078125
13.3984375,931.0797729492188
13.4140625,931.0653076171875
13.4296875,931.0834350585938
13.4453125,931.0615234375
13.4609375,931.0614624023438
13.4765625,931.05859375
13.4921875,931.0617065429688
13.5078125,931.0633544921875
13.5234375,931.0625
13.5390625,931.0465698242188
13.5546875,931.0789794921875
13.5703125,931.0614013671875
13.5859375,931.0588989257812
13.6015625,931.0631103515625
13.6171875,931.0633544921875
13.6328125,931.0734252929688
13.6484375,931.07421875
13.6640625,931.0629272460938
13.6796875,931.0538330078125
13.6953125,931.0614624023438
13.7109375,931.0502319335938
13.7265625,931.0493774414062
13.7421875,931.0538940429688
13.7578125,931.053955078125
13.7734375,931.0471801757812
13.7890625,931.0463256835938
13.8046875,931.0620727539062
13.8203125,931.0742797851562
13.8359375,931.0450439453125
13.8515625,931.0536499023438
13.8671875,931.0616455078125
13.8828125,931.050537109375
13.8984375,931.0625610351562
13.9140625,931.049560546875
13.9296875,931.0538940429688
13.9453125,931.0768432617188
13.9609375,931.0712280273438
13.9765625,931.0883178710938
13.9921875,931.1095581054688
14.0078125,931.1110229492188
14.0234375,931.1173095703125
14.0390625,931.1399536132812
14.0546875,931.2030029296875
14.0703125,931.1768798828125
14.0859375,931.31787109375
14.1015625,931.344970703125
14.1171875,931.1504516601562
14.1328125,931.3231201171875
14.1484375,931.3460083007812
14.1640625,931.4624633789062
14.1796875,931.5991821289062
14.1953125,931.3577270507812
14.2109375,931.3390502929688
14.2265625,931.3873901367188
14.2421875,931.4043579101562
14.2578125,931.49951171875
14.2734375,931.4196166992188
14.2890625,931.3370971679688
14.3046875,931.3856811523438
14.3203125,931.3514404296875
14.3359375,931.2706909179688
14.3515625,931.384765625
14.3671875,931.523193359375
14.3828125,931.372802734375
14.3984375,931.4161376953125
14.4140625,931.2958374023438
14.4296875,931.2278442382812
14.4453125,931.3079223632812
14.4609375,931.2127685546875
14.4765625,931.2720336914062
14.4921875,931.2274780273438
14.5078125,931.2809448242188
14.5234375,931.2413940429688
14.5390625,931.2924194335938
14.5546875,931.2393798828125
14.5703125,931.2404174804688
14.5859375,931.288330078125
14.6015625,931.2642822265625
14.6171875,931.2344970703125
14.6328125,931.2701416015625
14.6484375,931.2521362304688
14.6640625,931.2774658203125
14.6796875,931.2210083007812
14.6953125,931.2210083007812
14.7109375,931.2368774414062
14.7265625,931.2493286132812
14.7421875,931.227783203125
14.7578125,931.257080078125
14.7734375,931.1940307617188
14.7890625,931.239013671875
14.8046875,931.2501831054688
14.8203125,931.2875366210938
14.8359375,931.219482421875
14.8515625,931.2408447265625
14.8671875,931.2492065429688
14.8828125,931.2807006835938
14.8984375,931.21826171875
14.9140625,931.2291870117188
14.9296875,931.2532348632812
14.9453125,931.20458984375
14.9609375,931.2184448242188
14.9765625,931.2264404296875
14.9921875,931.2134399414062
15.0078125,931.1976318359375
15.0234375,931.2101440429688
15.0390625,931.1970825195312
15.0546875,931.1925048828125
15.0703125,931.2001342773438
15.0859375,931.1839599609375
15.1015625,931.1897583007812
15.1171875,931.1566772460938
15.1328125,931.16162109375
15.1484375,931.1591796875
15.1640625,931.1771850585938
15.1796875,931.1517944335938
15.1953125,931.153564453125
15.2109375,931.159912109375
15.2265625,931.1431884765625
15.2421875,931.1636352539062
15.2578125,931.1492919921875
15.2734375,931.1573486328125
15.2890625,931.1318359375
15.3046875,931.14208984375
15.3203125,931.1401977539062
15.3359375,931.1500854492188
15.3515625,931.140625
15.3671875,931.1349487304688
15.3828125,931.1422729492188
15.3984375,931.1251220703125
15.4140625,931.1365356445312
15.4296875,931.1170043945312
15.4453125,931.1290283203125
15.4609375,931.1209716796875
15.4765625,931.1259765625
15.4921875,931.124267578125
15.5078125,931.1262817382812
15.5234375,931.11083984375
15.5390625,931.1175537109375
15.5546875,931.1128540039062
15.5703125,931.1161499023438
15.5859375,931.1220703125
15.6015625,931.0968017578125
15.6171875,931.1109008789062
15.6328125,931.114013671875
15.6484375,931.1033325195312
15.6640625,931.1115112304688
15.6796875,931.1204223632812
15.6953125,931.1128540039062
15.7109375,931.1133422851562
15.7265625,931.1117553710938
15.7421875,931.1063842773438
15.7578125,931.100830078125
15.7734375,931.107421875
15.7890625,931.1178588867188
15.8046875,931.1118774414062
15.8203125,931.1021728515625
15.8359375,931.10498046875
15.8515625,931.1063232421875
15.8671875,931.1133422851562
15.8828125,931.119140625
15.8984375,931.1105346679688
15.9140625,931.108154296875
15.9296875,931.1083984375
15.9453125,931.1124877929688
15.9609375,931.1018676757812
15.9765625,931.100830078125
15.9921875,931.0968017578125
16.0078125,931.0955810546875
16.0234375,931.1066284179688
16.0390625,931.1050415039062
16.0546875,931.1106567382812
16.0703125,931.100830078125
16.0859375,931.0866088867188
16.1015625,931.1010131835938
16.1171875,931.0902099609375
16.1328125,931.0975341796875
16.1484375,931.081787109375
16.1640625,931.1058349609375
16.1796875,931.0985717773438
16.1953125,931.1138916015625
16.2109375,931.092529296875
16.2265625,931.1046752929688
16.2421875,931.0929565429688
16.2578125,931.087158203125
16.2734375,931.0983276367188
16.2890625,931.1087036132812
16.3046875,931.098876953125
16.3203125,931.0979614257812
16.3359375,931.0919799804688
16.3515625,931.076171875
16.3671875,931.08740234375
16.3828125,931.09130859375
16.3984375,931.0932006835938
16.4140625,931.0861206054688
16.4296875,931.0818481445312
16.4453125,931.0966796875
16.4609375,931.0921020507812
16.4765625,931.1012573242188
16.4921875,931.0746459960938
16.5078125,931.104248046875
16.5234375,931.0631103515625
16.5390625,931.095458984375
16.5546875,931.0975341796875
16.5703125,931.0977172851562
16.5859375,931.1019287109375
16.6015625,931.0643310546875
16.6171875,931.067138671875
16.6328125,931.0662841796875
16.6484375,931.0821533203125
16.6640625,931.0902099609375
16.6796875,931.091796875
16.6953125,931.0928955078125
16.7109375,931.0785522460938
16.7265625,931.0861206054688
16.7421875,931.0751953125
16.7578125,931.0845947265625
16.7734375,931.0982055664062
16.7890625,931.0731201171875
16.8046875,931.0899658203125
16.8203125,931.078857421875
16.8359375,931.0818481445312
16.8515625,931.0768432617188
16.8671875,931.0651245117188
16.8828125,931.0809936523438
16.8984375,931.0621948242188
16.9140625,931.0960083007812
16.9296875,931.07421875
16.9453125,931.0748901367188
16.9609375,931.0940551757812
16.9765625,931.0825805664062
16.9921875,931.0849609375
17.0078125,931.0753173828125
17.0234375,931.073974609375
17.0390625,931.0626831054688
17.0546875,931.0690307617188
17.0703125,931.0728759765625
17.0859375,931.0665893554688
17.1015625,931.0689697265625
17.1171875,931.0723876953125
17.1328125,931.0838623046875
17.1484375,931.0706176757812
17.1640625,931.0709228515625
17.1796875,931.072021484375
17.1953125,931.0653686523438
17.2109375,931.0623779296875
17.2265625,931.085205078125
17.2421875,931.100341796875
17.2578125,931.1549682617188
17.2734375,931.1721801757812
17.2890625,931.2122192382812
17.3046875,931.2403564453125
17.3203125,931.3290405273438
17.3359375,931.4035034179688
17.3515625,931.40380859375
17.3671875,931.3441772460938
17.3828125,931.505126953125
17.3984375,931.4978637695312
17.4140625,931.42529296875
17.4296875,931.6987915039062
17.4453125,931.8683471679688
17.4609375,931.6055908203125
17.4765625,932.2373046875
17.4921875,932.2191162109375
17.5078125,931.9577026367188
17.5234375,931.805908203125
17.5390625,932.4540405273438
17.5546875,932.1773071289062
17.5703125,932.2173461914062
17.5859375,931.9220581054688
17.6015625,932.3327026367188
17.6171875,932.1444091796875
17.6328125,931.7596435546875
17.6484375,931.9909057617188
17.6640625,932.0675659179688
17.6796875,932.1005249023438
17.6953125,931.8832397460938
17.7109375,932.10498046875
17.7265625,931.8748779296875
17.7421875,931.7408447265625
17.7578125,931.80810546875
17.7734375,931.9012451171875
17.7890625,931.794921875
17.8046875,931.9165649414062
17.8203125,931.6117553710938
17.8359375,931.7054443359375
17.8515625,931.6672973632812
17.8671875,931.705078125
17.8828125,931.631591796875
17.8984375,931.6082763671875
17.9140625,931.876953125
17.9296875,931.7645874023438
17.9453125,931.7542724609375
17.9609375,931.6859741210938
17.9765625,931.7017211914062
17.9921875,931.6044311523438
18.0078125,931.5478515625
18.0234375,931.677490234375
18.0390625,931.6469116210938
18.0546875,931.8410034179688
18.0703125,931.6339721679688
18.0859375,931.4142456054688
18.1015625,931.6773071289062
18.1171875,931.7463989257812
18.1328125,931.8643798828125
18.1484375,931.5694580078125
18.1640625,931.5782470703125
18.1796875,931.5667114257812
18.1953125,931.5189819335938
18.2109375,931.4490966796875
18.2265625,931.6349487304688
18.2421875,931.7090454101562
18.2578125,931.5338134765625
18.2734375,931.475341796875
18.2890625,931.6714477539062
18.3046875,931.5385131835938
18.3203125,931.4429321289062
18.3359375,931.4708862304688
18.3515625,931.3760986328125
18.3671875,931.3687133789062
18.3828125,931.4551391601562
18.3984375,931.3264770507812
18.4140625,931.3493041992188
18.4296875,931.402099609375
18.4453125,931.4010009765625
18.4609375,931.3416137695312
18.4765625,931.3683471679688
18.4921875,931.2894287109375
18.5078125,931.46875
18.5234375,931.3086547851562
18.5390625,931.2781982421875
18.5546875,931.3975830078125
18.5703125,931.2642822265625
18.5859375,931.276611328125
18.6015625,931.329833984375
18.6171875,931.3331298828125
18.6328125,931.3591918945312
18.6484375,931.2532348632812
18.6640625,931.23828125
18.6796875,931.2623291015625
18.6953125,931.2958984375
18.7109375,931.24951171875
18.7265625,931.1975708007812
18.7421875,931.2715454101562
18.7578125,931.19873046875
18.7734375,931.23974609375
18.7890625,931.2590942382812
18.8046875,931.22021484375
18.8203125,931.2154541015625
18.8359375,931.2141723632812
18.8515625,931.1734008789062
18.8671875,931.1822509765625
18.8828125,931.1688842773438
18.8984375,931.1497192382812
18.9140625,931.119873046875
18.9296875,931.1289672851562
18.9453125,931.1255493164062
18.9609375,931.123779296875
18.9765625,931.11474609375
18.9921875,931.1220092773438
19.0078125,931.1205444335938
19.0234375,931.1233520507812
19.0390625,931.1189575195312
19.0546875,931.1099853515625
19.0703125,931.1177368164062
19.0859375,931.1087036132812
19.1015625,931.1189575195312
19.1171875,931.1139526367188
19.1328125,931.1011352539062
19.1484375,931.115234375
19.1640625,931.102783203125
19.1796875,931.091796875
19.1953125,931.1177368164062
19.2109375,931.0980224609375
19.2265625,931.0948486328125
19.2421875,931.0870971679688
19.2578125,931.080810546875
19.2734375,931.0927734375
19.2890625,931.0885009765625
19.3046875,931.0831298828125
19.3203125,931.11083984375
19.3359375,931.0880737304688
19.3515625,931.0870971679688
19.3671875,931.0838012695312
19.3828125,931.0865478515625
19.3984375,931.0723266601562
19.4140625,931.0744018554688
19.4296875,931.0868530273438
19.4453125,931.063232421875
19.4609375,931.0703125
19.4765625,931.0650634765625
19.4921875,931.0637817382812
19.5078125,931.0860595703125
19.5234375,931.0780029296875
19.5390625,931.056640625
19.5546875,931.0636596679688
19.5703125,931.050537109375
19.5859375,931.067626953125
19.6015625,931.0861206054688
19.6171875,931.0534057617188
19.6328125,931.0825805664062
19.6484375,931.06005859375
19.6640625,931.0765380859375
19.6796875,931.0591430664062
19.6953125,931.0906982421875
19.7109375,931.0569458007812
19.7265625,931.0684204101562
19.7421875,931.0912475585938
19.7578125,931.0462036132812
19.7734375,931.0714721679688
19.7890625,931.051513671875
19.8046875,931.0694580078125
19.8203125,931.0703735351562
19.8359375,931.0715942382812
19.8515625,931.046875
19.8671875,931.046875
19.8828125,931.0792846679688
19.8984375,931.0747680664062
19.9140625,931.068359375
19.9296875,931.0690307617188
19.9453125,931.04638671875
19.9609375,931.0513305664062
19.9765625,931.0700073242188
19.9921875,931.0715942382812
20.0078125,931.0474853515625
20.0234375,931.0751953125
20.0390625,931.0612182617188
20.0546875,931.0711669921875
20.0703125,931.0516967773438
20.0859375,931.0606079101562
20.1015625,931.060546875
20.1171875,931.0484008789062
20.1328125,931.0517578125
20.1484375,931.0595703125
20.1640625,931.0599975585938
20.1796875,931.0760498046875
20.1953125,931.0714111328125
20.2109375,931.05224609375
20.2265625,931.0599975585938
20.2421875,931.0601196289062
20.2578125,931.052001953125
20.2734375,931.05078125
20.2890625,931.0620727539062
20.3046875,931.057373046875
20.3203125,931.0636596679688
20.3359375,931.1235961914062
20.3515625,931.103271484375
20.3671875,931.1279296875
20.3828125,931.15625
20.3984375,931.2162475585938
20.4140625,931.2001342773438
20.4296875,931.2179565429688
20.4453125,931.3286743164062
20.4609375,931.5288696289062
20.4765625,931.7813110351562
20.4921875,931.8243408203125
20.5078125,931.450927734375
20.5234375,931.4464721679688
20.5390625,931.718017578125
20.5546875,931.6824951171875
20.5703125,931.3836669921875
20.5859375,931.6900634765625
20.6015625,931.53857421875
20.6171875,931.5217895507812
20.6328125,931.5725708007812
20.6484375,931.4622192382812
20.6640625,931.54443359375
20.6796875,931.5807495117188
20.6953125,931.5464477539062
20.7109375,931.50341796875
20.7265625,931.4852905273438
20.7421875,931.4907836914062
20.7578125,931.6068725585938
20.7734375,931.6729736328125
20.7890625,931.3516235351562
20.8046875,931.3535766601562
20.8203125,931.709716796875
20.8359375,931.775390625
20.8515625,931.5474853515625
20.8671875,931.4375610351562
20.8828125,931.583984375
20.8984375,931.8692016601562
20.9140625,931.65380859375
20.9296875,931.4805908203125
20.9453125,931.6547241210938
20.9609375,931.632568359375
20.9765625,931.646240234375
20.9921875,931.5162963867188
21.0078125,931.7565307617188
21.0234375,931.5093383789062
21.0390625,931.5614624023438
21.0546875,931.4375
21.0703125,931.4451904296875
21.0859375,931.5299682617188
21.1015625,931.3798828125
21.1171875,931.37451171875
21.1328125,931.4037475585938
21.1484375,931.4015502929688
21.1640625,931.3012084960938
21.1796875,931.4103393554688
21.1953125,931.3681030273438
21.2109375,931.49609375
21.2265625,931.3997192382812
21.2421875,931.3968505859375
21.2578125,931.423095703125
21.2734375,931.3079223632812
21.2890625,931.3479614257812
21.3046875,931.360107421875
21.3203125,931.354248046875
21.3359375,931.3228149414062
21.3515625,931.1821899414062
21.3671875,931.2913818359375
21.3828125,931.3469848632812
21.3984375,931.2532348632812
21.4140625,931.2902221679688
21.4296875,931.2892456054688
21.4453125,931.3074951171875
21.4609375,931.2841796875
21.4765625,931.2095336914062
21.4921875,931.274658203125
21.5078125,931.2232055664062
21.5234375,931.2030029296875
21.5390625,931.2347412109375
21.5546875,931.1975708007812
21.5703125,931.1845703125
21.5859375,931.2086791992188
21.6015625,931.2379760742188
21.6171875,931.1950073242188
21.6328125,931.18115234375
21.6484375,931.1864624023438
21.6640625,931.1842041015625
21.6796875,931.2105102539062
21.6953125,931.16748046875
21.7109375,931.1500854492188
21.7265625,931.1788330078125
21.7421875,931.1612548828125
21.7578125,931.1715698242188
21.7734375,931.1697998046875
21.7890625,931.1796875
21.8046875,931.17919921875
21.8203125,931.1759033203125
21.8359375,931.1884765625
21.8515625,931.1895751953125
21.8671875,931.1729736328125
21.8828125,931.168701171875
21.8984375,931.163330078125
21.9140625,931.1758422851562
21.9296875,931.1528930664062
21.9453125,931.131591796875
21.9609375,931.1246948242188
21.9765625,931.112060546875
21.9921875,931.1089477539062
22.0078125,931.1205444335938
22.0234375,931.1036376953125
22.0390625,931.12060546875
22.0546875,931.110107421875
22.0703125,931.1139526367188
22.0859375,931.103515625
22.1015625,931.1171875
22.1171875,931.10693359375
22.1328125,931.1049194335938
22.1484375,931.1044921875
22.1640625,931.1012573242188
22.1796875,931.0968017578125
22.1953125,931.1021118164062
22.2109375,931.104736328125
22.2265625,931.0940551757812
22.2421875,931.1005249023438
22.2578125,931.0958251953125
22.2734375,931.090576171875
22.2890625,931.1099853515625
22.3046875,931.09130859375
22.3203125,931.0965576171875
22.3359375,931.087646484375
22.3515625,931.0877075195312
22.3671875,931.0755004882812
22.3828125,931.0785522460938
22.3984375,931.0869140625
22.4140625,931.0955200195312
22.4296875,931.0787353515625
22.4453125,931.0779418945312
22.4609375,931.0771484375
22.4765625,931.08544921875
22.4921875,931.078857421875
22.5078125,931.0781860351562
22.5234375,931.0786743164062
22.5390625,931.078125
22.5546875,931.0703125
22.5703125,931.0596923828125
22.5859375,931.0787963867188
22.6015625,931.0782470703125
22.6171875,931.0670166015625
22.6328125,931.06640625
22.6484375,931.0796508789062
22.6640625,931.0784912109375
22.6796875,931.0782470703125
22.6953125,931.0751342773438
22.7109375,931.0729370117188
22.7265625,931.0673217773438
22.7421875,931.060302734375
22.7578125,931.0718383789062
22.7734375,931.0733642578125
22.7890625,931.083251953125
22.8046875,931.068359375
22.8203125,931.0681762695312
22.8359375,931.0438842773438
22.8515625,931.0581665039062
22.8671875,931.0728149414062
22.8828125,931.0676879882812
22.8984375,931.0634155273438
22.9140625,931.0734252929688
22.9296875,931.0645751953125
22.9453125,931.0556640625
22.9609375,931.0687255859375
22.9765625,931.0499877929688
22.9921875,931.0745849609375
23.0078125,931.0489501953125
23.0234375,931.0742797851562
23.0390625,931.0563354492188
23.0546875,931.052001953125
23.0703125,931.0792236328125
23.0859375,931.0519409179688
23.1015625,931.0796508789062
23.1171875,931.0419311523438
23.1328125,931.079345703125
23.1484375,931.069580078125
23.1640625,931.0679321289062
23.1796875,931.0641479492188
23.1953125,931.0633544921875
23.2109375,931.052001953125
23.2265625,931.0767211914062
23.2421875,931.056640625
23.2578125,931.0653686523438
23.2734375,931.0792236328125
23.2890625,931.0614624023438
23.3046875,931.1118774414062
23.3203125,931.1022338867188
23.3359375,931.1241455078125
23.3515625,931.1493530273438
23.3671875,931.150390625
23.3828125,931.251953125
23.3984375,931.2926635742188
23.4140625,931.2969970703125
23.4296875,931.4339599609375
23.4453125,931.4366455078125
23.4609375,931.413330078125
23.4765625,931.9203491210938
23.4921875,931.5687255859375
23.5078125,931.4634399414062
23.5234375,931.8133544921875
23.5390625,931.778076171875
23.5546875,931.9445190429688
23.5703125,932.1754760742188
23.5859375,932.0103759765625
23.6015625,931.8281860351562
23.6171875,931.949951171875
23.6328125,931.485107421875
23.6484375,931.878662109375
23.6640625,931.8953857421875
23.6796875,931.9776611328125
23.6953125,931.7399291992188
23.7109375,932.149658203125
23.7265625,931.7469482421875
23.7421875,932.1067504882812
23.7578125,931.546142578125
23.7734375,931.89208984375
23.7890625,931.610595703125
23.8046875,931.8003540039062
23.8203125,931.8689575195312
23.8359375,931.4918823242188
23.8515625,931.5467529296875
23.8671875,931.5481567382812
23.8828125,931.6420288085938
23.8984375,932.0401611328125
23.9140625,931.8148193359375
23.9296875,931.650390625
23.9453125,931.51953125
23.9609375,931.7236328125
23.9765625,931.3419189453125
23.9921875,931.3764038085938
24.0078125,931.42138671875
24.0234375,931.4112548828125
24.0390625,931.6114501953125
24.0546875,931.4747924804688
24.0703125,931.4236450195312
24.0859375,931.7344360351562
24.1015625,931.3544921875
24.1171875,931.4163818359375
24.1328125,931.3811645507812
24.1484375,931.42138671875
24.1640625,931.4168701171875
24.1796875,931.3818359375
24.1953125,931.2716674804688
24.2109375,931.3644409179688
24.2265625,931.3981323242188
24.2421875,931.3826293945312
24.2578125,931.2681274414062
24.2734375,931.2960205078125
24.2890625,931.4325561523438
24.3046875,931.3104248046875
24.3203125,931.340576171875
24.3359375,931.3541259765625
24.3515625,931.3720703125
24.3671875,931.3267211914062
24.3828125,931.2964477539062
24.3984375,931.2555541992188
24.4140625,931.2813110351562
24.4296875,931.241943359375
24.4453125,931.2953491210938
24.4609375,931.2793579101562
24.4765625,931.2774658203125
24.4921875,931.2289428710938
24.5078125,931.2626342773438
24.5234375,931.223876953125
24.5390625,931.210693359375
24.5546875,931.2080078125
24.5703125,931.2322387695312
24.5859375,931.2958984375
24.6015625,931.2152099609375
24.6171875,931.2461547851562
24.6328125,931.2007446289062
24.6484375,931.2366333007812
24.6640625,931.2265625
24.6796875,931.2315673828125
24.6953125,931.224609375
24.7109375,931.2362060546875
24.7265625,931.1884765625
24.7421875,931.1875
24.7578125,931.2559204101562
24.7734375,931.2015380859375
24.7890625,931.2340698242188
24.8046875,931.194580078125
24.8203125,931.198486328125
24.8359375,931.1971435546875
24.8515625,931.1544189453125
24.8671875,931.16357421875
24.8828125,931.1430053710938
24.8984375,931.1348876953125
24.9140625,931.1395263671875
24.9296875,931.1298828125
24.9453125,931.137939453125
24.9609375,931.1284790039062
24.9765625,931.1232299804688
24.9921875,931.1319580078125
25.0078125,931.1182861328125
25.0234375,931.112548828125
25.0390625,931.1049194335938
25.0546875,931.116943359375
25.0703125,931.1119995117188
25.0859375,931.1187133789062
25.1015625,931.102294921875
25.1171875,931.1049194335938
25.1328125,931.110107421875
25.1484375,931.1253662109375
25.1640625,931.1038208007812
25.1796875,931.09765625
25.1953125,931.1026611328125
25.2109375,931.09521484375
25.2265625,931.0782470703125
25.2421875,931.1094360351562
25.2578125,931.0857543945312
25.2734375,931.1089477539062
25.2890625,931.082763671875
25.3046875,931.0960693359375
25.3203125,931.0968627929688
25.3359375,931.0989379882812
25.3515625,931.0958862304688
25.3671875,931.08984375
25.3828125,931.094970703125
25.3984375,931.0767211914062
25.4140625,931.0977172851562
25.4296875,931.0960693359375
25.4453125,931.08203125
25.4609375,931.0831909179688
25.4765625,931.0757446289062
25.4921875,931.085693359375
25.5078125,931.07568359375
25.5234375,931.0773315429688
25.5390625,931.0737915039062
25.5546875,931.0606689453125
25.5703125,931.0773315429688
25.5859375,931.0873413085938
25.6015625,931.0626220703125
25.6171875,931.0775756835938
25.6328125,931.0615234375
25.6484375,931.0770263671875
25.6640625,931.0707397460938
25.6796875,931.06640625
25.6953125,931.0701293945312
25.7109375,931.0762329101562
25.7265625,931.0718383789062
25.7421875,931.092529296875
25.7578125,931.0767211914062
25.7734375,931.0774536132812
25.7890625,931.0670776367188
25.8046875,931.0826416015625
25.8203125,931.053955078125
25.8359375,931.0718383789062
25.8515625,931.0470581054688
25.8671875,931.07177734375
25.8828125,931.0630493164062
25.8984375,931.069580078125
25.9140625,931.0662841796875
25.9296875,931.0490112304688
25.9453125,931.0543823242188
25.9609375,931.0580444335938
25.9765625,931.0684814453125
25.9921875,931.0767211914062
26.0078125,931.0557861328125
26.0234375,931.0408325195312
26.0390625,931.0502319335938
26.0546875,931.0731201171875
26.0703125,931.0838623046875
26.0859375,931.1090698242188
26.1015625,931.1289672851562
26.1171875,931.18896484375
26.1328125,931.2071533203125
26.1484375,931.2807006835938
26.1640625,931.3744506835938
26.1796875,931.4236450195312
26.1953125,931.5775756835938
26.2109375,931.395751953125
26.2265625,931.3540649414062
26.2421875,932.3265991210938
26.2578125,931.8588256835938
26.2734375,932.3109130859375
26.2890625,932.0979614257812
26.3046875,931.845458984375
26.3203125,931.6920776367188
26.3359375,931.5472412109375
26.3515625,931.592529296875
26.3671875,931.8892211914062
26.3828125,931.8655395507812
26.3984375,931.7467041015625
26.4140625,931.9552612304688
26.4296875,931.7989501953125
26.4453125,931.800537109375
26.4609375,931.5625610351562
26.4765625,931.806396484375
26.4921875,931.6875610351562
26.5078125,931.7964477539062
26.5234375,931.732177734375
26.5390625,931.6289672851562
26.5546875,931.7062377929688
26.5703125,931.86474609375
26.5859375,931.7492065429688
26.6015625,931.7807006835938
26.6171875,931.6979370117188
26.6328125,931.93896484375
26.6484375,931.8370361328125
26.6640625,931.721435546875
26.6796875,931.7532348632812
26.6953125,931.6524658203125
26.7109375,931.7117919921875
26.7265625,931.596435546875
26.7421875,931.421630859375
26.7578125,931.5618286132812
26.7734375,931.565673828125
26.7890625,931.484375
26.8046875,931.5669555664062
26.8203125,931.4180908203125
26.8359375,931.6224975585938
26.8515625,931.6934814453125
26.8671875,931.552490234375
26.8828125,931.487060546875
26.8984375,931.5363159179688
26.9140625,931.6314697265625
26.9296875,931.5866088867188
26.9453125,931.3778686523438
26.9609375,931.5174560546875
26.9765625,931.6728515625
26.9921875,931.3675537109375
27.0078125,931.408203125
27.0234375,931.3279418945312
27.0390625,931.3667602539062
27.0546875,931.3091430664062
27.0703125,931.4052124023438
27.0859375,931.4139404296875
27.1015625,931.4623413085938
27.1171875,931.4105224609375
27.1328125,931.3985595703125
27.1484375,931.442626953125
27.1640625,931.3943481445312
27.1796875,931.3108520507812
27.1953125,931.3109741210938
27.2109375,931.3690185546875
27.2265625,931.3389892578125
27.2421875,931.3148803710938
27.2578125,931.2849731445312
27.2734375,931.2947998046875
27.2890625,931.323486328125
27.3046875,931.3444213867188
27.3203125,931.2481689453125
27.3359375,931.2689819335938
27.3515625,931.2813720703125
27.3671875,931.2413330078125
27.3828125,931.2550659179688
27.3984375,931.233154296875
27.4140625,931.2329711914062
27.4296875,931.2403564453125
27.4453125,931.182861328125
27.4609375,931.2240600585938
27.4765625,931.1791381835938
27.4921875,931.183349609375
27.5078125,931.1700439453125
27.5234375,931.15185546875
27.5390625,931.1593017578125
27.5546875,931.1588745117188
27.5703125,931.1605224609375
27.5859375,931.1527099609375
27.6015625,931.1480102539062
27.6171875,931.1381225585938
27.6328125,931.1310424804688
27.6484375,931.1342163085938
27.6640625,931.1306762695312
27.6796875,931.1275634765625
27.6953125,931.1233520507812
27.7109375,931.1197509765625
27.7265625,931.12255859375
27.7421875,931.1189575195312
27.7578125,931.1119995117188
27.7734375,931.1150512695312
27.7890625,931.1099853515625
27.8046875,931.115234375
27.8203125,931.125
27.8359375,931.1190185546875
27.8515625,931.1049194335938
27.8671875,931.1057739257812
27.8828125,931.114990234375
27.8984375,931.0994873046875
27.9140625,931.0955810546875
27.9296875,931.1072387695312
27.9453125,931.1018676757812
27.9609375,931.104248046875
27.9765625,931.0988159179688
27.9921875,931.0990600585938
28.0078125,931.1026611328125
28.0234375,931.1095581054688
28.0390625,931.1127319335938
28.0546875,931.0922241210938
28.0703125,931.0821533203125
28.0859375,931.0806884765625
28.1015625,931.100341796875
28.1171875,931.1035766601562
28.1328125,931.0792236328125
28.1484375,931.1038208007812
28.1640625,931.0869140625
28.1796875,931.0888671875
28.1953125,931.0841674804688
28.2109375,931.0946044921875
28.2265625,931.0778198242188
28.2421875,931.0822143554688
28.2578125,931.08154296875
28.2734375,931.0916137695312
28.2890625,931.0811767578125
28.3046875,931.077392578125
28.3203125,931.0861206054688
28.3359375,931.0795288085938
28.3515625,931.0809936523438
28.3671875,931.078125
28.3828125,931.0731811523438
28.3984375,931.0781860351562
28.4140625,931.0869140625
28.4296875,931.0753173828125
28.4453125,931.0662841796875
28.4609375,931.0802612304688
28.4765625,931.0623168945312
28.4921875,931.0653076171875
28.5078125,931.07763671875
28.5234375,931.0742797851562
28.5390625,931.0659790039062
28.5546875,931.07958984375
28.5703125,931.0575561523438
28.5859375,931.0614624023438
28.6015625,931.0588989257812
28.6171875,931.0776977539062
28.6328125,931.0685424804688
28.6484375,931.0804443359375
28.6640625,931.1573486328125
28.6796875,931.2186279296875
28.6953125,931.3220825195312
28.7109375,931.3529663085938
28.7265625,931.3214111328125
28.7421875,931.4244995117188
28.7578125,931.5307006835938
28.7734375,931.5567016601562
28.7890625,931.538818359375
28.8046875,931.561279296875
28.8203125,931.6853637695312
28.8359375,931.6390380859375
28.8515625,931.550537109375
28.8671875,931.6339111328125
28.8828125,931.5154418945312
28.8984375,931.413818359375
28.9140625,931.7108154296875
28.9296875,931.5205078125
28.9453125,931.4219360351562
28.9609375,931.4607543945312
28.9765625,931.4492797851562
28.9921875,931.507080078125
29.0078125,931.4512939453125
29.0234375,931.4113159179688
29.0390625,931.5142822265625
29.0546875,931.375732421875
29.0703125,931.4290161132812
29.0859375,931.3900756835938
29.1015625,931.365966796875
29.1171875,931.4114379882812
29.1328125,931.37255859375
29.1484375,931.3155517578125
29.1640625,931.3505249023438
29.1796875,931.4005126953125
29.1953125,931.334716796875
29.2109375,931.4301147460938
29.2265625,931.367919921875
29.2421875,931.3482055664062
29.2578125,931.2883911132812
29.2734375,931.3285522460938
29.2890625,931.346923828125
29.3046875,931.2762451171875
29.3203125,931.308349609375
29.3359375,931.2694091796875
29.3515625,931.2874755859375
29.3671875,931.274658203125
29.3828125,931.2562866210938
29.3984375,931.302734375
29.4140625,931.2401123046875
29.4296875,931.2692260742188
29.4453125,931.3148193359375
29.4609375,931.2727661132812
29.4765625,931.285888671875
29.4921875,931.2855834960938
29.5078125,931.2472534179688
29.5234375,931.2793579101562
29.5390625,931.26708984375
29.5546875,931.25146484375
29.5703125,931.3005981445312
29.5859375,931.2594604492188
29.6015625,931.253662109375
29.6171875,931.2353515625
29.6328125,931.2586669921875
29.6484375,931.2509155273438
29.6640625,931.2542114257812
29.6796875,931.2423095703125
29.6953125,931.221435546875
29.7109375,931.22021484375
29.7265625,931.2363891601562
29.7421875,931.2085571289062
29.7578125,931.2218627929688
29.7734375,931.2073974609375
29.7890625,931.208984375
29.8046875,931.208251953125
29.8203125,931.20068359375
29.8359375,931.1932373046875
29.8515625,931.2103881835938
29.8671875,931.1914672851562
29.8828125,931.1904296875
29.8984375,931.2106323242188
29.9140625,931.2020874023438
29.9296875,931.1981201171875
29.9453125,931.1967163085938
29.9609375,931.2042236328125
29.9765625,931.2152099609375
29.9921875,931.18359375
30.0078125,931.200439453125
30.0234375,931.1743774414062
30.0390625,931.2047729492188
30.0546875,931.1957397460938
30.0703125,931.1884765625
30.0859375,931.1934204101562
30.1015625,931.1795043945312
30.1171875,931.2080078125
30.1328125,931.1818237304688
30.1484375,931.1915893554688
30.1640625,931.1936645507812
30.1796875,931.1779174804688
30.1953125,931.2018432617188
30.2109375,931.1847534179688
30.2265625,931.1845092773438
30.2421875,931.2084350585938
30.2578125,931.1907348632812
30.2734375,931.1692504882812
30.2890625,931.183349609375
30.3046875,931.1907348632812
30.3203125,931.2014770507812
30.3359375,931.1793823242188
30.3515625,931.1979370117188
30.3671875,931.1856079101562
30.3828125,931.184814453125
30.3984375,931.1978149414062
30.4140625,931.1815185546875
30.4296875,931.1792602539062
30.4453125,931.19677734375
30.4609375,931.168701171875
30.4765625,931.193115234375
30.4921875,931.1778564453125
30.5078125,931.1741333007812
30.5234375,931.173095703125
30.5390625,931.1732788085938
30.5546875,931.1758422851562
30.5703125,931.1568603515625
30.5859375,931.1696166992188
30.6015625,931.16943359375
30.6171875,931.16796875
30.6328125,931.1677856445312
30.6484375,931.1639404296875
30.6640625,931.170654296875
30.6796875,931.1551513671875
30.6953125,931.1651611328125
30.7109375,931.1561279296875
30.7265625,931.164794921875
30.7421875,931.1357421875
30.7578125,931.1553955078125
30.7734375,931.1525268554688
30.7890625,931.1621704101562
30.8046875,931.1552124023438
30.8203125,931.1618041992188
30.8359375,931.15185546875
30.8515625,931.1664428710938
30.8671875,931.1507568359375
30.8828125,931.155029296875
30.8984375,931.1478881835938
30.9140625,931.1705322265625
30.9296875,931.1506958007812
30.9453125,931.1539916992188
30.9609375,931.1454467773438
30.9765625,931.1515502929688
30.9921875,931.1534423828125
31.0078125,931.1547241210938
31.0234375,931.1566772460938
31.0390625,931.150390625
31.0546875,931.1561279296875
31.0703125,931.1497192382812
31.0859375,931.1697387695312
31.1015625,931.1602783203125
31.1171875,931.1527099609375
31.1328125,931.1575317382812
31.1484375,931.1599731445312
31.1640625,931.1471557617188
31.1796875,931.1666259765625
31.1953125,931.1585083007812
31.2109375,931.1526489257812
31.2265625,931.1602172851562
31.2421875,931.1547241210938
31.2578125,931.1555786132812
31.2734375,931.1499633789062
31.2890625,931.1702880859375
31.3046875,931.1493530273438
31.3203125,931.1505737304688
31.3359375,931.1535034179688
31.3515625,931.1560668945312
31.3671875,931.1704711914062
31.3828125,931.1427612304688
31.3984375,931.1543579101562
31.4140625,931.16796875
31.4296875,931.135986328125
31.4453125,931.1666870117188
31.4609375,931.1588745117188
31.4765625,931.185302734375
31.4921875,931.1607055664062
31.5078125,931.1640625
31.5234375,931.1848754882812
31.5390625,931.2216796875
31.5546875,931.207763671875
31.5703125,931.2352905273438
31.5859375,931.218505859375
31.6015625,931.2389526367188
31.6171875,931.2512817382812
31.6328125,931.2344970703125
31.6484375,931.2578125
31.6640625,931.287109375
31.6796875,931.2593383789062
31.6953125,931.2525024414062
31.7109375,931.331298828125
31.7265625,931.33349609375
31.7421875,931.3231201171875
31.7578125,931.3624877929688
31.7734375,931.367919921875
31.7890625,931.3472290039062
31.8046875,931.3106079101562
31.8203125,931.3857421875
31.8359375,931.3736572265625
31.8515625,931.41357421875
31.8671875,931.3366088867188
31.8828125,931.3943481445312
31.8984375,931.2927856445312
31.9140625,931.3706665039062
31.9296875,931.3596801757812
31.9453125,931.373779296875
31.9609375,931.4043579101562
31.9765625,931.3909912109375
31.9921875,931.4004516601562
32.0078125,931.3603515625
32.0234375,931.3715209960938
32.0390625,931.3800048828125
32.0546875,931.3135986328125
32.0703125,931.3125
32.0859375,931.3721923828125
32.1015625,931.3851318359375
32.1171875,931.3125610351562
32.1328125,931.3303833007812
32.1484375,931.3668823242188
32.1640625,931.3414916992188
32.1796875,931.3396606445312
32.1953125,931.4030151367188
32.2109375,931.3588256835938
32.2265625,931.3727416992188
32.2421875,931.3648071289062
32.2578125,931.2942504882812
32.2734375,931.352294921875
32.2890625,931.3474731445312
32.3046875,931.2908325195312
32.3203125,931.3120727539062
32.3359375,931.282958984375
32.3515625,931.2600708007812
32.3671875,931.2809448242188
32.3828125,931.3082885742188
32.3984375,931.3182373046875
32.4140625,931.3192749023438
32.4296875,931.29638671875
32.4453125,931.2559204101562
32.4609375,931.2743530273438
32.4765625,931.2681274414062
32.4921875,931.2710571289062
32.5078125,931.2474975585938
32.5234375,931.266845703125
32.5390625,931.2523193359375
32.5546875,931.2750854492188
32.5703125,931.2442626953125
32.5859375,931.2698364257812
32.6015625,931.2601318359375
32.6171875,931.2666015625
32.6328125,931.295654296875
32.6484375,931.2500610351562
32.6640625,931.2760009765625
32.6796875,931.299560546875
32.6953125,931.255126953125
32.7109375,931.251708984375
32.7265625,931.244140625
32.7421875,931.2765502929688
32.7578125,931.2622680664062
32.7734375,931.2553100585938
32.7890625,931.2443237304688
32.8046875,931.2406005859375
32.8203125,931.293701171875
32.8359375,931.23974609375
32.8515625,931.2517700195312
32.8671875,931.2600708007812
32.8828125,931.2481079101562
32.8984375,931.2801513671875
32.9140625,931.2622680664062
32.9296875,931.2405395507812
32.9453125,931.2477416992188
32.9609375,931.2250366210938
32.9765625,931.2409057617188
32.9921875,931.2505493164062
33.0078125,931.2246704101562
33.0234375,931.2194213867188
33.0390625,931.2183227539062
33.0546875,931.2247924804688
33.0703125,931.231201171875
33.0859375,931.1967163085938
33.1015625,931.1958618164062
33.1171875,931.2142944335938
33.1328125,931.2173461914062
33.1484375,931.2120971679688
33.1640625,931.208251953125
33.1796875,931.2120361328125
33.1953125,931.2067260742188
33.2109375,931.2078857421875
33.2265625,931.2098388671875
33.2421875,931.213623046875
33.2578125,931.1970825195312
33.2734375,931.2118530273438
33.2890625,931.2230834960938
33.3046875,931.1870727539062
33.3203125,931.198974609375
33.3359375,931.1928100585938
33.3515625,931.1978759765625
33.3671875,931.2103881835938
33.3828125,931.2013549804688
33.3984375,931.2130737304688
33.4140625,931.202880859375
33.4296875,931.2073974609375
33.4453125,931.19287109375
33.4609375,931.2135009765625
33.4765625,931.197265625
33.4921875,931.2180786132812
33.5078125,931.21435546875
33.5234375,931.2017822265625
33.5390625,931.1976928710938
33.5546875,931.2074584960938
33.5703125,931.195068359375
33.5859375,931.1859741210938
33.6015625,931.187255859375
33.6171875,931.1909790039062
33.6328125,931.1915893554688
33.6484375,931.18310546875
33.6640625,931.184814453125
33.6796875,931.2090454101562
33.6953125,931.1812133789062
33.7109375,931.1923828125
33.7265625,931.1792602539062
33.7421875,931.1763305664062
33.7578125,931.1755981445312
33.7734375,931.1845092773438
33.7890625,931.1821899414062
33.8046875,931.1792602539062
33.8203125,931.1638793945312
33.8359375,931.1731567382812
33.8515625,931.164794921875
33.8671875,931.1798706054688
33.8828125,931.1788940429688
33.8984375,931.17724609375
33.9140625,931.1641235351562
33.9296875,931.1655883789062
33.9453125,931.161376953125
33.9609375,931.1649169921875
33.9765625,931.1905517578125
33.9921875,931.1638793945312
34.0078125,931.1743774414062
34.0234375,931.1871948242188
34.0390625,931.1808471679688
34.0546875,931.1752319335938
34.0703125,931.2081909179688
34.0859375,931.1856689453125
34.1015625,931.1795654296875
34.1171875,931.1818237304688
34.1328125,931.1898193359375
34.1484375,931.1845092773438
34.1640625,931.1891479492188
34.1796875,931.1976318359375
34.1953125,931.1885986328125
34.2109375,931.1800537109375
34.2265625,931.1978759765625
34.2421875,931.1807861328125
34.2578125,931.1732788085938
34.2734375,931.1975708007812
34.2890625,931.1696166992188
34.3046875,931.1828002929688
34.3203125,931.1787109375
34.3359375,931.1866455078125
34.3515625,931.187255859375
34.3671875,931.1851196289062
34.3828125,931.1871948242188
34.3984375,931.1989135742188
34.4140625,931.1985473632812
34.4296875,931.1806640625
34.4453125,931.1890258789062
34.4609375,931.1866455078125
34.4765625,931.1908569335938
34.4921875,931.1945190429688
34.5078125,931.1936645507812
34.5234375,931.1956787109375
34.5390625,931.172607421875
34.5546875,931.1866455078125
34.5703125,931.1859741210938
34.5859375,931.1815185546875
34.6015625,931.1969604492188
34.6171875,931.1962890625
34.6328125,931.1956787109375
34.6484375,931.1975708007812
34.6640625,931.1875610351562
34.6796875,931.190673828125
34.6953125,931.1830444335938
34.7109375,931.1836547851562
34.7265625,931.1912231445312
34.7421875,931.1813354492188
34.7578125,931.1836547851562
34.7734375,931.1842041015625
34.7890625,931.197265625
34.8046875,931.2001342773438
34.8203125,931.1822509765625
34.8359375,931.1770629882812
34.8515625,931.18115234375
34.8671875,931.1936645507812
34.8828125,931.180908203125
34.8984375,931.1866455078125
34.9140625,931.193359375
34.9296875,931.176513671875
34.9453125,931.1982421875
34.9609375,931.1967163085938
34.9765625,931.1912231445312
34.9921875,931.1985473632812
35.0078125,931.1795043945312
35.0234375,931.1905517578125
35.0390625,931.1979370117188
35.0546875,931.1934814453125
35.0703125,931.1996459960938
35.0859375,931.2003784179688
35.1015625,931.2160034179688
35.1171875,931.2230834960938
35.1328125,931.2258911132812
35.1484375,931.2431030273438
35.1640625,931.23046875
35.1796875,931.2902221679688
35.1953125,931.2545776367188
35.2109375,931.2796630859375
35.2265625,931.3583984375
35.2421875,931.3014526367188
35.2578125,931.3094482421875
35.2734375,931.4221801757812
35.2890625,931.3704223632812
35.3046875,931.3666381835938
35.3203125,931.3895874023438
35.3359375,931.421142578125
35.3515625,931.3468627929688
35.3671875,931.384765625
35.3828125,931.3687133789062
35.3984375,931.4566040039062
35.4140625,931.35498046875
35.4296875,931.4241333007812
35.4453125,931.3507690429688
35.4609375,931.3170166015625
35.4765625,931.40234375
35.4921875,931.2916259765625
35.5078125,931.2708129882812
35.5234375,931.3226318359375
35.5390625,931.2750854492188
35.5546875,931.307373046875
35.5703125,931.334716796875
35.5859375,931.324951171875
35.6015625,931.3095092773438
35.6171875,931.2517700195312
35.6328125,931.3145751953125
35.6484375,931.31787109375
35.6640625,931.4098510742188
35.6796875,931.3283081054688
35.6953125,931.3111572265625
35.7109375,931.2787475585938
35.7265625,931.2876586914062
35.7421875,931.2322998046875
35.7578125,931.287841796875
35.7734375,931.2640991210938
35.7890625,931.2837524414062
35.8046875,931.2645874023438
35.8203125,931.2431640625
35.8359375,931.24755859375
35.8515625,931.2344970703125
35.8671875,931.2489624023438
35.8828125,931.2315673828125
35.8984375,931.2431640625
35.9140625,931.2205810546875
35.9296875,931.2302856445312
35.9453125,931.2517700195312
35.9609375,931.2408447265625
35.9765625,931.25146484375
35.9921875,931.2333984375
36.0078125,931.2191772460938
36.0234375,931.2289428710938
36.0390625,931.235107421875
36.0546875,931.2174072265625
36.0703125,931.2329711914062
36.0859375,931.2207641601562
36.1015625,931.2236328125
36.1171875,931.2277221679688
36.1328125,931.219482421875
36.1484375,931.2191162109375
36.1640625,931.2198486328125
36.1796875,931.1962280273438
36.1953125,931.2172241210938
36.2109375,931.2137451171875
36.2265625,931.2088623046875
36.2421875,931.2142944335938
36.2578125,931.2106323242188
36.2734375,931.2015380859375
36.2890625,931.1953735351562
36.3046875,931.1935424804688
36.3203125,931.1875610351562
36.3359375,931.1961669921875
36.3515625,931.1890258789062
36.3671875,931.1896362304688
36.3828125,931.1925048828125
36.3984375,931.197998046875
36.4140625,931.2075805664062
36.4296875,931.196533203125
36.4453125,931.19873046875
36.4609375,931.204345703125
36.4765625,931.1854248046875
36.4921875,931.1925048828125
36.5078125,931.1930541992188
36.5234375,931.1823120117188
36.5390625,931.1918334960938
36.5546875,931.1918334960938
36.5703125,931.1976928710938
36.5859375,931.17919921875
36.6015625,931.1903076171875
36.6171875,931.18505859375
36.6328125,931.2015991210938
36.6484375,931.1815185546875
36.6640625,931.1903686523438
36.6796875,931.1770629882812
36.6953125,931.195068359375
36.7109375,931.1892700195312
36.7265625,931.1846923828125
36.7421875,931.1920166015625
36.7578125,931.1793823242188
36.7734375,931.1942749023438
36.7890625,931.2000732421875
36.8046875,931.2088623046875
36.8203125,931.1858520507812
36.8359375,931.1959228515625
36.8515625,931.1836547851562
36.8671875,931.1912231445312
