# Time (seconds),f0
0.0078125,953.2882690429688
0.0234375,953.2437133789062
0.0390625,953.2264404296875
0.0546875,953.230224609375
0.0703125,953.2261352539062
0.0859375,953.2401123046875
0.1015625,953.2348022460938
0.1171875,953.2313842773438
0.1328125,953.2335815429688
0.1484375,953.2427978515625
0.1640625,953.229248046875
0.1796875,953.240966796875
0.1953125,953.2528686523438
0.2109375,953.2357788085938
0.2265625,953.2337036132812
0.2421875,953.2362060546875
0.2578125,953.23193359375
0.2734375,953.2453002929688
0.2890625,953.2237548828125
0.3046875,953.2332763671875
0.3203125,953.2366333007812
0.3359375,953.2493286132812
0.3515625,953.2296752929688
0.3671875,953.2247924804688
0.3828125,953.2400512695312
0.3984375,953.2391967773438
0.4140625,953.2405395507812
0.4296875,953.2372436523438
0.4453125,953.2433471679688
0.4609375,953.251953125
0.4765625,953.251708984375
0.4921875,953.2583618164062
0.5078125,953.274658203125
0.5234375,953.2813110351562
0.5390625,953.285888671875
0.5546875,953.2854614257812
0.5703125,953.3052368164062
0.5859375,953.2972412109375
0.6015625,953.26953125
0.6171875,953.29248046875
0.6328125,953.3062133789062
0.6484375,953.300048828125
0.6640625,953.2706909179688
0.6796875,953.3001098632812
0.6953125,953.2796020507812
0.7109375,953.3008422851562
0.7265625,953.2991333007812
0.7421875,953.293701171875
0.7578125,953.2931518554688
0.7734375,953.277099609375
0.7890625,953.2782592773438
0.8046875,953.270751953125
0.8203125,953.2782592773438
0.8359375,953.2731323242188
0.8515625,953.3068237304688
0.8671875,953.2782592773438
0.8828125,953.3020629882812
0.8984375,953.301513671875
0.9140625,953.3157348632812
0.9296875,953.3313598632812
0.9453125,953.3207397460938
0.9609375,953.3092651367188
0.9765625,953.3102416992188
0.9921875,953.3306884765625
1.0078125,953.3228149414062
1.0234375,953.3345947265625
1.0390625,953.3306884765625
1.0546875,953.3108520507812
1.0703125,953.3343505859375
1.0859375,953.3068237304688
1.1015625,953.3047485351562
1.1171875,953.33544921875
1.1328125,953.329345703125
1.1484375,953.3287353515625
1.1640625,953.33349609375
1.1796875,953.327392578125
1.1953125,953.3318481445312
1.2109375,953.3184814453125
1.2265625,953.3335571289062
1.2421875,953.327880859375
1.2578125,953.3189697265625
1.2734375,953.3184814453125
1.2890625,953.3214111328125
1.3046875,953.3052368164062
1.3203125,953.32958984375
1.3359375,953.3168334960938
1.3515625,953.335693359375
1.3671875,953.3076171875
1.3828125,953.3274536132812
1.3984375,953.3299560546875
1.4140625,953.3375854492188
1.4296875,953.3080444335938
1.4453125,953.3140258789062
1.4609375,953.3137817382812
1.4765625,953.3139038085938
1.4921875,953.337158203125
1.5078125,953.3384399414062
1.5234375,953.3070068359375
1.5390625,953.320068359375
1.5546875,953.306640625
1.5703125,953.3041381835938
1.5859375,953.3192138671875
1.6015625,953.3078002929688
1.6171875,953.317138671875
1.6328125,953.3142700195312
1.6484375,953.3363647460938
1.6640625,953.3314819335938
1.6796875,953.3340454101562
1.6953125,953.3208618164062
1.7109375,953.3126220703125
1.7265625,953.3203735351562
1.7421875,953.33935546875
1.7578125,953.3367919921875
1.7734375,953.3203125
1.7890625,953.3077392578125
1.8046875,953.3070068359375
1.8203125,953.3073120117188
1.8359375,953.3375854492188
1.8515625,953.321044921875
1.8671875,953.308349609375
1.8828125,953.3130493164062
1.8984375,953.3121948242188
1.9140625,953.3120727539062
1.9296875,953.320068359375
1.9453125,953.3075561523438
1.9609375,953.3143310546875
1.9765625,953.3141479492188
1.9921875,953.3232421875
2.0078125,953.3167724609375
2.0234375,953.3193359375
2.0390625,953.3164672851562
2.0546875,953.3125610351562
2.0703125,953.3178100585938
2.0859375,953.3134155273438
2.1015625,953.3035888671875
2.1171875,953.3192138671875
2.1328125,953.3123168945312
2.1484375,953.3057861328125
2.1640625,953.3128051757812
2.1796875,953.3131103515625
2.1953125,953.307861328125
2.2109375,953.305419921875
2.2265625,953.3056030273438
2.2421875,953.2987060546875
2.2578125,953.3053588867188
2.2734375,953.3087768554688
2.2890625,953.29833984375
2.3046875,953.33544921875
2.3203125,953.3392944335938
2.3359375,953.3633422851562
2.3515625,953.4453125
2.3671875,953.3794555664062
2.3828125,953.4384765625
2.3984375,953.3942260742188
2.4140625,953.4646606445312
2.4296875,953.447998046875
2.4453125,953.4927978515625
2.4609375,953.4219970703125
2.4765625,953.4840698242188
2.4921875,953.3920288085938
2.5078125,953.4702758789062
2.5234375,953.4633178710938
2.5390625,953.5856323242188
2.5546875,953.4828491210938
2.5703125,953.4338989257812
2.5859375,953.3856811523438
2.6015625,953.4182739257812
2.6171875,953.4708251953125
2.6328125,953.407958984375
2.6484375,953.4270629882812
2.6640625,953.4422607421875
2.6796875,953.4397583007812
2.6953125,953.4112548828125
2.7109375,953.4415283203125
2.7265625,953.4249877929688
2.7421875,953.3954467773438
2.7578125,953.4981079101562
2.7734375,953.3793334960938
2.7890625,953.427490234375
2.8046875,953.4044189453125
2.8203125,953.3906860351562
2.8359375,953.4266357421875
2.8515625,953.4188232421875
2.8671875,953.3988647460938
2.8828125,953.3508911132812
2.8984375,953.35302734375
2.9140625,953.3849487304688
2.9296875,953.3611450195312
2.9453125,953.3616943359375
2.9609375,953.3641357421875
2.9765625,953.339111328125
2.9921875,953.33935546875
3.0078125,953.343505859375
3.0234375,953.3428955078125
3.0390625,953.3377685546875
3.0546875,953.3121948242188
3.0703125,953.3186645507812
3.0859375,953.3461303710938
3.1015625,953.3182373046875
3.1171875,953.3244018554688
3.1328125,953.3283081054688
3.1484375,953.3360595703125
3.1640625,953.31591796875
3.1796875,953.3048095703125
3.1953125,953.3078002929688
3.2109375,953.31787109375
3.2265625,953.3086547851562
3.2421875,953.3145141601562
3.2578125,953.3073120117188
3.2734375,953.2875366210938
3.2890625,953.3067016601562
3.3046875,953.31201171875
3.3203125,953.3134765625
3.3359375,953.3052978515625
3.3515625,953.2854614257812
3.3671875,953.29296875
3.3828125,953.30615234375
3.3984375,953.3021850585938
3.4140625,953.2970581054688
3.4296875,953.2774658203125
3.4453125,953.2972412109375
3.4609375,953.3051147460938
3.4765625,953.3028564453125
3.4921875,953.312255859375
3.5078125,953.298095703125
3.5234375,953.27685546875
3.5390625,953.283935546875
3.5546875,953.2916259765625
3.5703125,953.2757568359375
3.5859375,953.29443359375
3.6015625,953.2771606445312
3.6171875,953.2919921875
3.6328125,953.2832641601562
3.6484375,953.2826538085938
3.6640625,953.2889404296875
3.6796875,953.2796020507812
3.6953125,953.2955322265625
3.7109375,953.2815551757812
3.7265625,953.29443359375
3.7421875,953.283203125
3.7578125,953.2726440429688
3.7734375,953.2813720703125
3.7890625,953.2755126953125
3.8046875,953.2936401367188
3.8203125,953.2989501953125
3.8359375,953.2760009765625
3.8515625,953.342529296875
3.8671875,953.4107666015625
3.8828125,953.4110717773438
3.8984375,953.422607421875
3.9140625,953.4869995117188
3.9296875,953.4766235351562
3.9453125,953.4210815429688
3.9609375,953.4448852539062
3.9765625,953.4459228515625
3.9921875,953.4724731445312
4.0078125,953.4165649414062
4.0234375,953.4444580078125
4.0390625,953.544189453125
4.0546875,953.5274658203125
4.0703125,953.4058227539062
4.0859375,953.4861450195312
4.1015625,953.447998046875
4.1171875,953.3766479492188
4.1328125,953.4869995117188
4.1484375,953.4524536132812
4.1640625,953.457763671875
4.1796875,953.4907836914062
4.1953125,953.4723510742188
4.2109375,953.4393310546875
4.2265625,953.4618530273438
4.2421875,953.4557495117188
4.2578125,953.399169921875
4.2734375,953.4241333007812
4.2890625,953.4829711914062
4.3046875,953.4375610351562
4.3203125,953.4118041992188
4.3359375,953.4495849609375
4.3515625,953.4318237304688
4.3671875,953.3934936523438
4.3828125,953.4121704101562
4.3984375,953.4022216796875
4.4140625,953.376708984375
4.4296875,953.4143676757812
4.4453125,953.4337768554688
4.4609375,953.370361328125
4.4765625,953.4091186523438
4.4921875,953.3856201171875
4.5078125,953.3859252929688
4.5234375,953.374267578125
4.5390625,953.3800048828125
4.5546875,953.37646484375
4.5703125,953.362060546875
4.5859375,953.3678588867188
4.6015625,953.3526611328125
4.6171875,953.3399047851562
4.6328125,953.3388671875
4.6484375,953.3301391601562
4.6640625,953.3434448242188
4.6796875,953.3474731445312
4.6953125,953.3251953125
4.7109375,953.3237915039062
4.7265625,953.3194580078125
4.7421875,953.3298950195312
4.7578125,953.3243408203125
4.7734375,953.315185546875
4.7890625,953.3231201171875
4.8046875,953.31396484375
4.8203125,953.3154296875
4.8359375,953.3137817382812
4.8515625,953.3110961914062
4.8671875,953.305419921875
4.8828125,953.3212890625
4.8984375,953.3146362304688
4.9140625,953.3143310546875
4.9296875,953.3123779296875
4.9453125,953.3072509765625
4.9609375,953.3167114257812
4.9765625,953.2962036132812
4.9921875,953.3070068359375
5.0078125,953.3068237304688
5.0234375,953.2914428710938
5.0390625,953.30224609375
5.0546875,953.3003540039062
5.0703125,953.2907104492188
5.0859375,953.3119506835938
5.1015625,953.294921875
5.1171875,953.3055419921875
5.1328125,953.291015625
5.1484375,953.3030395507812
5.1640625,953.2973022460938
5.1796875,953.2958984375
5.1953125,953.2887573242188
5.2109375,953.3110961914062
5.2265625,953.2991333007812
5.2421875,953.2970581054688
5.2578125,953.3098754882812
5.2734375,953.2933349609375
5.2890625,953.2830810546875
5.3046875,953.2809448242188
5.3203125,953.2946166992188
5.3359375,953.2908325195312
5.3515625,953.2778930664062
5.3671875,953.2996826171875
5.3828125,953.2935180664062
5.3984375,953.2735595703125
5.4140625,953.2951049804688
5.4296875,953.2973022460938
5.4453125,953.2880859375
5.4609375,953.2958984375
5.4765625,953.2926635742188
5.4921875,953.3003540039062
5.5078125,953.2869873046875
5.5234375,953.2874755859375
5.5390625,953.2866821289062
5.5546875,953.2754516601562
5.5703125,953.2779541015625
5.5859375,953.2872314453125
5.6015625,953.3187866210938
5.6171875,953.3605346679688
5.6328125,953.3832397460938
5.6484375,953.6028442382812
5.6640625,953.6407470703125
5.6796875,953.4822387695312
5.6953125,953.5472412109375
5.7109375,953.4943237304688
5.7265625,953.5623779296875
5.7421875,953.5250854492188
5.7578125,953.41015625
5.7734375,953.412841796875
5.7890625,953.444091796875
5.8046875,953.5407104492188
5.8203125,953.4559936523438
5.8359375,953.5516357421875
5.8515625,953.4342651367188
5.8671875,953.4805297851562
5.8828125,953.490966796875
5.8984375,953.5338745117188
5.9140625,953.4334716796875
5.9296875,953.4533081054688
5.9453125,953.455810546875
5.9609375,953.4584350585938
5.9765625,953.5570068359375
5.9921875,953.4959716796875
6.0078125,953.4730224609375
6.0234375,953.4241333007812
6.0390625,953.4261474609375
6.0546875,953.5003051757812
6.0703125,953.5422973632812
6.0859375,953.5033569335938
6.1015625,953.4674682617188
6.1171875,953.5156860351562
6.1328125,953.4508666992188
6.1484375,953.4638671875
6.1640625,953.4493408203125
6.1796875,953.427001953125
6.1953125,953.4065551757812
6.2109375,953.4281616210938
6.2265625,953.4061279296875
6.2421875,953.3753662109375
6.2578125,953.3759765625
6.2734375,953.3612060546875
6.2890625,953.3606567382812
6.3046875,953.3532104492188
6.3203125,953.3289794921875
6.3359375,953.3270874023438
6.3515625,953.3303833007812
6.3671875,953.3143310546875
6.3828125,953.3114013671875
6.3984375,953.3084716796875
6.4140625,953.30615234375
6.4296875,953.2913208007812
6.4453125,953.3281860351562
6.4609375,953.3201293945312
6.4765625,953.2908935546875
6.4921875,953.3203125
6.5078125,953.2987060546875
6.5234375,953.3194580078125
6.5390625,953.3052368164062
6.5546875,953.2974853515625
6.5703125,953.296142578125
6.5859375,953.298828125
6.6015625,953.2857055664062
6.6171875,953.3014526367188
6.6328125,953.3121948242188
6.6484375,953.2811279296875
6.6640625,953.28857421875
6.6796875,953.300537109375
6.6953125,953.2813110351562
6.7109375,953.2930908203125
6.7265625,953.2826538085938
6.7421875,953.2877197265625
6.7578125,953.2767944335938
6.7734375,953.2872314453125
6.7890625,953.2928466796875
6.8046875,953.3028564453125
6.8203125,953.2914428710938
6.8359375,953.28515625
6.8515625,953.2791137695312
6.8671875,953.3032836914062
6.8828125,953.27880859375
6.8984375,953.2796020507812
6.9140625,953.2922973632812
6.9296875,953.3010864257812
6.9453125,953.3041381835938
6.9609375,953.2985229492188
6.9765625,953.2828979492188
6.9921875,953.2921752929688
7.0078125,953.2796630859375
7.0234375,953.305908203125
7.0390625,953.278076171875
7.0546875,953.2843627929688
7.0703125,953.2891235351562
7.0859375,953.2860107421875
7.1015625,953.2786254882812
7.1171875,953.28515625
7.1328125,953.2840576171875
7.1484375,953.2850341796875
7.1640625,953.2794189453125
7.1796875,953.3556518554688
7.1953125,953.42529296875
7.2109375,953.4315185546875
7.2265625,953.4356079101562
7.2421875,953.493408203125
7.2578125,953.3717041015625
7.2734375,953.5514526367188
7.2890625,953.4822387695312
7.3046875,953.5340576171875
7.3203125,953.4503784179688
7.3359375,953.5428466796875
7.3515625,953.5059204101562
7.3671875,953.5711669921875
7.3828125,953.4725341796875
7.3984375,953.5255737304688
7.4140625,953.6007690429688
7.4296875,953.5715942382812
7.4453125,953.5635986328125
7.4609375,953.6399536132812
7.4765625,953.509521484375
7.4921875,953.6026611328125
7.5078125,953.5653686523438
7.5234375,953.5579223632812
7.5390625,953.5321044921875
7.5546875,953.5247192382812
7.5703125,953.5836791992188
7.5859375,953.615966796875
7.6015625,953.6158447265625
7.6171875,953.4974975585938
7.6328125,953.4757080078125
7.6484375,953.5283203125
7.6640625,953.5435180664062
7.6796875,953.5159301757812
7.6953125,953.5337524414062
7.7109375,953.4776611328125
7.7265625,953.4808349609375
7.7421875,953.4856567382812
7.7578125,953.5354614257812
7.7734375,953.5109252929688
7.7890625,953.6116333007812
7.8046875,953.5047607421875
7.8203125,953.5444946289062
7.8359375,953.5045166015625
7.8515625,953.5597534179688
7.8671875,953.4945678710938
7.8828125,953.5263671875
7.8984375,953.5801391601562
7.9140625,953.4907836914062
7.9296875,953.4833374023438
7.9453125,953.475830078125
7.9609375,953.46240234375
7.9765625,953.4278564453125
7.9921875,953.4058227539062
8.0078125,953.3723754882812
8.0234375,953.3736572265625
8.0390625,953.3507690429688
8.0546875,953.3658447265625
8.0703125,953.3496704101562
8.0859375,953.3486328125
8.1015625,953.3497314453125
8.1171875,953.349365234375
8.1328125,953.3406982421875
8.1484375,953.3505859375
8.1640625,953.3461303710938
8.1796875,953.3364868164062
8.1953125,953.3442993164062
8.2109375,953.3404541015625
8.2265625,953.3331298828125
8.2421875,953.3485107421875
8.2578125,953.3414916992188
8.2734375,953.3409423828125
8.2890625,953.3471069335938
8.3046875,953.3374633789062
8.3203125,953.3388671875
8.3359375,953.3336791992188
8.3515625,953.3327026367188
8.3671875,953.333740234375
8.3828125,953.3388671875
8.3984375,953.3245239257812
8.4140625,953.3675537109375
8.4296875,953.3438110351562
8.4453125,953.3071899414062
8.4609375,953.3361206054688
8.4765625,953.324951171875
8.4921875,953.3125610351562
8.5078125,953.3328857421875
8.5234375,953.331298828125
8.5390625,953.3329467773438
8.5546875,953.330078125
8.5703125,953.3259887695312
8.5859375,953.3219604492188
8.6015625,953.3086547851562
8.6171875,953.327392578125
8.6328125,953.3052368164062
8.6484375,953.3017578125
8.6640625,953.311767578125
8.6796875,953.3045654296875
8.6953125,953.2957763671875
8.7109375,953.2994384765625
8.7265625,953.3041381835938
8.7421875,953.3134765625
8.7578125,953.296875
8.7734375,953.2997436523438
8.7890625,953.3014526367188
8.8046875,953.3021850585938
8.8203125,953.2852783203125
8.8359375,953.3172607421875
8.8515625,953.2825317382812
8.8671875,953.306640625
8.8828125,953.2955322265625
8.8984375,953.3390502929688
8.9140625,953.4534301757812
8.9296875,953.4736328125
8.9453125,953.6221923828125
8.9609375,953.6778564453125
8.9765625,953.7782592773438
8.9921875,953.7174072265625
9.0078125,953.80224609375
9.0234375,953.7040405273438
9.0390625,953.6723022460938
9.0546875,953.8001098632812
9.0703125,953.6199951171875
9.0859375,953.7896118164062
9.1015625,953.81982421875
9.1171875,953.6290893554688
9.1328125,953.7149658203125
9.1484375,953.781005859375
9.1640625,953.8401489257812
9.1796875,953.7640380859375
9.1953125,953.7112426757812
9.2109375,953.886474609375
9.2265625,953.8076171875
9.2421875,953.8831787109375
9.2578125,953.6675415039062
9.2734375,953.818359375
9.2890625,953.7855224609375
9.3046875,953.7818603515625
9.3203125,953.6240234375
9.3359375,953.7199096679688
9.3515625,953.6328125
9.3671875,953.7319946289062
9.3828125,953.5838623046875
9.3984375,953.5930786132812
9.4140625,953.6415405273438
9.4296875,953.5078735351562
9.4453125,953.6022338867188
9.4609375,953.614013671875
9.4765625,953.5608520507812
9.4921875,953.6449584960938
9.5078125,953.5460815429688
9.5234375,953.513427734375
9.5390625,953.5631713867188
9.5546875,953.53076171875
9.5703125,953.5213623046875
9.5859375,953.4906616210938
9.6015625,953.4786376953125
9.6171875,953.425537109375
9.6328125,953.4315185546875
9.6484375,953.4041748046875
9.6640625,953.3812866210938
9.6796875,953.3716430664062
9.6953125,953.3734130859375
9.7109375,953.3737182617188
9.7265625,953.3733520507812
9.7421875,953.37646484375
9.7578125,953.3823852539062
9.7734375,953.3844604492188
9.7890625,953.384033203125
9.8046875,953.3754272460938
9.8203125,953.37255859375
9.8359375,953.3604736328125
9.8515625,953.3790283203125
9.8671875,953.3528442382812
9.8828125,953.3750610351562
9.8984375,953.3692016601562
9.9140625,953.3538818359375
9.9296875,953.3727416992188
9.9453125,953.3453979492188
9.9609375,953.3713989257812
9.9765625,953.3701171875
9.9921875,953.3650512695312
10.0078125,953.3605346679688
10.0234375,953.3663330078125
10.0390625,953.366943359375
10.0546875,953.3652954101562
10.0703125,953.364501953125
10.0859375,953.3619995117188
10.1015625,953.3654174804688
10.1171875,953.3723754882812
10.1328125,953.3422241210938
10.1484375,953.36279296875
10.1640625,953.3412475585938
10.1796875,953.3553466796875
10.1953125,953.3624267578125
10.2109375,953.3560180664062
10.2265625,953.3605346679688
10.2421875,953.3533935546875
10.2578125,953.3406982421875
10.2734375,953.3471069335938
10.2890625,953.35693359375
10.3046875,953.376220703125
10.3203125,953.3579711914062
10.3359375,953.3466796875
10.3515625,953.3448486328125
10.3671875,953.3483276367188
10.3828125,953.3285522460938
10.3984375,953.3745727539062
10.4140625,953.3482055664062
10.4296875,953.3486328125
10.4453125,953.357421875
10.4609375,953.3541259765625
10.4765625,953.4080810546875
10.4921875,953.5181274414062
10.5078125,953.5455932617188
10.5234375,953.60498046875
10.5390625,953.6317749023438
10.5546875,953.667724609375
10.5703125,953.8016967773438
10.5859375,953.7955932617188
10.6015625,953.7922973632812
10.6171875,953.8746948242188
10.6328125,953.7556762695312
10.6484375,953.7213134765625
10.6640625,953.939208984375
10.6796875,953.8338623046875
10.6953125,953.8103637695312
10.7109375,953.870361328125
10.7265625,954.0154418945312
10.7421875,953.8062133789062
10.7578125,953.9151611328125
10.7734375,953.8876342773438
10.7890625,953.86279296875
10.8046875,953.857177734375
10.8203125,953.8633422851562
10.8359375,953.7670288085938
10.8515625,953.7930297851562
10.8671875,953.7886352539062
10.8828125,953.7200317382812
10.8984375,953.758544921875
10.9140625,953.7047729492188
10.9296875,953.6537475585938
10.9453125,953.8048706054688
10.9609375,953.7871704101562
10.9765625,953.725830078125
10.9921875,953.7411499023438
11.0078125,953.6051635742188
11.0234375,953.90576171875
11.0390625,953.708740234375
11.0546875,953.7300415039062
11.0703125,953.7354736328125
11.0859375,953.7399291992188
11.1015625,953.6599731445312
11.1171875,953.7399291992188
11.1328125,953.6282348632812
11.1484375,953.6529541015625
11.1640625,953.724365234375
11.1796875,953.6652221679688
11.1953125,953.6411743164062
11.2109375,953.7349243164062
11.2265625,953.6925048828125
11.2421875,953.6495971679688
11.2578125,953.634521484375
11.2734375,953.5400390625
11.2890625,953.5099487304688
11.3046875,953.5389404296875
11.3203125,953.5000610351562
11.3359375,953.4300537109375
11.3515625,953.434814453125
11.3671875,953.4024047851562
11.3828125,953.388671875
11.3984375,953.3735961914062
11.4140625,953.3809814453125
11.4296875,953.39453125
11.4453125,953.3821411132812
11.4609375,953.3812866210938
11.4765625,953.3775024414062
11.4921875,953.3806762695312
11.5078125,953.3707885742188
11.5234375,953.3936767578125
11.5390625,953.3959350585938
11.5546875,953.3753662109375
11.5703125,953.3768310546875
11.5859375,953.3748168945312
11.6015625,953.3678588867188
11.6171875,953.3675537109375
11.6328125,953.3806762695312
11.6484375,953.3792724609375
11.6640625,953.3780517578125
11.6796875,953.3782348632812
11.6953125,953.3713989257812
11.7109375,953.3798217773438
11.7265625,953.3714599609375
11.7421875,953.3980102539062
11.7578125,953.3931884765625
11.7734375,953.3797607421875
11.7890625,953.385498046875
11.8046875,953.3683471679688
11.8203125,953.3960571289062
11.8359375,953.3828125
11.8515625,953.37060546875
11.8671875,953.3857421875
11.8828125,953.369140625
11.8984375,953.378662109375
11.9140625,953.3798828125
11.9296875,953.383544921875
11.9453125,953.3607788085938
11.9609375,953.3881225585938
11.9765625,953.3798828125
11.9921875,953.372802734375
12.0078125,953.3783569335938
12.0234375,953.3764038085938
12.0390625,953.3834228515625
12.0546875,953.3784790039062
12.0703125,953.3741455078125
12.0859375,953.38232421875
12.1015625,953.3814086914062
12.1171875,953.3963012695312
12.1328125,953.3695678710938
12.1484375,953.3711547851562
12.1640625,953.3773803710938
12.1796875,953.4009399414062
12.1953125,953.453125
12.2109375,953.421142578125
12.2265625,953.4813232421875
12.2421875,953.5003662109375
12.2578125,953.5176391601562
12.2734375,953.5592651367188
12.2890625,953.62841796875
12.3046875,953.4568481445312
12.3203125,953.5504760742188
12.3359375,953.671142578125
12.3515625,953.6784057617188
12.3671875,953.522705078125
12.3828125,953.5484008789062
12.3984375,953.6015625
12.4140625,953.635986328125
12.4296875,953.6478881835938
12.4453125,953.4535522460938
12.4609375,953.6382446289062
12.4765625,953.544921875
12.4921875,953.5228881835938
12.5078125,953.5551147460938
12.5234375,953.5643310546875
12.5390625,953.6055297851562
12.5546875,953.4780883789062
12.5703125,953.5301513671875
12.5859375,953.5132446289062
12.6015625,953.5703125
12.6171875,953.5157470703125
12.6328125,953.47412109375
12.6484375,953.4669799804688
12.6640625,953.643798828125
12.6796875,953.4802856445312
12.6953125,953.5358276367188
12.7109375,953.5369262695312
12.7265625,953.591796875
12.7421875,953.520263671875
12.7578125,953.5609130859375
12.7734375,953.5396728515625
12.7890625,953.5386352539062
12.8046875,953.4959106445312
12.8203125,953.5192260742188
12.8359375,953.4642944335938
12.8515625,953.4971923828125
12.8671875,953.4909057617188
12.8828125,953.4898071289062
12.8984375,953.4365234375
12.9140625,953.4403076171875
12.9296875,953.4473266601562
12.9453125,953.4157104492188
12.9609375,953.4249267578125
12.9765625,953.4570922851562
12.9921875,953.4052734375
13.0078125,953.4268798828125
13.0234375,953.3966674804688
13.0390625,953.3974609375
13.0546875,953.381591796875
13.0703125,953.4004516601562
13.0859375,953.3845825195312
13.1015625,953.3970947265625
13.1171875,953.3853149414062
13.1328125,953.3740234375
13.1484375,953.3762817382812
13.1640625,953.3857421875
13.1796875,953.3800659179688
13.1953125,953.386474609375
13.2109375,953.3927612304688
13.2265625,953.3912963867188
13.2421875,953.3909912109375
13.2578125,953.3881225585938
13.2734375,953.3938598632812
13.2890625,953.3740234375
13.3046875,953.3794555664062
13.3203125,953.3807373046875
13.3359375,953.390380859375
13.3515625,953.3890991210938
13.3671875,953.3912963867188
13.3828125,953.4046630859375
13.3984375,953.3753662109375
13.4140625,953.3829956054688
13.4296875,953.376708984375
13.4453125,953.3846435546875
13.4609375,953.3794555664062
13.4765625,953.37451171875
13.4921875,953.3953857421875
13.5078125,953.3817138671875
13.5234375,953.375
13.5390625,953.4051513671875
13.5546875,953.3789672851562
13.5703125,953.3966064453125
13.5859375,953.3924560546875
13.6015625,953.3949584960938
13.6171875,953.393310546875
13.6328125,953.3685913085938
13.6484375,953.3937377929688
13.6640625,953.380859375
13.6796875,953.3956909179688
13.6953125,953.3707885742188
13.7109375,953.39599609375
13.7265625,953.3881225585938
13.7421875,953.3876342773438
13.7578125,953.3715209960938
13.7734375,953.3865966796875
13.7890625,953.3826904296875
13.8046875,953.3934936523438
13.8203125,953.3927001953125
13.8359375,953.38623046875
13.8515625,953.3849487304688
13.8671875,953.3689575195312
13.8828125,953.3781127929688
13.8984375,953.3781127929688
13.9140625,953.3873901367188
13.9296875,953.4358520507812
13.9453125,953.4737548828125
13.9609375,953.6041870117188
13.9765625,953.5523071289062
13.9921875,953.6282348632812
14.0078125,953.6720581054688
14.0234375,953.5859375
14.0390625,953.6845092773438
14.0546875,953.658935546875
14.0703125,953.556640625
14.0859375,953.53662109375
14.1015625,953.5464477539062
14.1171875,953.6646118164062
14.1328125,953.6784057617188
14.1484375,953.5805053710938
14.1640625,953.5309448242188
14.1796875,953.6552734375
14.1953125,953.6510009765625
14.2109375,953.5477905273438
14.2265625,953.5516967773438
14.2421875,953.553955078125
14.2578125,953.6163940429688
14.2734375,953.5537109375
14.2890625,953.6151123046875
14.3046875,953.6145629882812
14.3203125,953.5518798828125
14.3359375,953.5194091796875
14.3515625,953.583740234375
14.3671875,953.4666748046875
14.3828125,953.5106201171875
14.3984375,953.5208129882812
14.4140625,953.5150756835938
14.4296875,953.4822998046875
14.4453125,953.5237426757812
14.4609375,953.4356689453125
14.4765625,953.4733276367188
14.4921875,953.521484375
14.5078125,953.4888305664062
14.5234375,953.55224609375
14.5390625,953.4976196289062
14.5546875,953.4839477539062
14.5703125,953.5011596679688
14.5859375,953.4660034179688
14.6015625,953.452392578125
14.6171875,953.4920654296875
14.6328125,953.4613647460938
14.6484375,953.463623046875
14.6640625,953.4617919921875
14.6796875,953.4606323242188
14.6953125,953.446533203125
14.7109375,953.4638061523438
14.7265625,953.4281005859375
14.7421875,953.4017944335938
14.7578125,953.3975830078125
14.7734375,953.3875732421875
14.7890625,953.377685546875
14.8046875,953.4005737304688
14.8203125,953.3878784179688
14.8359375,953.391845703125
14.8515625,953.384033203125
14.8671875,953.3920288085938
14.8828125,953.3814086914062
14.8984375,953.3778686523438
14.9140625,953.4010620117188
14.9296875,953.3956298828125
14.9453125,953.3857421875
14.9609375,953.3921508789062
14.9765625,953.3900756835938
14.9921875,953.3906860351562
15.0078125,953.384765625
15.0234375,953.395751953125
15.0390625,953.3814086914062
15.0546875,953.376708984375
15.0703125,953.3926391601562
15.0859375,953.3767700195312
15.1015625,953.3963012695312
15.1171875,953.3919067382812
15.1328125,953.3844604492188
15.1484375,953.3942260742188
15.1640625,953.39404296875
15.1796875,953.3974609375
15.1953125,953.3884887695312
15.2109375,953.4058227539062
15.2265625,953.3733520507812
15.2421875,953.3844604492188
15.2578125,953.40380859375
15.2734375,953.3887939453125
15.2890625,953.389404296875
15.3046875,953.3887329101562
15.3203125,953.3995971679688
15.3359375,953.3912963867188
15.3515625,953.390625
15.3671875,953.3898315429688
15.3828125,953.3916015625
15.3984375,953.391845703125
15.4140625,953.3895263671875
15.4296875,953.4009399414062
15.4453125,953.3812866210938
15.4609375,953.4027709960938
15.4765625,953.400146484375
15.4921875,953.3965454101562
15.5078125,953.4019165039062
15.5234375,953.3970336914062
15.5390625,953.3904418945312
15.5546875,953.390380859375
15.5703125,953.3982543945312
15.5859375,953.4002685546875
15.6015625,953.3946533203125
15.6171875,953.393798828125
15.6328125,953.3923950195312
15.6484375,953.3916015625
15.6640625,953.3923950195312
15.6796875,953.4165649414062
15.6953125,953.4147338867188
15.7109375,953.4453735351562
15.7265625,953.4763793945312
15.7421875,953.5865478515625
15.7578125,953.54052734375
15.7734375,953.5399169921875
15.7890625,953.5477905273438
15.8046875,953.5235595703125
15.8203125,953.620849609375
15.8359375,953.5531616210938
15.8515625,953.634765625
15.8671875,953.6853637695312
15.8828125,953.5516967773438
15.8984375,953.597412109375
15.9140625,953.54248046875
15.9296875,953.5587768554688
15.9453125,953.5675048828125
15.9609375,953.6456298828125
15.9765625,953.6596069335938
15.9921875,953.5224609375
16.0078125,953.5408325195312
16.0234375,953.644287109375
16.0390625,953.5904541015625
16.0546875,953.6710815429688
16.0703125,953.5841064453125
16.0859375,953.5474243164062
16.1015625,953.53271484375
16.1171875,953.5614624023438
16.1328125,953.546875
16.1484375,953.57763671875
16.1640625,953.6065673828125
16.1796875,953.5291137695312
16.1953125,953.49365234375
16.2109375,953.5061645507812
16.2265625,953.4967651367188
16.2421875,953.5012817382812
16.2578125,953.4952392578125
16.2734375,953.4010009765625
16.2890625,953.4912109375
16.3046875,953.544921875
16.3203125,953.5431518554688
16.3359375,953.4805297851562
16.3515625,953.5037841796875
16.3671875,953.5199584960938
16.3828125,953.5424194335938
16.3984375,953.5633544921875
16.4140625,953.4842529296875
16.4296875,953.591552734375
16.4453125,953.4677734375
16.4609375,953.4462890625
16.4765625,953.4688720703125
16.4921875,953.4701538085938
16.5078125,953.4276123046875
16.5234375,953.441162109375
16.5390625,953.409912109375
16.5546875,953.4168701171875
16.5703125,953.3998413085938
16.5859375,953.3865966796875
16.6015625,953.409423828125
16.6171875,953.3892211914062
16.6328125,953.3878784179688
16.6484375,953.3927001953125
16.6640625,953.3985595703125
16.6796875,953.4088134765625
16.6953125,953.3881225585938
16.7109375,953.3862915039062
16.7265625,953.3938598632812
16.7421875,953.400146484375
16.7578125,953.4078979492188
16.7734375,953.3858642578125
16.7890625,953.3873291015625
16.8046875,953.3888549804688
16.8203125,953.4047241210938
16.8359375,953.3926391601562
16.8515625,953.3878784179688
16.8671875,953.397705078125
16.8828125,953.3990478515625
16.8984375,953.3998413085938
16.9140625,953.3839721679688
16.9296875,953.4027709960938
16.9453125,953.3986206054688
16.9609375,953.381591796875
16.9765625,953.3977661132812
16.9921875,953.408935546875
17.0078125,953.3974609375
17.0234375,953.3970336914062
17.0390625,953.4013671875
17.0546875,953.3941040039062
17.0703125,953.398193359375
17.0859375,953.3932495117188
17.1015625,953.3976440429688
17.1171875,953.3821411132812
17.1328125,953.3906860351562
17.1484375,953.3890991210938
17.1640625,953.395751953125
17.1796875,953.3931884765625
17.1953125,953.4008178710938
17.2109375,953.3906860351562
17.2265625,953.3819580078125
17.2421875,953.3912963867188
17.2578125,953.392578125
17.2734375,953.3896484375
17.2890625,953.3812866210938
17.3046875,953.3619995117188
17.3203125,953.38671875
17.3359375,953.39453125
17.3515625,953.4127197265625
17.3671875,953.399658203125
17.3828125,953.3719482421875
17.3984375,953.3959350585938
17.4140625,953.3840942382812
17.4296875,953.3865966796875
17.4453125,953.4376220703125
17.4609375,953.4821166992188
17.4765625,953.5125732421875
17.4921875,953.593505859375
17.5078125,953.6057739257812
17.5234375,953.6018676757812
17.5390625,953.5640258789062
17.5546875,953.5194091796875
17.5703125,953.5564575195312
17.5859375,953.6432495117188
17.6015625,953.5399169921875
17.6171875,953.5569458007812
17.6328125,953.5794067382812
17.6484375,953.6638793945312
17.6640625,953.5086669921875
17.6796875,953.4540405273438
17.6953125,953.5553588867188
17.7109375,953.5497436523438
17.7265625,953.609130859375
17.7421875,953.5559692382812
17.7578125,953.5701904296875
17.7734375,953.62841796875
17.7890625,953.5435180664062
17.8046875,953.5040283203125
17.8203125,953.5211791992188
17.8359375,953.5346069335938
17.8515625,953.5555419921875
17.8671875,953.5362548828125
17.8828125,953.5276489257812
17.8984375,953.5880737304688
17.9140625,953.538330078125
17.9296875,953.5689697265625
17.9453125,953.4984741210938
17.9609375,953.5267944335938
17.9765625,953.4977416992188
17.9921875,953.5219116210938
18.0078125,953.5650024414062
18.0234375,953.5165405273438
18.0390625,953.4916381835938
18.0546875,953.4912109375
18.0703125,953.4653930664062
18.0859375,953.4797973632812
18.1015625,953.4860229492188
18.1171875,953.4585571289062
18.1328125,953.4747924804688
18.1484375,953.4694213867188
18.1640625,953.5269165039062
18.1796875,953.4982299804688
18.1953125,953.4406127929688
18.2109375,953.469970703125
18.2265625,953.4520874023438
18.2421875,953.4868774414062
18.2578125,953.431640625
18.2734375,953.439208984375
18.2890625,953.44921875
18.3046875,953.4088745117188
18.3203125,953.3988647460938
18.3359375,953.408203125
18.3515625,953.3978881835938
18.3671875,953.3818359375
18.3828125,953.3588256835938
18.3984375,953.3869018554688
18.4140625,953.37646484375
18.4296875,953.3797607421875
18.4453125,953.3513793945312
18.4609375,953.3577880859375
18.4765625,953.369140625
18.4921875,953.3704223632812
18.5078125,953.3511352539062
18.5234375,953.3480224609375
18.5390625,953.3580322265625
18.5546875,953.3448486328125
18.5703125,953.3649291992188
18.5859375,953.3538818359375
18.6015625,953.3643798828125
18.6171875,953.3455810546875
18.6328125,953.3538818359375
18.6484375,953.3742065429688
18.6640625,953.3786010742188
18.6796875,953.37060546875
18.6953125,953.3861694335938
18.7109375,953.3518676757812
18.7265625,953.3604736328125
18.7421875,953.3787841796875
18.7578125,953.3719482421875
18.7734375,953.3652954101562
18.7890625,953.3731689453125
18.8046875,953.3638305664062
18.8203125,953.3663330078125
18.8359375,953.3402709960938
18.8515625,953.3409423828125
18.8671875,953.3653564453125
18.8828125,953.3692626953125
18.8984375,953.3674926757812
18.9140625,953.3759155273438
18.9296875,953.3924560546875
18.9453125,953.3750610351562
18.9609375,953.3399047851562
18.9765625,953.3688354492188
18.9921875,953.3782348632812
19.0078125,953.3516235351562
19.0234375,953.3938598632812
19.0390625,953.3775024414062
19.0546875,953.3657836914062
19.0703125,953.3447265625
19.0859375,953.3614501953125
19.1015625,953.3981323242188
19.1171875,953.3623046875
19.1328125,953.3682861328125
19.1484375,953.368408203125
19.1640625,953.3673095703125
19.1796875,953.3798217773438
19.1953125,953.4287109375
19.2109375,953.46875
19.2265625,953.5134887695312
19.2421875,953.5985717773438
19.2578125,953.6845703125
19.2734375,953.6421508789062
19.2890625,953.8267211914062
19.3046875,953.7990112304688
19.3203125,953.7472534179688
19.3359375,953.7584838867188
19.3515625,953.8790283203125
19.3671875,953.8302001953125
19.3828125,953.6640625
19.3984375,953.62109375
19.4140625,953.7394409179688
19.4296875,953.6880493164062
19.4453125,953.7224731445312
19.4609375,953.8655395507812
19.4765625,953.814453125
19.4921875,953.8720703125
19.5078125,953.8801879882812
19.5234375,953.6680908203125
19.5390625,953.7333984375
19.5546875,953.6357421875
19.5703125,953.651611328125
19.5859375,953.7671508789062
19.6015625,953.6975708007812
19.6171875,953.7498168945312
19.6328125,953.6499633789062
19.6484375,953.6398315429688
19.6640625,953.8091430664062
19.6796875,953.716552734375
19.6953125,953.6152954101562
19.7109375,953.6112060546875
19.7265625,953.6492919921875
19.7421875,953.6553955078125
19.7578125,953.5760498046875
19.7734375,953.5781860351562
19.7890625,953.5670776367188
19.8046875,953.5650634765625
19.8203125,953.6626586914062
19.8359375,953.5543823242188
19.8515625,953.5719604492188
19.8671875,953.6502075195312
19.8828125,953.5321655273438
19.8984375,953.6227416992188
19.9140625,953.65234375
19.9296875,953.5951538085938
19.9453125,953.536376953125
19.9609375,953.5452880859375
19.9765625,953.5504760742188
19.9921875,953.533203125
20.0078125,953.4970703125
20.0234375,953.4716186523438
20.0390625,953.4712524414062
20.0546875,953.4149169921875
20.0703125,953.3854370117188
20.0859375,953.4027099609375
20.1015625,953.3978881835938
20.1171875,953.3851928710938
20.1328125,953.3792724609375
20.1484375,953.379638671875
20.1640625,953.3865966796875
20.1796875,953.3997192382812
20.1953125,953.381591796875
20.2109375,953.3990478515625
20.2265625,953.3914794921875
20.2421875,953.38037109375
20.2578125,953.3987426757812
20.2734375,953.4083251953125
20.2890625,953.3859252929688
20.3046875,953.3924560546875
20.3203125,953.3912963867188
20.3359375,953.4036254882812
20.3515625,953.3890991210938
20.3671875,953.3960571289062
20.3828125,953.3843383789062
20.3984375,953.3988647460938
20.4140625,953.404296875
20.4296875,953.4046020507812
20.4453125,953.3822631835938
20.4609375,953.3726196289062
20.4765625,953.3921508789062
20.4921875,953.3939819335938
20.5078125,953.38818359375
20.5234375,953.3790893554688
20.5390625,953.399658203125
20.5546875,953.383544921875
20.5703125,953.3945922851562
20.5859375,953.3952026367188
20.6015625,953.3660888671875
20.6171875,953.3851928710938
20.6328125,953.3951416015625
20.6484375,953.3741455078125
20.6640625,953.3695678710938
20.6796875,953.3772583007812
20.6953125,953.3682861328125
20.7109375,953.3682861328125
20.7265625,953.3643798828125
20.7421875,953.3800659179688
20.7578125,953.3776245117188
20.7734375,953.3833618164062
20.7890625,953.3842163085938
20.8046875,953.3873291015625
20.8203125,953.3656005859375
20.8359375,953.3673706054688
20.8515625,953.3717041015625
20.8671875,953.3660888671875
20.8828125,953.3787841796875
20.8984375,953.3869018554688
20.9140625,953.3673095703125
20.9296875,953.3737182617188
20.9453125,953.3794555664062
20.9609375,953.3812866210938
20.9765625,953.3801879882812
20.9921875,953.389892578125
21.0078125,953.3605346679688
21.0234375,953.3857421875
21.0390625,953.389892578125
21.0546875,953.38037109375
21.0703125,953.4216918945312
21.0859375,953.4674682617188
21.1015625,953.3805541992188
21.1171875,953.3377685546875
21.1328125,953.36279296875
21.1484375,953.4474487304688
21.1640625,953.4722290039062
21.1796875,953.4406127929688
21.1953125,953.4738159179688
21.2109375,953.4392700195312
21.2265625,953.479248046875
21.2421875,953.4935913085938
21.2578125,953.3726196289062
21.2734375,953.5028686523438
21.2890625,953.423583984375
21.3046875,953.4718627929688
21.3203125,953.4096069335938
21.3359375,953.4705810546875
21.3515625,953.4353637695312
21.3671875,953.5196533203125
21.3828125,953.3460693359375
21.3984375,953.3634033203125
21.4140625,953.4208984375
21.4296875,953.5122680664062
21.4453125,953.4263916015625
21.4609375,953.3673095703125
21.4765625,953.3982543945312
21.4921875,953.4683227539062
21.5078125,953.4129638671875
21.5234375,953.5860595703125
21.5390625,953.53466796875
21.5546875,953.5430908203125
21.5703125,953.471435546875
21.5859375,953.5317993164062
21.6015625,953.5298461914062
21.6171875,953.59375
21.6328125,953.45458984375
21.6484375,953.520751953125
21.6640625,953.5263061523438
21.6796875,953.519287109375
21.6953125,953.4708862304688
21.7109375,953.4692993164062
21.7265625,953.4791870117188
21.7421875,953.4444580078125
21.7578125,953.4620361328125
21.7734375,953.4515380859375
21.7890625,953.4568481445312
21.8046875,953.4241943359375
21.8203125,953.4267578125
21.8359375,953.4140625
21.8515625,953.398193359375
21.8671875,953.3952026367188
21.8828125,953.390625
21.8984375,953.3931884765625
21.9140625,953.39453125
21.9296875,953.3984985351562
21.9453125,953.4053955078125
21.9609375,953.3939819335938
21.9765625,953.4083862304688
21.9921875,953.3950805664062
22.0078125,953.3895874023438
22.0234375,953.3766479492188
22.0390625,953.3856811523438
22.0546875,953.3963012695312
22.0703125,953.3914794921875
22.0859375,953.3928833007812
22.1015625,953.393310546875
22.1171875,953.4105224609375
22.1328125,953.3958129882812
22.1484375,953.3878784179688
22.1640625,953.3853759765625
22.1796875,953.3922729492188
22.1953125,953.3914794921875
22.2109375,953.402099609375
22.2265625,953.3884887695312
22.2421875,953.384033203125
22.2578125,953.3823852539062
22.2734375,953.3870239257812
22.2890625,953.366943359375
22.3046875,953.3851928710938
22.3203125,953.3935546875
22.3359375,953.3779296875
22.3515625,953.3839721679688
22.3671875,953.3812255859375
22.3828125,953.3843383789062
22.3984375,953.387451171875
22.4140625,953.3869018554688
22.4296875,953.3931884765625
22.4453125,953.3746948242188
22.4609375,953.3848266601562
22.4765625,953.3829345703125
22.4921875,953.3887329101562
22.5078125,953.3754272460938
22.5234375,953.3805541992188
22.5390625,953.385986328125
22.5546875,953.3797607421875
22.5703125,953.400390625
22.5859375,953.3656005859375
22.6015625,953.3648071289062
22.6171875,953.3812866210938
22.6328125,953.3723754882812
22.6484375,953.3627319335938
22.6640625,953.3677368164062
22.6796875,953.375
22.6953125,953.368896484375
22.7109375,953.3734130859375
22.7265625,953.391357421875
22.7421875,953.4640502929688
22.7578125,953.4971923828125
22.7734375,953.57373046875
22.7890625,953.6412963867188
22.8046875,953.6085815429688
22.8203125,953.7192993164062
22.8359375,953.6934204101562
22.8515625,953.7915649414062
22.8671875,953.7764892578125
22.8828125,953.812255859375
22.8984375,953.8170776367188
22.9140625,953.8267211914062
22.9296875,953.8091430664062
22.9453125,953.75390625
22.9609375,953.9380493164062
22.9765625,953.9514770507812
22.9921875,953.9688110351562
23.0078125,953.8504638671875
23.0234375,953.9212036132812
23.0390625,953.8533935546875
23.0546875,953.9074096679688
23.0703125,953.8135986328125
23.0859375,953.7648315429688
23.1015625,953.8099975585938
23.1171875,953.8247680664062
23.1328125,953.7769165039062
23.1484375,953.7008666992188
23.1640625,953.7103881835938
23.1796875,953.8016967773438
23.1953125,953.7630004882812
23.2109375,953.5860595703125
23.2265625,953.5905151367188
23.2421875,953.6849975585938
23.2578125,953.6776123046875
23.2734375,953.6534423828125
23.2890625,953.7500610351562
23.3046875,953.6388549804688
23.3203125,953.5751342773438
23.3359375,953.5684814453125
23.3515625,953.5368041992188
23.3671875,953.6122436523438
23.3828125,953.5637817382812
23.3984375,953.57421875
23.4140625,953.603515625
23.4296875,953.5254516601562
23.4453125,953.5845336914062
23.4609375,953.5045776367188
23.4765625,953.5529174804688
23.4921875,953.5418701171875
23.5078125,953.5263671875
23.5234375,953.4946899414062
23.5390625,953.5120239257812
23.5546875,953.4785766601562
23.5703125,953.5210571289062
23.5859375,953.4849243164062
23.6015625,953.4489135742188
23.6171875,953.4724731445312
23.6328125,953.4260864257812
23.6484375,953.4248046875
23.6640625,953.4153442382812
23.6796875,953.3867797851562
23.6953125,953.3890991210938
23.7109375,953.3820190429688
23.7265625,953.3927612304688
23.7421875,953.414794921875
23.7578125,953.393798828125
23.7734375,953.4196166992188
23.7890625,953.3975830078125
23.8046875,953.3867797851562
23.8203125,953.4037475585938
23.8359375,953.3864135742188
23.8515625,953.390625
23.8671875,953.3931884765625
23.8828125,953.3920288085938
23.8984375,953.3869018554688
23.9140625,953.3938598632812
23.9296875,953.3919067382812
23.9453125,953.3756713867188
23.9609375,953.3926391601562
23.9765625,953.3865966796875
23.9921875,953.383544921875
24.0078125,953.3814086914062
24.0234375,953.3963012695312
24.0390625,953.3809814453125
24.0546875,953.3798217773438
24.0703125,953.3936767578125
24.0859375,953.3834838867188
24.1015625,953.3815307617188
24.1171875,953.3870239257812
24.1328125,953.3798828125
24.1484375,953.3840942382812
24.1640625,953.3795776367188
24.1796875,953.3700561523438
24.1953125,953.3685913085938
24.2109375,953.3672485351562
24.2265625,953.375
24.2421875,953.371826171875
24.2578125,953.3734741210938
24.2734375,953.3705444335938
24.2890625,953.372802734375
24.3046875,953.3712158203125
24.3203125,953.3707885742188
24.3359375,953.37451171875
24.3515625,953.3677368164062
24.3671875,953.3560791015625
24.3828125,953.3607788085938
24.3984375,953.3551635742188
24.4140625,953.3626098632812
24.4296875,953.3677368164062
24.4453125,953.3652954101562
24.4609375,953.3659057617188
24.4765625,953.3694458007812
24.4921875,953.3670043945312
24.5078125,953.3693237304688
24.5234375,953.3651123046875
24.5390625,953.3613891601562
24.5546875,953.3667602539062
24.5703125,953.3736572265625
24.5859375,953.3583374023438
24.6015625,953.373046875
24.6171875,953.3598022460938
24.6328125,953.3903198242188
24.6484375,953.387939453125
24.6640625,953.403076171875
24.6796875,953.421142578125
24.6953125,953.4722290039062
24.7109375,953.5139770507812
24.7265625,953.481201171875
24.7421875,953.6838989257812
24.7578125,953.6493530273438
24.7734375,953.8267822265625
24.7890625,953.782470703125
24.8046875,953.772216796875
24.8203125,953.6674194335938
24.8359375,953.6962890625
24.8515625,953.705810546875
24.8671875,953.7603149414062
24.8828125,953.6895141601562
24.8984375,953.8201293945312
24.9140625,953.761474609375
24.9296875,953.7448120117188
24.9453125,953.7440185546875
24.9609375,953.6992797851562
24.9765625,953.7457885742188
24.9921875,953.6900024414062
25.0078125,953.658935546875
25.0234375,953.7815551757812
25.0390625,953.673583984375
25.0546875,953.8045654296875
25.0703125,953.6528930664062
25.0859375,953.6489868164062
25.1015625,953.697998046875
25.1171875,953.5813598632812
25.1328125,953.623779296875
25.1484375,953.5905151367188
25.1640625,953.6618041992188
25.1796875,953.6982421875
25.1953125,953.5927124023438
25.2109375,953.5809936523438
25.2265625,953.6069946289062
25.2421875,953.5899658203125
25.2578125,953.6564331054688
25.2734375,953.5205078125
25.2890625,953.6085205078125
25.3046875,953.6103515625
25.3203125,953.6068725585938
25.3359375,953.5249633789062
25.3515625,953.4729614257812
25.3671875,953.5706787109375
25.3828125,953.5279541015625
25.3984375,953.5773315429688
25.4140625,953.5845336914062
25.4296875,953.5884399414062
25.4453125,953.6368408203125
25.4609375,953.5277099609375
25.4765625,953.568115234375
25.4921875,953.5040893554688
25.5078125,953.4725341796875
25.5234375,953.3984985351562
25.5390625,953.393310546875
25.5546875,953.3960571289062
25.5703125,953.3966674804688
25.5859375,953.3896484375
25.6015625,953.4030151367188
25.6171875,953.3961791992188
25.6328125,953.3948974609375
25.6484375,953.3806762695312
25.6640625,953.3885498046875
25.6796875,953.3946533203125
25.6953125,953.3906860351562
25.7109375,953.3831176757812
25.7265625,953.3858642578125
25.7421875,953.3904418945312
25.7578125,953.3812255859375
25.7734375,953.3848876953125
25.7890625,953.3858642578125
25.8046875,953.393310546875
25.8203125,953.3790283203125
25.8359375,953.3878173828125
25.8515625,953.3901977539062
25.8671875,953.3885498046875
25.8828125,953.3904418945312
25.8984375,953.3805541992188
25.9140625,953.3753051757812
25.9296875,953.3797607421875
25.9453125,953.3798217773438
25.9609375,953.3826293945312
25.9765625,953.3936767578125
25.9921875,953.3762817382812
26.0078125,953.3712768554688
26.0234375,953.3700561523438
26.0390625,953.3729248046875
26.0546875,953.3829956054688
26.0703125,953.3836669921875
26.0859375,953.3731689453125
26.1015625,953.3826904296875
26.1171875,953.388427734375
26.1328125,953.3814086914062
26.1484375,953.3765258789062
26.1640625,953.3756103515625
26.1796875,953.3748779296875
26.1953125,953.3700561523438
26.2109375,953.3798828125
26.2265625,953.366943359375
26.2421875,953.3681640625
26.2578125,953.3690185546875
26.2734375,953.3814086914062
26.2890625,953.3753662109375
26.3046875,953.3750610351562
26.3203125,953.3695068359375
26.3359375,953.3793334960938
26.3515625,953.3734130859375
26.3671875,953.356201171875
26.3828125,953.3692626953125
26.3984375,953.3626098632812
26.4140625,953.3566284179688
26.4296875,953.3727416992188
26.4453125,953.4379272460938
26.4609375,953.431396484375
26.4765625,953.4577026367188
26.4921875,953.5629272460938
26.5078125,953.6720581054688
26.5234375,953.628662109375
26.5390625,953.5986328125
26.5546875,953.6675415039062
26.5703125,953.6870727539062
26.5859375,953.6974487304688
26.6015625,953.708251953125
26.6171875,953.7090454101562
26.6328125,953.7455444335938
26.6484375,953.7833251953125
26.6640625,953.6629638671875
26.6796875,953.6143798828125
26.6953125,953.6527099609375
26.7109375,953.6895751953125
26.7265625,953.6974487304688
26.7421875,953.6176147460938
26.7578125,953.6217041015625
26.7734375,953.6489868164062
26.7890625,953.6842041015625
26.8046875,953.6293334960938
26.8203125,953.6016235351562
26.8359375,953.5975341796875
26.8515625,953.6035766601562
26.8671875,953.6005249023438
26.8828125,953.5457763671875
26.8984375,953.6130981445312
26.9140625,953.587646484375
26.9296875,953.5524291992188
26.9453125,953.6251831054688
26.9609375,953.5906982421875
26.9765625,953.5828857421875
26.9921875,953.5938720703125
27.0078125,953.6116333007812
27.0234375,953.5670166015625
27.0390625,953.5629272460938
27.0546875,953.5723876953125
27.0703125,953.5706176757812
27.0859375,953.5912475585938
27.1015625,953.6039428710938
27.1171875,953.5576171875
27.1328125,953.5299682617188
27.1484375,953.4632568359375
27.1640625,953.4749755859375
27.1796875,953.4952392578125
27.1953125,953.4769287109375
27.2109375,953.4474487304688
27.2265625,953.4482421875
27.2421875,953.4513549804688
27.2578125,953.43701171875
27.2734375,953.397705078125
27.2890625,953.4057006835938
27.3046875,953.41162109375
27.3203125,953.3892211914062
27.3359375,953.3888549804688
27.3515625,953.3864135742188
27.3671875,953.4060668945312
27.3828125,953.3888549804688
27.3984375,953.3892211914062
27.4140625,953.391845703125
27.4296875,953.3809814453125
27.4453125,953.3815307617188
27.4609375,953.3839111328125
27.4765625,953.3815307617188
27.4921875,953.375732421875
27.5078125,953.3829956054688
27.5234375,953.3792724609375
27.5390625,953.3876342773438
27.5546875,953.3848266601562
27.5703125,953.3856811523438
27.5859375,953.373779296875
27.6015625,953.37255859375
27.6171875,953.372802734375
27.6328125,953.372802734375
27.6484375,953.377685546875
27.6640625,953.3780517578125
27.6796875,953.3767700195312
27.6953125,953.3829345703125
27.7109375,953.3759765625
27.7265625,953.3739624023438
27.7421875,953.3678588867188
27.7578125,953.3626098632812
27.7734375,953.3784790039062
27.7890625,953.3717651367188
27.8046875,953.3704223632812
27.8203125,953.3703002929688
27.8359375,953.3712768554688
27.8515625,953.3892211914062
27.8671875,953.37451171875
27.8828125,953.3731079101562
27.8984375,953.3681640625
27.9140625,953.3677368164062
27.9296875,953.3724975585938
27.9453125,953.3751220703125
27.9609375,953.3653564453125
27.9765625,953.364990234375
27.9921875,953.3726196289062
28.0078125,953.37109375
28.0234375,953.3651123046875
28.0390625,953.3775024414062
28.0546875,953.355224609375
28.0703125,953.3856201171875
28.0859375,953.3709716796875
28.1015625,953.3496704101562
28.1171875,953.364013671875
28.1328125,953.3713989257812
28.1484375,953.3544311523438
28.1640625,953.3641357421875
28.1796875,953.3575439453125
28.1953125,953.3564453125
28.2109375,953.3677978515625
28.2265625,953.3629760742188
28.2421875,953.37060546875
28.2578125,953.4285888671875
28.2734375,953.4672241210938
28.2890625,953.4688720703125
28.3046875,953.4902954101562
28.3203125,953.69677734375
28.3359375,953.7520141601562
28.3515625,953.7733154296875
28.3671875,953.807861328125
28.3828125,953.9154663085938
28.3984375,953.7991333007812
28.4140625,953.7344970703125
28.4296875,953.8651123046875
28.4453125,953.8741455078125
28.4609375,953.8565673828125
28.4765625,953.6650390625
28.4921875,953.8329467773438
28.5078125,953.7958374023438
28.5234375,953.885986328125
28.5390625,953.8087158203125
28.5546875,953.7327270507812
28.5703125,953.8157348632812
28.5859375,953.7215576171875
28.6015625,953.8667602539062
28.6171875,953.8681640625
28.6328125,953.6141967773438
28.6484375,953.7760620117188
28.6640625,953.6531982421875
28.6796875,953.6806030273438
28.6953125,953.6502685546875
28.7109375,953.7257690429688
28.7265625,953.615234375
28.7421875,953.664794921875
28.7578125,953.8392944335938
28.7734375,953.6683349609375
28.7890625,953.6307373046875
28.8046875,953.6273803710938
28.8203125,953.6826171875
28.8359375,953.6683349609375
28.8515625,953.747802734375
28.8671875,953.7007446289062
28.8828125,953.614501953125
28.8984375,953.6635131835938
28.9140625,953.6212768554688
28.9296875,953.6635131835938
28.9453125,953.7008666992188
28.9609375,953.6516723632812
28.9765625,953.6577758789062
28.9921875,953.6145629882812
29.0078125,953.69140625
29.0234375,953.5428466796875
29.0390625,953.619140625
29.0546875,953.5023803710938
29.0703125,953.507568359375
29.0859375,953.5093383789062
29.1015625,953.4544067382812
29.1171875,953.4183959960938
29.1328125,953.3973999023438
29.1484375,953.406982421875
29.1640625,953.3966064453125
29.1796875,953.4151611328125
29.1953125,953.3901977539062
29.2109375,953.3932495117188
29.2265625,953.403076171875
29.2421875,953.3976440429688
29.2578125,953.393798828125
29.2734375,953.4032592773438
29.2890625,953.4009399414062
29.3046875,953.4005126953125
29.3203125,953.3950805664062
29.3359375,953.4046020507812
29.3515625,953.3954467773438
29.3671875,953.4026489257812
29.3828125,953.4016723632812
29.3984375,953.3839111328125
29.4140625,953.3961791992188
29.4296875,953.403076171875
29.4453125,953.4028930664062
29.4609375,953.3909301757812
29.4765625,953.3848266601562
29.4921875,953.38623046875
29.5078125,953.3926391601562
29.5234375,953.3881225585938
29.5390625,953.3946533203125
29.5546875,953.4048461914062
29.5703125,953.396484375
29.5859375,953.3988647460938
29.6015625,953.4016723632812
29.6171875,953.4041748046875
29.6328125,953.4005737304688
29.6484375,953.3966064453125
29.6640625,953.3960571289062
29.6796875,953.3953857421875
29.6953125,953.3900756835938
29.7109375,953.3928833007812
29.7265625,953.4039916992188
29.7421875,953.400146484375
29.7578125,953.3850708007812
29.7734375,953.4010009765625
29.7890625,953.3950805664062
29.8046875,953.4052734375
29.8203125,953.387939453125
29.8359375,953.382568359375
29.8515625,953.3869018554688
29.8671875,953.3881225585938
29.8828125,953.391357421875
29.8984375,953.3915405273438
29.9140625,953.3836669921875
29.9296875,953.3896484375
29.9453125,953.3970947265625
29.9609375,953.3896484375
29.9765625,953.3890991210938
29.9921875,953.3809204101562
30.0078125,953.3815307617188
30.0234375,953.4166870117188
30.0390625,953.4680786132812
30.0546875,953.5294799804688
30.0703125,953.6064453125
30.0859375,953.6245727539062
30.1015625,953.8214721679688
30.1171875,953.8851928710938
30.1328125,953.888671875
30.1484375,953.8629760742188
30.1640625,953.9234008789062
30.1796875,953.7816772460938
30.1953125,953.7344970703125
30.2109375,953.774169921875
30.2265625,953.7224731445312
30.2421875,953.9080810546875
30.2578125,953.8929443359375
30.2734375,953.912841796875
30.2890625,953.8951416015625
30.3046875,953.8475341796875
30.3203125,953.8935546875
30.3359375,953.874267578125
30.3515625,953.9514770507812
30.3671875,953.9204711914062
30.3828125,953.8076171875
30.3984375,953.7688598632812
30.4140625,953.6056518554688
30.4296875,953.5549926757812
30.4453125,953.5438232421875
30.4609375,953.53857421875
30.4765625,953.426513671875
30.4921875,953.3946533203125
30.5078125,953.3876953125
30.5234375,953.4071655273438
