# Time (seconds),f0
0.0078125,20.409515380859375
0.0234375,20.416603088378906
0.0390625,20.434852600097656
0.0546875,20.4251708984375
0.0703125,20.426658630371094
0.0859375,20.427398681640625
0.1015625,20.42107391357422
0.1171875,20.430755615234375
0.1328125,20.4326171875
0.1484375,20.430755615234375
0.1640625,20.42926025390625
0.1796875,20.43895721435547
0.1953125,20.431495666503906
0.2109375,20.427398681640625
0.2265625,20.437088012695312
0.2421875,20.431495666503906
0.2578125,20.430755615234375
0.2734375,20.429641723632812
0.2890625,20.434486389160156
0.3046875,20.431129455566406
0.3203125,20.448638916015625
0.3359375,20.441558837890625
0.3515625,20.437835693359375
0.3671875,20.435226440429688
0.3828125,20.449752807617188
0.3984375,20.462051391601562
0.4140625,20.449752807617188
0.4296875,20.447898864746094
0.4453125,20.448638916015625
0.4609375,20.442672729492188
0.4765625,20.444168090820312
0.4921875,20.453109741210938
0.5078125,20.446029663085938
0.5234375,20.455345153808594
0.5390625,20.44043731689453
0.5546875,20.455718994140625
0.5703125,20.441932678222656
0.5859375,20.444168090820312
0.6015625,20.45348358154297
0.6171875,20.44305419921875
0.6328125,20.455718994140625
0.6484375,20.45758056640625
0.6640625,20.44043731689453
0.6796875,20.44007110595703
0.6953125,20.447898864746094
0.7109375,20.447525024414062
0.7265625,20.452369689941406
0.7421875,20.44305419921875
0.7578125,20.436721801757812
0.7734375,20.449378967285156
0.7890625,20.44043731689453
0.8046875,20.454971313476562
0.8203125,20.455345153808594
0.8359375,20.452735900878906
0.8515625,20.448638916015625
0.8671875,20.46466064453125
0.8828125,20.449378967285156
0.8984375,20.449012756347656
0.9140625,20.4609375
0.9296875,20.451248168945312
0.9453125,20.456085205078125
0.9609375,20.45832061767578
0.9765625,20.449378967285156
0.9921875,20.454971313476562
1.0078125,20.453109741210938
1.0234375,20.448638916015625
1.0390625,20.4542236328125
1.0546875,20.451248168945312
1.0703125,20.45684051513672
1.0859375,20.45050048828125
1.1015625,20.454605102539062
1.1171875,20.451248168945312
1.1328125,20.45050048828125
1.1484375,20.463912963867188
1.1640625,20.463912963867188
1.1796875,20.445281982421875
1.1953125,20.452369689941406
1.2109375,20.452735900878906
1.2265625,20.460189819335938
1.2421875,20.449012756347656
1.2578125,20.451995849609375
1.2734375,20.46466064453125
1.2890625,20.454971313476562
1.3046875,20.45684051513672
1.3203125,20.466148376464844
1.3359375,20.465408325195312
1.3515625,20.469131469726562
1.3671875,20.4683837890625
1.3828125,20.474349975585938
1.3984375,20.46466064453125
1.4140625,20.47509002685547
1.4296875,20.468017578125
1.4453125,20.460189819335938
1.4609375,20.47210693359375
1.4765625,20.463912963867188
1.4921875,20.478439331054688
1.5078125,20.478439331054688
1.5234375,20.470993041992188
1.5390625,20.469879150390625
1.5546875,20.472854614257812
1.5703125,20.46466064453125
1.5859375,20.47173309326172
1.6015625,20.47472381591797
1.6171875,20.478439331054688
1.6328125,20.477699279785156
1.6484375,20.469131469726562
1.6640625,20.473602294921875
1.6796875,20.470252990722656
1.6953125,20.477325439453125
1.7109375,20.463912963867188
1.7265625,20.466148376464844
1.7421875,20.469879150390625
1.7578125,20.463912963867188
1.7734375,20.473228454589844
1.7890625,20.476577758789062
1.8046875,20.47919464111328
1.8203125,20.478439331054688
1.8359375,20.492233276367188
1.8515625,20.4754638671875
1.8671875,20.47956085205078
1.8828125,20.472854614257812
1.8984375,20.480308532714844
1.9140625,20.470993041992188
1.9296875,20.477325439453125
1.9453125,20.47882080078125
1.9609375,20.472854614257812
1.9765625,20.487380981445312
1.9921875,20.505645751953125
2.0078125,20.487380981445312
2.0234375,20.497817993164062
2.0390625,20.484405517578125
2.0546875,20.49334716796875
2.0703125,20.498558044433594
2.0859375,20.497817993164062
2.1015625,20.496322631835938
2.1171875,20.494461059570312
2.1328125,20.497817993164062
2.1484375,20.5037841796875
2.1640625,20.49707794189453
2.1796875,20.51197052001953
2.1953125,20.512344360351562
2.2109375,20.508255004882812
2.2265625,20.51458740234375
2.2421875,20.521286010742188
2.2578125,20.523147583007812
2.2734375,20.53321075439453
2.2890625,20.535079956054688
2.3046875,20.548110961914062
2.3203125,20.567855834960938
2.3359375,20.580528259277344
2.3515625,20.592079162597656
2.3671875,20.606231689453125
2.3828125,20.642745971679688
2.3984375,20.657272338867188
2.4140625,20.697509765625
2.4296875,20.717262268066406
2.4453125,20.746322631835938
2.4609375,20.76830291748047
2.4765625,20.821212768554688
2.4921875,20.83983612060547
2.5078125,20.881568908691406
2.5234375,20.912109375
2.5390625,20.948631286621094
2.5546875,20.967628479003906
2.5703125,21.017547607421875
2.5859375,21.052940368652344
2.6015625,21.093177795410156
2.6171875,21.124107360839844
2.6328125,21.132675170898438
2.6484375,21.19005584716797
2.6640625,21.21612548828125
2.6796875,21.247421264648438
2.6953125,21.291763305664062
2.7109375,21.31671905517578
2.7265625,21.34130859375
2.7421875,21.38080596923828
2.7578125,21.417694091796875
2.7734375,21.456069946289062
2.7890625,21.48773193359375
2.8046875,21.503379821777344
2.8203125,21.579383850097656
2.8359375,21.60584259033203
2.8515625,21.650917053222656
2.8671875,21.682586669921875
2.8828125,21.696372985839844
2.8984375,21.736976623535156
2.9140625,21.76715850830078
2.9296875,21.807769775390625
2.9453125,21.833480834960938
2.9609375,21.876693725585938
2.9765625,21.899795532226562
2.9921875,21.92401123046875
3.0078125,21.96685791015625
3.0234375,21.990699768066406
3.0390625,22.02386474609375
3.0546875,22.040992736816406
3.0703125,22.07080841064453
3.0859375,22.105453491210938
3.1015625,22.140106201171875
3.1171875,22.154632568359375
3.1328125,22.185928344726562
3.1484375,22.223556518554688
3.1640625,22.254112243652344
3.1796875,22.27758026123047
3.1953125,22.309616088867188
3.2109375,22.32862091064453
3.2265625,22.36065673828125
3.2421875,22.390838623046875
3.2578125,22.431076049804688
3.2734375,22.469825744628906
3.2890625,22.482864379882812
3.3046875,22.511550903320312
3.3203125,22.54619598388672
3.3359375,22.56072998046875
3.3515625,22.602462768554688
3.3671875,22.622955322265625
3.3828125,22.65386962890625
3.3984375,22.682937622070312
3.4140625,22.69373321533203
3.4296875,22.71013641357422
3.4453125,22.7716064453125
3.4609375,22.801406860351562
3.4765625,22.815567016601562
3.4921875,22.84686279296875
3.5078125,22.874801635742188
3.5234375,22.891571044921875
3.5390625,22.901626586914062
3.5546875,22.94409942626953
3.5703125,22.956771850585938
3.5859375,22.971298217773438
3.6015625,23.035751342773438
3.6171875,23.074127197265625
3.6328125,23.094253540039062
3.6484375,23.116226196289062
3.6640625,23.13634490966797
3.6796875,23.15833282470703
3.6953125,23.184043884277344
3.7109375,23.20490264892578
3.7265625,23.222412109375
3.7421875,23.252586364746094
3.7578125,23.259674072265625
3.7734375,23.292457580566406
3.7890625,23.309967041015625
3.8046875,23.3297119140625
3.8203125,23.34349822998047
3.8359375,23.360641479492188
3.8515625,23.385971069335938
3.8671875,23.39752197265625
3.8828125,23.428817749023438
3.8984375,23.432540893554688
3.9140625,23.451919555664062
3.9296875,23.470916748046875
3.9453125,23.46905517578125
3.9609375,23.489173889160156
3.9765625,23.50891876220703
3.9921875,23.517486572265625
4.0078125,23.541336059570312
4.0234375,23.554367065429688
4.0390625,23.571884155273438
4.0546875,23.5946044921875
4.0703125,23.596099853515625
4.0859375,23.615478515625
4.1015625,23.61919403076172
4.1171875,23.653106689453125
4.1328125,23.664657592773438
4.1484375,23.673965454101562
4.1640625,23.69519805908203
4.1796875,23.69110107421875
4.1953125,23.70563507080078
4.2109375,23.73432159423828
4.2265625,23.7659912109375
4.2421875,23.782012939453125
4.2578125,23.78461456298828
4.2734375,23.808090209960938
4.2890625,23.825607299804688
4.3046875,23.83342742919922
4.3203125,23.849441528320312
4.3359375,23.849441528320312
4.3515625,23.88037109375
4.3671875,23.89527130126953
4.3828125,23.896018981933594
4.3984375,23.921356201171875
4.4140625,23.924705505371094
4.4296875,23.947799682617188
4.4453125,23.95526123046875
4.4609375,23.98096466064453
4.4765625,23.98021697998047
4.4921875,23.990272521972656
4.5078125,24.008155822753906
4.5234375,24.021568298339844
4.5390625,24.0308837890625
4.5546875,24.055099487304688
4.5703125,24.061065673828125
4.5859375,24.072242736816406
4.6015625,24.08826446533203
4.6171875,24.093101501464844
4.6328125,24.096092224121094
4.6484375,24.11285400390625
4.6640625,24.128128051757812
4.6796875,24.14563751220703
4.6953125,24.147125244140625
4.7109375,24.16352081298828
4.7265625,24.160537719726562
4.7421875,24.16352081298828
4.7578125,24.192955017089844
4.7734375,24.200035095214844
4.7890625,24.208602905273438
4.8046875,24.2235107421875
4.8203125,24.23058319091797
4.8359375,24.239158630371094
4.8515625,24.257041931152344
4.8671875,24.25293731689453
4.8828125,24.26634979248047
4.8984375,24.278640747070312
4.9140625,24.26299285888672
4.9296875,24.286102294921875
4.9453125,24.283111572265625
4.9609375,24.310691833496094
4.9765625,24.30323028564453
4.9921875,24.330810546875
5.0078125,24.318878173828125
5.0234375,24.347572326660156
5.0390625,24.359115600585938
5.0546875,24.37029266357422
5.0703125,24.365081787109375
5.0859375,24.366943359375
5.1015625,24.378494262695312
5.1171875,24.39116668701172
5.1328125,24.394882202148438
5.1484375,24.400474548339844
5.1640625,24.406814575195312
5.1796875,24.415000915527344
5.1953125,24.404945373535156
5.2109375,24.39861297607422
5.2265625,24.396751403808594
5.2421875,24.378494262695312
5.2578125,24.39116668701172
5.2734375,24.39116668701172
5.2890625,24.385574340820312
5.3046875,24.375518798828125
5.3203125,24.35540008544922
5.3359375,24.353164672851562
5.3515625,24.349807739257812
5.3671875,24.3382568359375
5.3828125,24.317398071289062
5.3984375,24.29839324951172
5.4140625,24.268585205078125
5.4296875,24.261138916015625
5.4453125,24.24921417236328
5.4609375,24.23169708251953
5.4765625,24.2164306640625
5.4921875,24.200035095214844
5.5078125,24.171340942382812
5.5234375,24.15234375
5.5390625,24.136695861816406
5.5546875,24.13036346435547
5.5703125,24.119186401367188
5.5859375,24.09124755859375
5.6015625,24.066650390625
5.6171875,24.043182373046875
5.6328125,24.028274536132812
5.6484375,24.0018310546875
5.6640625,23.99884796142578
5.6796875,23.974624633789062
5.6953125,23.939613342285156
5.7109375,23.918739318847656
5.7265625,23.897140502929688
5.7421875,23.88446807861328
5.7578125,23.86658477783203
5.7734375,23.852432250976562
5.7890625,23.83416748046875
5.8046875,23.8162841796875
5.8203125,23.798782348632812
5.8359375,23.771202087402344
5.8515625,23.73432159423828
5.8671875,23.725379943847656
5.8828125,23.704513549804688
5.8984375,23.69036102294922
5.9140625,23.677688598632812
5.9296875,23.65943145751953
5.9453125,23.646018981933594
5.9609375,23.627769470214844
5.9765625,23.599830627441406
5.9921875,23.58678436279297
6.0078125,23.57635498046875
6.0234375,23.538352966308594
6.0390625,23.523452758789062
6.0546875,23.50891876220703
6.0703125,23.503326416015625
6.0859375,23.482093811035156
6.1015625,23.46123504638672
6.1171875,23.45824432373047
6.1328125,23.45526885986328
6.1484375,23.420623779296875
6.1640625,23.420997619628906
6.1796875,23.418006896972656
6.1953125,23.39788818359375
6.2109375,23.381500244140625
6.2265625,23.375167846679688
6.2421875,23.356910705566406
6.2578125,23.345733642578125
6.2734375,23.341636657714844
6.2890625,23.33641815185547
6.3046875,23.322265625
6.3203125,23.292457580566406
6.3359375,23.30773162841797
6.3515625,23.278297424316406
6.3671875,23.266754150390625
6.3828125,23.249610900878906
6.3984375,23.24811553955078
6.4140625,23.24327850341797
6.4296875,23.232101440429688
6.4453125,23.21868896484375
6.4609375,23.213104248046875
6.4765625,23.201553344726562
6.4921875,23.200057983398438
6.5078125,23.19335174560547
6.5234375,23.18999481201172
6.5390625,23.16466522216797
6.5546875,23.160194396972656
6.5703125,23.156845092773438
6.5859375,23.144920349121094
6.6015625,23.143051147460938
6.6171875,23.127037048339844
6.6328125,23.120330810546875
6.6484375,23.11548614501953
6.6640625,23.099464416503906
6.6796875,23.106544494628906
6.6953125,23.101333618164062
6.7109375,23.089401245117188
6.7265625,23.0789794921875
6.7421875,23.07562255859375
6.7578125,23.062576293945312
6.7734375,23.077110290527344
6.7890625,23.058860778808594
6.8046875,23.049163818359375
6.8203125,23.0361328125
6.8359375,23.035751342773438
6.8515625,23.02606964111328
6.8671875,23.030540466308594
6.8828125,23.013397216796875
6.8984375,23.013397216796875
6.9140625,22.994773864746094
6.9296875,22.987327575683594
6.9453125,22.983970642089844
6.9609375,22.984336853027344
6.9765625,22.984710693359375
6.9921875,22.98322296142578
7.0078125,22.969810485839844
7.0234375,22.962356567382812
7.0390625,22.954910278320312
7.0546875,22.95379638671875
7.0703125,22.94409942626953
7.0859375,22.956031799316406
7.1015625,22.937774658203125
7.1171875,22.947830200195312
7.1328125,22.938888549804688
7.1484375,22.931808471679688
7.1640625,22.916908264160156
7.1796875,22.92621612548828
7.1953125,22.919891357421875
7.2109375,22.9146728515625
7.2265625,22.909088134765625
7.2421875,22.909088134765625
7.2578125,22.91168975830078
7.2734375,22.891571044921875
7.2890625,22.897537231445312
7.3046875,22.895294189453125
7.3203125,22.90088653564453
7.3359375,22.891571044921875
7.3515625,22.877792358398438
7.3671875,22.88300323486328
7.3828125,22.87555694580078
7.3984375,22.883377075195312
7.4140625,22.87592315673828
7.4296875,22.86846923828125
7.4453125,22.872940063476562
7.4609375,22.874061584472656
7.4765625,22.87220001220703
7.4921875,22.874061584472656
7.5078125,22.867355346679688
7.5234375,22.8431396484375
7.5390625,22.85431671142578
7.5546875,22.85431671142578
7.5703125,22.856178283691406
7.5859375,22.84984588623047
7.6015625,22.83643341064453
7.6171875,22.845001220703125
7.6328125,22.837921142578125
7.6484375,22.821151733398438
7.6640625,22.830093383789062
7.6796875,22.822647094726562
7.6953125,22.837554931640625
7.7109375,22.8148193359375
7.7265625,22.816680908203125
7.7421875,22.811843872070312
7.7578125,22.81109619140625
7.7734375,22.813331604003906
7.7890625,22.8148193359375
7.8046875,22.806625366210938
7.8203125,22.81109619140625
7.8359375,22.80438995361328
7.8515625,22.795082092285156
7.8671875,22.81743621826172
7.8828125,22.802154541015625
7.8984375,22.809234619140625
7.9140625,22.790237426757812
7.9296875,22.80103302001953
7.9453125,22.801406860351562
7.9609375,22.78240966796875
7.9765625,22.780914306640625
7.9921875,22.78948974609375
8.0078125,22.78614044189453
8.0234375,22.776824951171875
8.0390625,22.78278350830078
8.0546875,22.770492553710938
8.0703125,22.784645080566406
8.0859375,22.75782012939453
8.1015625,22.77496337890625
8.1171875,22.766761779785156
8.1328125,22.766761779785156
8.1484375,22.76042938232422
8.1640625,22.756698608398438
8.1796875,22.759315490722656
8.1953125,22.766761779785156
8.2109375,22.759315490722656
8.2265625,22.754470825195312
8.2421875,22.76042938232422
8.2578125,22.752609252929688
8.2734375,22.74738311767578
8.2890625,22.74664306640625
8.3046875,22.745529174804688
8.3203125,22.738075256347656
8.3359375,22.743667602539062
8.3515625,22.73546600341797
8.3671875,22.73546600341797
8.3828125,22.7213134765625
8.3984375,22.7213134765625
8.4140625,22.727645874023438
8.4296875,22.71013641357422
8.4453125,22.725784301757812
8.4609375,22.712371826171875
8.4765625,22.7142333984375
8.4921875,22.7142333984375
8.5078125,22.708641052246094
8.5234375,22.701194763183594
8.5390625,22.708641052246094
8.5546875,22.694488525390625
8.5703125,22.703048706054688
8.5859375,22.70379638671875
8.6015625,22.697463989257812
8.6171875,22.702674865722656
8.6328125,22.694488525390625
8.6484375,22.690757751464844
8.6640625,22.694488525390625
8.6796875,22.697463989257812
8.6953125,22.70379638671875
8.7109375,22.69635009765625
8.7265625,22.680694580078125
8.7421875,22.683677673339844
8.7578125,22.68628692626953
8.7734375,22.690017700195312
8.7890625,22.676223754882812
8.8046875,22.670265197753906
8.8203125,22.67436981201172
8.8359375,22.6859130859375
8.8515625,22.686660766601562
8.8671875,22.679954528808594
8.8828125,22.685165405273438
8.8984375,22.688148498535156
8.9140625,22.678085327148438
8.9296875,22.670639038085938
8.9453125,22.67884063720703
8.9609375,22.661697387695312
8.9765625,22.686660766601562
8.9921875,22.673995971679688
9.0078125,22.67584991455078
9.0234375,22.6859130859375
9.0390625,22.665054321289062
9.0546875,22.67436981201172
9.0703125,22.670639038085938
9.0859375,22.66393280029297
9.1015625,22.666542053222656
9.1171875,22.663558959960938
9.1328125,22.678085327148438
9.1484375,22.665054321289062
9.1640625,22.65685272216797
9.1796875,22.663192749023438
9.1953125,22.658721923828125
9.2109375,22.666908264160156
9.2265625,22.66095733642578
9.2421875,22.659835815429688
9.2578125,22.65685272216797
9.2734375,22.65796661376953
9.2890625,22.652755737304688
9.3046875,22.662811279296875
9.3203125,22.65349578857422
9.3359375,22.648658752441406
9.3515625,22.650146484375
9.3671875,22.641204833984375
9.3828125,22.642318725585938
9.3984375,22.649398803710938
9.4140625,22.64678955078125
9.4296875,22.65685272216797
9.4453125,22.65685272216797
9.4609375,22.6497802734375
9.4765625,22.63934326171875
9.4921875,22.641204833984375
9.5078125,22.63934326171875
9.5234375,22.633010864257812
9.5390625,22.624435424804688
9.5546875,22.645675659179688
9.5703125,22.626304626464844
9.5859375,22.633010864257812
9.6015625,22.634872436523438
9.6171875,22.62519073486328
9.6328125,22.634872436523438
9.6484375,22.6214599609375
9.6640625,22.637481689453125
9.6796875,22.623695373535156
9.6953125,22.623695373535156
9.7109375,22.6214599609375
9.7265625,22.62555694580078
9.7421875,22.615127563476562
9.7578125,22.619224548339844
9.7734375,22.600967407226562
9.7890625,22.613632202148438
9.8046875,22.602462768554688
9.8203125,22.5927734375
9.8359375,22.58643341064453
9.8515625,22.58643341064453
9.8671875,22.5927734375
9.8828125,22.583084106445312
9.8984375,22.580108642578125
9.9140625,22.581222534179688
9.9296875,22.584579467773438
9.9453125,22.581222534179688
9.9609375,22.581222534179688
9.9765625,22.57190704345703
9.9921875,22.580108642578125
10.0078125,22.570419311523438
10.0234375,22.577491760253906
10.0390625,22.5711669921875
10.0546875,22.581222534179688
10.0703125,22.572654724121094
10.0859375,22.56036376953125
10.1015625,22.559982299804688
10.1171875,22.56036376953125
10.1328125,22.56036376953125
10.1484375,22.559982299804688
10.1640625,22.554771423339844
10.1796875,22.55030059814453
10.1953125,22.538375854492188
10.2109375,22.544342041015625
10.2265625,22.55663299560547
10.2421875,22.541358947753906
10.2578125,22.534278869628906
10.2734375,22.55066680908203
10.2890625,22.55066680908203
10.3046875,22.541358947753906
10.3203125,22.52831268310547
10.3359375,22.52831268310547
10.3515625,22.534278869628906
10.3671875,22.524215698242188
10.3828125,22.527572631835938
10.3984375,22.524215698242188
10.4140625,22.523475646972656
10.4296875,22.5286865234375
10.4453125,22.518630981445312
10.4609375,22.51342010498047
10.4765625,22.524215698242188
10.4921875,22.522361755371094
10.5078125,22.53130340576172
10.5234375,22.520492553710938
10.5390625,22.519371032714844
10.5546875,22.516395568847656
10.5703125,22.516395568847656
10.5859375,22.522361755371094
10.6015625,22.517135620117188
10.6171875,22.523475646972656
10.6328125,22.51453399658203
10.6484375,22.524215698242188
10.6640625,22.52831268310547
10.6796875,22.545455932617188
10.6953125,22.554397583007812
10.7109375,22.570419311523438
10.7265625,22.577865600585938
10.7421875,22.60730743408203
10.7578125,22.634132385253906
10.7734375,22.641952514648438
10.7890625,22.670639038085938
10.8046875,22.704910278320312
10.8203125,22.73993682861328
10.8359375,22.784645080566406
10.8515625,22.84686279296875
10.8671875,22.877792358398438
10.8828125,22.9146728515625
10.8984375,22.947830200195312
10.9140625,22.980239868164062
10.9296875,23.013397216796875
10.9453125,23.059974670410156
10.9609375,23.098724365234375
10.9765625,23.13262939453125
10.9921875,23.187393188476562
11.0078125,23.21086883544922
11.0234375,23.250732421875
11.0390625,23.2864990234375
11.0546875,23.31928253173828
11.0703125,23.353179931640625
11.0859375,23.40087890625
11.1015625,23.435890197753906
11.1171875,23.467559814453125
11.1328125,23.50891876220703
11.1484375,23.546546936035156
11.1640625,23.57598114013672
11.1796875,23.602066040039062
11.1953125,23.646774291992188
11.2109375,23.677688598632812
11.2265625,23.713836669921875
11.2421875,23.749221801757812
11.2578125,23.779029846191406
11.2734375,23.817031860351562
11.2890625,23.85614776611328
11.3046875,23.881858825683594
11.3203125,23.911666870117188
11.3359375,23.937744140625
11.3515625,23.969039916992188
11.3671875,23.997360229492188
11.3828125,24.025672912597656
11.3984375,24.066650390625
11.4140625,24.09124755859375
11.4296875,24.131103515625
11.4453125,24.185874938964844
11.4609375,24.21307373046875
11.4765625,24.23468780517578
11.4921875,24.26634979248047
11.5078125,24.285720825195312
11.5234375,24.32781982421875
11.5390625,24.335647583007812
11.5546875,24.363967895507812
11.5703125,24.400474548339844
11.5859375,24.418357849121094
11.6015625,24.429908752441406
11.6171875,24.457855224609375
11.6328125,24.503677368164062
11.6484375,24.53571319580078
11.6640625,24.555465698242188
11.6796875,24.57036590576172
11.6953125,24.596450805664062
11.7109375,24.629974365234375
11.7265625,24.650474548339844
11.7421875,24.680648803710938
11.7578125,24.685867309570312
11.7734375,24.708961486816406
11.7890625,24.73578643798828
11.8046875,24.74584197998047
11.8203125,24.772666931152344
11.8359375,24.815139770507812
11.8515625,24.82781219482422
11.8671875,24.836753845214844
11.8828125,24.86060333251953
11.8984375,24.884071350097656
11.9140625,24.908660888671875
11.9296875,24.91722869873047
11.9453125,24.947402954101562
11.9609375,24.94554901123047
11.9765625,24.962310791015625
11.9921875,24.997329711914062
12.0078125,25.015960693359375
12.0234375,25.040550231933594
12.0390625,25.049118041992188
12.0546875,25.074447631835938
12.0703125,25.08861541748047
12.0859375,25.113571166992188
12.1015625,25.134063720703125
12.1171875,25.130706787109375
12.1328125,25.159027099609375
12.1484375,25.176162719726562
12.1640625,25.199630737304688
12.1796875,25.217147827148438
12.1953125,25.23577880859375
12.2109375,25.247695922851562
12.2265625,25.25738525390625
12.2421875,25.296127319335938
12.2578125,25.30469512939453
12.2734375,25.326309204101562
12.2890625,25.35834503173828
12.3046875,25.36505126953125
12.3203125,25.387039184570312
12.3359375,25.410140991210938
12.3515625,25.426902770996094
12.3671875,25.43323516845703
12.3828125,25.447021484375
12.3984375,25.467880249023438
12.4140625,25.47869110107422
12.4296875,25.487998962402344
12.4453125,25.524520874023438
12.4609375,25.55506134033203
12.4765625,25.556930541992188
12.4921875,25.56810760498047
12.5078125,25.60126495361328
12.5234375,25.599769592285156
12.5390625,25.61206817626953
12.5546875,25.631820678710938
12.5703125,25.663116455078125
12.5859375,25.66236114501953
12.6015625,25.673538208007812
12.6171875,25.69812774658203
12.6328125,25.710800170898438
12.6484375,25.735015869140625
12.6640625,25.741355895996094
12.6796875,25.7689208984375
12.6953125,25.777862548828125
12.7109375,25.799842834472656
12.7265625,25.812889099121094
12.7421875,25.834487915039062
12.7578125,25.83709716796875
12.7734375,25.853492736816406
12.7890625,25.85907745361328
12.8046875,25.899688720703125
12.8203125,25.89336395263672
12.8359375,25.913482666015625
12.8515625,25.927635192871094
12.8671875,25.932479858398438
12.8828125,25.941787719726562
12.8984375,25.970481872558594
12.9140625,25.970481872558594
12.9296875,25.982406616210938
12.9453125,25.991722106933594
12.9609375,26.014816284179688
12.9765625,26.025253295898438
12.9921875,26.022262573242188
13.0078125,26.032699584960938
13.0234375,26.045372009277344
13.0390625,26.05915069580078
13.0546875,26.07964324951172
13.0703125,26.087844848632812
13.0859375,26.098648071289062
13.1015625,26.110939025878906
13.1171875,26.12696075439453
13.1328125,26.128082275390625
13.1484375,26.13702392578125
13.1640625,26.149314880371094
13.1796875,26.172409057617188
13.1953125,26.17986297607422
13.2109375,26.185447692871094
13.2265625,26.19849395751953
13.2421875,26.202964782714844
13.2578125,26.230911254882812
13.2734375,26.259597778320312
13.2890625,26.25102996826172
13.3046875,26.263320922851562
13.3203125,26.27635955810547
13.3359375,26.28827667236328
13.3515625,26.29126739501953
13.3671875,26.30615997314453
13.3828125,26.31212615966797
13.3984375,26.31622314453125
13.4140625,26.326278686523438
13.4296875,26.328147888183594
13.4453125,26.34491729736328
13.4609375,26.351242065429688
13.4765625,26.36614990234375
13.4921875,26.363914489746094
13.5078125,26.383285522460938
13.5234375,26.39893341064453
13.5390625,26.39073944091797
13.5546875,26.399307250976562
13.5703125,26.410110473632812
13.5859375,26.421661376953125
13.6015625,26.42650604248047
13.6171875,26.433578491210938
13.6328125,26.453697204589844
13.6484375,26.45892333984375
13.6640625,26.467864990234375
13.6796875,26.464874267578125
13.6953125,26.475311279296875
13.7109375,26.482757568359375
13.7265625,26.49542999267578
13.7421875,26.490585327148438
13.7578125,26.486488342285156
13.7734375,26.495803833007812
13.7890625,26.50213623046875
13.8046875,26.496551513671875
13.8203125,26.488723754882812
13.8359375,26.488723754882812
13.8515625,26.496551513671875
13.8671875,26.48834991455078
13.8828125,26.47381591796875
13.8984375,26.461524963378906
13.9140625,26.43730926513672
13.9296875,26.436569213867188
13.9453125,26.436187744140625
13.9609375,26.396331787109375
13.9765625,26.392601013183594
13.9921875,26.39893341064453
14.0078125,26.374343872070312
14.0234375,26.351242065429688
14.0390625,26.325164794921875
14.0546875,26.316970825195312
14.0703125,26.28716278076172
14.0859375,26.239852905273438
14.1015625,26.221588134765625
14.1171875,26.197006225585938
14.1328125,26.184707641601562
14.1484375,26.156768798828125
14.1640625,26.139625549316406
14.1796875,26.112060546875
14.1953125,26.096786499023438
14.2109375,26.066604614257812
14.2265625,26.053192138671875
14.2421875,26.025253295898438
14.2578125,26.006614685058594
14.2734375,25.985015869140625
14.2890625,25.960426330566406
14.3046875,25.936203002929688
14.3203125,25.918319702148438
14.3359375,25.87995147705078
14.3515625,25.876220703125
14.3671875,25.85796356201172
14.3828125,25.853492736816406
14.3984375,25.80878448486328
14.4140625,25.79798126220703
14.4296875,25.791648864746094
14.4453125,25.75177764892578
14.4609375,25.75103759765625
14.4765625,25.71936798095703
14.4921875,25.699996948242188
14.5078125,25.68695068359375
14.5234375,25.67279815673828
14.5390625,25.667205810546875
14.5546875,25.660507202148438
14.5703125,25.61914825439453
14.5859375,25.600143432617188
14.6015625,25.60052490234375
14.6171875,25.59679412841797
14.6328125,25.56810760498047
14.6484375,25.548355102539062
14.6640625,25.544639587402344
14.6796875,25.517440795898438
14.6953125,25.49657440185547
14.7109375,25.494705200195312
14.7265625,25.490989685058594
14.7421875,25.467880249023438
14.7578125,25.463043212890625
14.7734375,25.454849243164062
14.7890625,25.42951202392578
14.8046875,25.432113647460938
14.8203125,25.4183349609375
14.8359375,25.41199493408203
14.8515625,25.417221069335938
14.8671875,25.395233154296875
14.8828125,25.37884521484375
14.8984375,25.366920471191406
14.9140625,25.349777221679688
14.9296875,25.332275390625
14.9453125,25.32854461669922
14.9609375,25.328170776367188
14.9765625,25.30321502685547
14.9921875,25.303955078125
15.0078125,25.28980255126953
15.0234375,25.28569793701172
15.0390625,25.283096313476562
15.0546875,25.2681884765625
15.0703125,25.265213012695312
15.0859375,25.247695922851562
15.1015625,25.25067901611328
15.1171875,25.238754272460938
15.1328125,25.23204803466797
15.1484375,25.21826934814453
15.1640625,25.21826934814453
15.1796875,25.2037353515625
15.1953125,25.205223083496094
15.2109375,25.192184448242188
15.2265625,25.21379852294922
15.2421875,25.184738159179688
15.2578125,25.189208984375
15.2734375,25.169090270996094
15.2890625,25.154922485351562
15.3046875,25.165733337402344
15.3203125,25.14374542236328
15.3359375,25.147476196289062
15.3515625,25.12921905517578
15.3671875,25.1251220703125
15.3828125,25.12176513671875
15.3984375,25.116920471191406
15.4140625,25.097923278808594
15.4296875,25.0968017578125
15.4453125,25.08861541748047
15.4609375,25.077804565429688
15.4765625,25.059555053710938
15.4921875,25.05768585205078
15.5078125,25.041671752929688
15.5234375,25.040176391601562
15.5390625,25.01744842529297
15.5546875,25.015960693359375
15.5703125,25.001800537109375
15.5859375,24.972373962402344
15.6015625,24.958206176757812
15.6171875,24.961563110351562
15.6328125,24.938461303710938
15.6484375,24.953369140625
15.6640625,24.927291870117188
15.6796875,24.929519653320312
15.6953125,24.916107177734375
15.7109375,24.908660888671875
15.7265625,24.9034423828125
15.7421875,24.90679168701172
15.7578125,24.903076171875
15.7734375,24.889663696289062
15.7890625,24.865074157714844
15.8046875,24.877731323242188
15.8203125,24.86060333251953
15.8359375,24.858367919921875
15.8515625,24.859848022460938
15.8671875,24.84308624267578
15.8828125,24.8460693359375
15.8984375,24.855758666992188
15.9140625,24.841598510742188
15.9296875,24.828933715820312
15.9453125,24.837875366210938
15.9609375,24.833023071289062
15.9765625,24.833778381347656
15.9921875,24.824081420898438
16.0078125,24.8177490234375
16.0234375,24.815139770507812
16.0390625,24.80359649658203
16.0546875,24.79912567138672
16.0703125,24.814773559570312
16.0859375,24.7957763671875
16.1015625,24.7957763671875
16.1171875,24.787948608398438
16.1328125,24.78160858154297
16.1484375,24.788314819335938
16.1640625,24.77490234375
16.1796875,24.770431518554688
16.1953125,24.786453247070312
16.2109375,24.78607940673828
16.2265625,24.76819610595703
16.2421875,24.761871337890625
16.2578125,24.777511596679688
16.2734375,24.74212646484375
16.2890625,24.74994659423828
16.3046875,24.75627899169922
16.3203125,24.75701904296875
16.3359375,24.751808166503906
16.3515625,24.744361877441406
16.3671875,24.743240356445312
16.3828125,24.748458862304688
16.3984375,24.729454040527344
16.4140625,24.72088623046875
16.4296875,24.719017028808594
16.4453125,24.708595275878906
16.4609375,24.71044921875
16.4765625,24.711570739746094
16.4921875,24.716781616210938
16.5078125,24.697784423828125
16.5234375,24.6959228515625
16.5390625,24.67766571044922
16.5546875,24.690338134765625
16.5703125,24.68177032470703
16.5859375,24.667984008789062
16.6015625,24.671707153320312
16.6171875,24.667236328125
16.6328125,24.6527099609375
16.6484375,24.666488647460938
16.6640625,24.640411376953125
16.6796875,24.641159057617188
16.6953125,24.632591247558594
16.7109375,24.647857666015625
16.7265625,24.63109588623047
16.7421875,24.632957458496094
16.7578125,24.6314697265625
16.7734375,24.612838745117188
16.7890625,24.60613250732422
16.8046875,24.60277557373047
16.8203125,24.608001708984375
16.8359375,24.601661682128906
16.8515625,24.58824920654297
16.8671875,24.59197998046875
16.8828125,24.58154296875
16.8984375,24.576324462890625
16.9140625,24.582290649414062
16.9296875,24.567764282226562
16.9453125,24.56664276123047
16.9609375,24.577072143554688
16.9765625,24.57036590576172
16.9921875,24.562911987304688
17.0078125,24.562911987304688
17.0234375,24.560684204101562
17.0390625,24.55248260498047
17.0546875,24.5528564453125
17.0703125,24.55658721923828
17.0859375,24.558441162109375
17.1015625,24.537582397460938
17.1171875,24.548385620117188
17.1328125,24.54912567138672
17.1484375,24.557701110839844
17.1640625,24.55211639404297
17.1796875,24.55211639404297
17.1953125,24.551742553710938
17.2109375,24.546524047851562
17.2265625,24.540939331054688
17.2421875,24.543914794921875
17.2578125,24.551742553710938
17.2734375,24.542800903320312
17.2890625,24.554351806640625
17.3046875,24.54241943359375
17.3203125,24.53459930419922
17.3359375,24.542800903320312
17.3515625,24.522674560546875
17.3671875,24.52752685546875
17.3828125,24.538330078125
17.3984375,24.529762268066406
17.4140625,24.53534698486328
17.4296875,24.520065307617188
17.4453125,24.52044677734375
17.4609375,24.507034301757812
17.4765625,24.508522033691406
17.4921875,24.508522033691406
17.5078125,24.498092651367188
17.5234375,24.493240356445312
17.5390625,24.496597290039062
17.5546875,24.501441955566406
17.5703125,24.48505401611328
17.5859375,24.489524841308594
17.6015625,24.473495483398438
17.6171875,24.46753692626953
17.6328125,24.469406127929688
17.6484375,24.462326049804688
17.6640625,24.46381378173828
17.6796875,24.44891357421875
17.6953125,24.453758239746094
17.7109375,24.432518005371094
17.7265625,24.429534912109375
17.7421875,24.42431640625
17.7578125,24.417236328125
17.7734375,24.410903930664062
17.7890625,24.40643310546875
17.8046875,24.40643310546875
17.8203125,24.39600372314453
17.8359375,24.39116668701172
17.8515625,24.3814697265625
17.8671875,24.389297485351562
17.8828125,24.375518798828125
17.8984375,24.372161865234375
17.9140625,24.372161865234375
17.9296875,24.357635498046875
17.9453125,24.358749389648438
17.9609375,24.343467712402344
17.9765625,24.351295471191406
17.9921875,24.336021423339844
18.0078125,24.34161376953125
18.0234375,24.33452606201172
18.0390625,24.337142944335938
18.0546875,24.31999969482422
18.0703125,24.32447052001953
18.0859375,24.333412170410156
18.1015625,24.32745361328125
18.1171875,24.321868896484375
18.1328125,24.322982788085938
18.1484375,24.317398071289062
18.1640625,24.31329345703125
18.1796875,24.329689025878906
18.1953125,24.326705932617188
18.2109375,24.337142944335938
18.2265625,24.343841552734375
18.2421875,24.3665771484375
18.2578125,24.36992645263672
18.2734375,24.368812561035156
18.2890625,24.385574340820312
18.3046875,24.401222229003906
18.3203125,24.429534912109375
18.3359375,24.47759246826172
18.3515625,24.471641540527344
18.3671875,24.507034301757812
18.3828125,24.53124237060547
18.3984375,24.565895080566406
18.4140625,24.59532928466797
18.4296875,24.630355834960938
18.4453125,24.651214599609375
18.4609375,24.682510375976562
18.4765625,24.71343231201172
18.4921875,24.760009765625
18.5078125,24.787948608398438
18.5234375,24.822219848632812
18.5390625,24.841598510742188
18.5546875,24.88593292236328
18.5703125,24.91796875
18.5859375,24.954856872558594
18.6015625,24.990997314453125
18.6171875,25.0107421875
18.6328125,25.044273376464844
18.6484375,25.072967529296875
18.6640625,25.102027893066406
18.6796875,25.13555908203125
18.6953125,25.145240783691406
18.7109375,25.204483032226562
18.7265625,25.21826934814453
18.7421875,25.230186462402344
18.7578125,25.262977600097656
18.7734375,25.28644561767578
18.7890625,25.327049255371094
18.8046875,25.349037170410156
18.8203125,25.385169982910156
18.8359375,25.40007781982422
18.8515625,25.419456481933594
18.8671875,25.452987670898438
18.8828125,25.489120483398438
18.8984375,25.498809814453125
18.9140625,25.52265167236328
18.9296875,25.556930541992188
18.9453125,25.574440002441406
18.9609375,25.60387420654297
18.9765625,25.63256072998047
18.9921875,25.66124725341797
19.0078125,25.680999755859375
19.0234375,25.69068145751953
19.0390625,25.714157104492188
19.0546875,25.74395751953125
19.0703125,25.756248474121094
19.0859375,25.766311645507812
19.1015625,25.807296752929688
19.1171875,25.824066162109375
19.1328125,25.8330078125
19.1484375,25.85833740234375
19.1640625,25.87286376953125
19.1796875,25.87659454345703
19.1953125,25.900070190429688
19.2109375,25.91943359375
19.2265625,25.934341430664062
19.2421875,25.95185089111328
19.2578125,25.985755920410156
19.2734375,25.987991333007812
19.2890625,26.004379272460938
19.3046875,26.0267333984375
19.3203125,26.052818298339844
19.3359375,26.061019897460938
19.3515625,26.075546264648438
19.3671875,26.091934204101562
19.3828125,26.106468200683594
19.3984375,26.120620727539062
19.4140625,26.14373016357422
19.4296875,26.159378051757812
19.4453125,26.160491943359375
19.4609375,26.186203002929688
19.4765625,26.202964782714844
19.4921875,26.214508056640625
19.5078125,26.24432373046875
19.5234375,26.249160766601562
19.5390625,26.261451721191406
19.5546875,26.27635955810547
19.5703125,26.289772033691406
19.5859375,26.300209045410156
19.6015625,26.30951690673828
19.6171875,26.33782958984375
19.6328125,26.360565185546875
19.6484375,26.357208251953125
19.6640625,26.37621307373047
19.6796875,26.382537841796875
19.6953125,26.378067016601562
19.7109375,26.385894775390625
19.7265625,26.401168823242188
19.7421875,26.413833618164062
19.7578125,26.420921325683594
19.7734375,26.433578491210938
19.7890625,26.457054138183594
19.8046875,26.465255737304688
19.8203125,26.460784912109375
19.8359375,26.482757568359375
19.8515625,26.492080688476562
19.8671875,26.500274658203125
19.8828125,26.50586700439453
19.8984375,26.508468627929688
19.9140625,26.52001953125
19.9296875,26.52001953125
19.9453125,26.53716278076172
19.9609375,26.532691955566406
19.9765625,26.549819946289062
19.9921875,26.557281494140625
20.0078125,26.57329559326172
20.0234375,26.585586547851562
20.0390625,26.59192657470703
20.0546875,26.59117889404297
20.0703125,26.58745574951172
20.0859375,26.599754333496094
20.1015625,26.608322143554688
20.1171875,26.61017608642578
20.1328125,26.625083923339844
20.1484375,26.62657928466797
20.1640625,26.626205444335938
20.1796875,26.64110565185547
20.1953125,26.650787353515625
20.2109375,26.650787353515625
20.2265625,26.653030395507812
20.2421875,26.654144287109375
20.2578125,26.679855346679688
20.2734375,26.671287536621094
20.2890625,26.67352294921875
20.3046875,26.68134307861328
20.3203125,26.68506622314453
20.3359375,26.694381713867188
20.3515625,26.68804931640625
20.3671875,26.682083129882812
20.3828125,26.701087951660156
20.3984375,26.701828002929688
20.4140625,26.706680297851562
20.4296875,26.72046661376953
20.4453125,26.723068237304688
20.4609375,26.723068237304688
20.4765625,26.706680297851562
20.4921875,26.72381591796875
20.5078125,26.72381591796875
20.5234375,26.737228393554688
20.5390625,26.74169921875
20.5546875,26.74132537841797
20.5703125,26.751007080078125
20.5859375,26.771499633789062
20.6015625,26.7703857421875
20.6171875,26.767776489257812
20.6328125,26.778953552246094
20.6484375,26.787155151367188
20.6640625,26.772994995117188
20.6796875,26.790130615234375
20.6953125,26.775230407714844
20.7109375,26.78417205810547
20.7265625,26.782302856445312
20.7421875,26.790878295898438
20.7578125,26.780441284179688
20.7734375,26.78826904296875
20.7890625,26.799819946289062
20.8046875,26.803176879882812
20.8203125,26.807266235351562
20.8359375,26.796096801757812
20.8515625,26.82030487060547
20.8671875,26.801681518554688
20.8828125,26.82030487060547
20.8984375,26.82329559326172
20.9140625,26.825149536132812
20.9296875,26.82403564453125
20.9453125,26.836334228515625
20.9609375,26.825149536132812
20.9765625,26.833351135253906
20.9921875,26.843032836914062
21.0078125,26.84564971923828
21.0234375,26.846389770507812
21.0390625,26.851600646972656
21.0546875,26.853469848632812
21.0703125,26.860916137695312
21.0859375,26.871353149414062
21.1015625,26.872474670410156
21.1171875,26.87731170654297
21.1328125,26.868370056152344
21.1484375,26.87694549560547
21.1640625,26.88141632080078
21.1796875,26.87731170654297
21.1953125,26.884017944335938
21.2109375,26.900779724121094
21.2265625,26.89556884765625
21.2421875,26.904510498046875
21.2578125,26.904510498046875
21.2734375,26.92015838623047
21.2890625,26.929100036621094
21.3046875,26.92388916015625
21.3203125,26.941390991210938
21.3359375,26.927978515625
21.3515625,26.943252563476562
21.3671875,26.958534240722656
21.3828125,26.952194213867188
21.3984375,26.958900451660156
21.4140625,26.965988159179688
21.4296875,26.965988159179688
21.4453125,26.98871612548828
21.4609375,26.987220764160156
21.4765625,27.004730224609375
21.4921875,27.007713317871094
21.5078125,27.011810302734375
21.5234375,27.00249481201172
21.5390625,27.015541076660156
21.5546875,27.029319763183594
21.5703125,27.02783203125
21.5859375,27.03453826904297
21.6015625,27.04608154296875
21.6171875,27.051307678222656
21.6328125,27.047576904296875
21.6484375,27.05614471435547
21.6640625,27.062103271484375
21.6796875,27.07849884033203
21.6953125,27.071792602539062
21.7109375,27.08892822265625
21.7265625,27.100486755371094
21.7421875,27.08818817138672
21.7578125,27.08184814453125
21.7734375,27.094894409179688
21.7890625,27.09601593017578
21.8046875,27.113525390625
21.8203125,27.11687469482422
21.8359375,27.11724853515625
21.8515625,27.13178253173828
21.8671875,27.133636474609375
21.8828125,27.148170471191406
21.8984375,27.15338134765625
21.9140625,27.161582946777344
21.9296875,27.158607482910156
21.9453125,27.16307830810547
21.9609375,27.159347534179688
21.9765625,27.166793823242188
21.9921875,27.18244171142578
22.0078125,27.176856994628906
22.0234375,27.183937072753906
22.0390625,27.194374084472656
22.0546875,27.194374084472656
22.0703125,27.187286376953125
22.0859375,27.20032501220703
22.1015625,27.220077514648438
22.1171875,27.21784210205078
22.1328125,27.23497772216797
22.1484375,27.241317749023438
22.1640625,27.24652862548828
22.1796875,27.252120971679688
22.1953125,27.24578857421875
22.2109375,27.2640380859375
22.2265625,27.250259399414062
22.2421875,27.263671875
22.2578125,27.269622802734375
22.2734375,27.261436462402344
22.2890625,27.27037811279297
22.3046875,27.282669067382812
22.3203125,27.286392211914062
22.3359375,27.2994384765625
22.3515625,27.30614471435547
22.3671875,27.32103729248047
22.3828125,27.315086364746094
22.3984375,27.32514190673828
22.4140625,27.320297241210938
22.4296875,27.32476806640625
22.4453125,27.330734252929688
22.4609375,27.338180541992188
22.4765625,27.320297241210938
22.4921875,27.32103729248047
22.5078125,27.32439422607422
22.5234375,27.334449768066406
22.5390625,27.315086364746094
22.5546875,27.32103729248047
22.5703125,27.29309844970703
22.5859375,27.2994384765625
22.6015625,27.290115356445312
22.6171875,27.291236877441406
22.6328125,27.283035278320312
22.6484375,27.27185821533203
22.6640625,27.26702117919922
22.6796875,27.25397491455078
22.6953125,27.245407104492188
22.7109375,27.211502075195312
22.7265625,27.198089599609375
22.7421875,27.18878173828125
22.7578125,27.17797088623047
22.7734375,27.169403076171875
22.7890625,27.13214874267578
22.8046875,27.15003204345703
22.8203125,27.136619567871094
22.8359375,27.10942840576172
22.8515625,27.091171264648438
22.8671875,27.069190979003906
22.8828125,27.062850952148438
22.8984375,27.04981231689453
22.9140625,27.048316955566406
22.9296875,27.029693603515625
22.9453125,27.010696411132812
22.9609375,27.018142700195312
22.9765625,26.973068237304688
22.9921875,26.96784210205078
23.0078125,26.954803466796875
23.0234375,26.94251251220703
23.0390625,26.92425537109375
23.0546875,26.90264892578125
23.0703125,26.89892578125
23.0859375,26.88104248046875
23.1015625,26.871353149414062
23.1171875,26.85942840576172
23.1328125,26.843780517578125
23.1484375,26.833351135253906
23.1640625,26.81695556640625
23.1796875,26.810623168945312
23.1953125,26.797950744628906
23.2109375,26.783798217773438
23.2265625,26.760330200195312
23.2421875,26.743186950683594
23.2578125,26.748031616210938
23.2734375,26.737228393554688
23.2890625,26.7275390625
23.3046875,26.710403442382812
23.3203125,26.708534240722656
23.3359375,26.701828002929688
23.3515625,26.690284729003906
23.3671875,26.675758361816406
23.3828125,26.675384521484375
23.3984375,26.649673461914062
23.4140625,26.65228271484375
23.4296875,26.644088745117188
23.4453125,26.612045288085938
23.4609375,26.625083923339844
23.4765625,26.60980987548828
23.4921875,26.60198974609375
23.5078125,26.607574462890625
23.5234375,26.59229278564453
23.5390625,26.58484649658203
23.5546875,26.575164794921875
23.5703125,26.55541229248047
23.5859375,26.565101623535156
23.6015625,26.553550720214844
23.6171875,26.539398193359375
23.6328125,26.52337646484375
23.6484375,26.529335021972656
23.6640625,26.511451721191406
23.6796875,26.506607055664062
23.6953125,26.49468994140625
23.7109375,26.50287628173828
23.7265625,26.493934631347656
23.7421875,26.492080688476562
23.7578125,26.492080688476562
23.7734375,26.467864990234375
23.7890625,26.482757568359375
23.8046875,26.446250915527344
23.8203125,26.453330993652344
23.8359375,26.456314086914062
23.8515625,26.439170837402344
23.8671875,26.44475555419922
23.8828125,26.439544677734375
23.8984375,26.41607666015625
23.9140625,26.41607666015625
23.9296875,26.417930603027344
23.9453125,26.396331787109375
23.9609375,26.399307250976562
23.9765625,26.3914794921875
23.9921875,26.378814697265625
24.0078125,26.36577606201172
24.0234375,26.368385314941406
24.0390625,26.368385314941406
24.0546875,26.368011474609375
24.0703125,26.371742248535156
24.0859375,26.357208251953125
24.1015625,26.364280700683594
24.1171875,26.35944366455078
24.1328125,26.338211059570312
24.1484375,26.34081268310547
24.1640625,26.34081268310547
24.1796875,26.34491729736328
24.1953125,26.321441650390625
24.2109375,26.32367706298828
24.2265625,26.30951690673828
24.2421875,26.30206298828125
24.2578125,26.31212615966797
24.2734375,26.3125
24.2890625,26.29871368408203
24.3046875,26.303924560546875
24.3203125,26.295738220214844
24.3359375,26.27635955810547
24.3515625,26.292381286621094
24.3671875,26.264442443847656
24.3828125,26.272262573242188
24.3984375,26.2696533203125
24.4140625,26.261451721191406
24.4296875,26.256240844726562
24.4453125,26.243568420410156
24.4609375,26.239852905273438
24.4765625,26.257736206054688
24.4921875,26.243202209472656
24.5078125,26.21973419189453
24.5234375,26.229042053222656
24.5390625,26.22308349609375
24.5546875,26.21973419189453
24.5703125,26.21973419189453
24.5859375,26.22010040283203
24.6015625,26.199615478515625
24.6171875,26.1910400390625
24.6328125,26.19849395751953
24.6484375,26.191787719726562
24.6640625,26.18731689453125
24.6796875,26.175025939941406
24.6953125,26.177261352539062
24.7109375,26.167938232421875
24.7265625,26.161239624023438
24.7421875,26.14820098876953
24.7578125,26.157142639160156
24.7734375,26.167938232421875
24.7890625,26.157142639160156
24.8046875,26.14521026611328
24.8203125,26.134414672851562
24.8359375,26.142608642578125
24.8515625,26.124351501464844
24.8671875,26.12584686279297
24.8828125,26.121742248535156
24.8984375,26.121742248535156
24.9140625,26.113914489746094
24.9296875,26.107208251953125
24.9453125,26.118759155273438
24.9609375,26.10162353515625
24.9765625,26.111679077148438
24.9921875,26.096405029296875
25.0078125,26.097900390625
25.0234375,26.102737426757812
25.0390625,26.09417724609375
25.0546875,26.09491729736328
25.0703125,26.098648071289062
25.0859375,26.09455108642578
25.1015625,26.08708953857422
25.1171875,26.09491729736328
25.1328125,26.09008026123047
25.1484375,26.07964324951172
25.1640625,26.074798583984375
25.1796875,26.068092346191406
25.1953125,26.059898376464844
25.2109375,26.06175994873047
25.2265625,26.0621337890625
25.2421875,26.065109252929688
25.2578125,26.057289123535156
25.2734375,26.056549072265625
25.2890625,26.063995361328125
25.3046875,26.05915069580078
25.3203125,26.048721313476562
25.3359375,26.047225952148438
25.3515625,26.052818298339844
25.3671875,26.04052734375
25.3828125,26.039031982421875
25.3984375,26.042381286621094
25.4140625,26.02338409423828
25.4296875,26.03679656982422
25.4453125,26.02338409423828
25.4609375,26.03679656982422
25.4765625,26.025253295898438
25.4921875,26.027854919433594
25.5078125,26.025253295898438
25.5234375,26.027854919433594
25.5390625,26.02264404296875
25.5546875,26.011085510253906
25.5703125,26.014076232910156
25.5859375,26.018173217773438
25.6015625,26.004013061523438
25.6171875,26.009605407714844
25.6328125,25.992088317871094
25.6484375,26.00102996826172
25.6640625,25.993576049804688
25.6796875,25.998794555664062
25.6953125,25.985015869140625
25.7109375,25.98426055908203
25.7265625,25.97681427001953
25.7421875,25.97681427001953
25.7578125,25.97681427001953
25.7734375,25.982025146484375
25.7890625,25.971221923828125
25.8046875,25.970481872558594
25.8203125,25.96526336669922
25.8359375,25.960052490234375
25.8515625,25.95893096923828
25.8671875,25.95893096923828
25.8828125,25.953338623046875
25.8984375,25.960052490234375
25.9140625,25.955581665039062
25.9296875,25.939926147460938
25.9453125,25.94775390625
25.9609375,25.94104766845703
25.9765625,25.938812255859375
25.9921875,25.92949676513672
26.0078125,25.941787719726562
26.0234375,25.926513671875
26.0390625,25.91943359375
26.0546875,25.938072204589844
26.0703125,25.923904418945312
26.0859375,25.91161346435547
26.1015625,25.89783477783203
26.1171875,25.907516479492188
26.1328125,25.901931762695312
26.1484375,25.882553100585938
26.1640625,25.876220703125
26.1796875,25.879196166992188
26.1953125,25.874359130859375
26.2109375,25.873245239257812
26.2265625,25.871009826660156
26.2421875,25.86504364013672
26.2578125,25.85125732421875
26.2734375,25.860946655273438
26.2890625,25.84418487548828
26.3046875,25.830398559570312
26.3203125,25.82183074951172
26.3359375,25.819961547851562
26.3515625,25.819595336914062
26.3671875,25.8121337890625
26.3828125,25.80804443359375
26.3984375,25.80095672607422
26.4140625,25.799102783203125
26.4296875,25.802078247070312
26.4453125,25.780838012695312
26.4609375,25.782333374023438
26.4765625,25.7760009765625
26.4921875,25.770782470703125
26.5078125,25.75476837158203
26.5234375,25.75439453125
26.5390625,25.75141143798828
26.5546875,25.756248474121094
26.5703125,25.764076232910156
26.5859375,25.759239196777344
26.6015625,25.76482391357422
26.6171875,25.767807006835938
26.6328125,25.797607421875
26.6484375,25.780838012695312
26.6640625,25.799102783203125
26.6796875,25.80095672607422
26.6953125,25.81847381591797
26.7109375,25.837844848632812
26.7265625,25.84716033935547
26.7421875,25.871009826660156
26.7578125,25.878456115722656
26.7734375,25.901931762695312
26.7890625,25.930984497070312
26.8046875,25.949249267578125
26.8203125,25.970481872558594
26.8359375,25.992835998535156
26.8515625,26.00066375732422
26.8671875,26.04126739501953
26.8828125,26.056915283203125
26.8984375,26.07293701171875
26.9140625,26.102737426757812
26.9296875,26.120620727539062
26.9453125,26.148941040039062
26.9609375,26.16571044921875
26.9765625,26.202964782714844
26.9921875,26.21562957763672
27.0078125,26.23314666748047
27.0234375,26.265182495117188
27.0390625,26.285301208496094
27.0546875,26.30504608154297
27.0703125,26.328887939453125
27.0859375,26.338951110839844
27.1015625,26.360183715820312
27.1171875,26.376953125
27.1328125,26.389625549316406
27.1484375,26.43134307861328
27.1640625,26.438430786132812
27.1796875,26.460403442382812
27.1953125,26.471214294433594
27.2109375,26.492080688476562
27.2265625,26.499900817871094
27.2421875,26.517044067382812
27.2578125,26.524864196777344
27.2734375,26.55168914794922
27.2890625,26.561752319335938
27.3046875,26.59564971923828
27.3203125,26.618003845214844
27.3359375,26.64594268798828
27.3515625,26.649673461914062
27.3671875,26.660110473632812
27.3828125,26.666061401367188
27.3984375,26.68134307861328
27.4140625,26.701828002929688
27.4296875,26.72791290283203
27.4453125,26.743560791015625
27.4609375,26.762184143066406
27.4765625,26.775230407714844
27.4921875,26.790130615234375
27.5078125,26.800941467285156
27.5234375,26.812118530273438
27.5390625,26.830001831054688
27.5546875,26.8419189453125
27.5703125,26.864646911621094
27.5859375,26.879180908203125
27.6015625,26.882530212402344
27.6171875,26.904510498046875
27.6328125,26.91419219970703
27.6484375,26.93804168701172
27.6640625,26.96300506591797
27.6796875,26.96784210205078
27.6953125,26.989830017089844
27.7109375,26.989830017089844
27.7265625,27.01404571533203
27.7421875,27.02484893798828
27.7578125,27.02484893798828
27.7734375,27.054283142089844
27.7890625,27.066200256347656
27.8046875,27.072906494140625
27.8203125,27.08148193359375
27.8359375,27.104957580566406
27.8515625,27.119110107421875
27.8671875,27.122840881347656
27.8828125,27.136619567871094
27.8984375,27.14556121826172
27.9140625,27.159347534179688
27.9296875,27.17462158203125
27.9453125,27.184677124023438
27.9609375,27.193618774414062
27.9765625,27.221939086914062
27.9921875,27.250259399414062
28.0078125,27.258819580078125
28.0234375,27.278945922851562
28.0390625,27.28862762451172
28.0546875,27.290115356445312
28.0703125,27.309494018554688
28.0859375,27.315086364746094
28.1015625,27.33855438232422
28.1171875,27.340042114257812
28.1328125,27.351593017578125
28.1484375,27.36053466796875
28.1640625,27.376182556152344
28.1796875,27.398536682128906
28.1953125,27.40338134765625
28.2109375,27.41008758544922
28.2265625,27.440269470214844
28.2421875,27.455162048339844
28.2578125,27.45665740966797
28.2734375,27.45665740966797
28.2890625,27.470443725585938
28.3046875,27.473045349121094
28.3203125,27.484603881835938
28.3359375,27.494659423828125
28.3515625,27.50434112548828
28.3671875,27.511802673339844
28.3828125,27.523345947265625
28.3984375,27.527069091796875
28.4140625,27.545700073242188
28.4296875,27.548683166503906
28.4453125,27.554641723632812
28.4609375,27.562095642089844
28.4765625,27.576629638671875
28.4921875,27.595993041992188
28.5078125,27.6004638671875
28.5234375,27.61052703857422
28.5390625,27.6217041015625
28.5546875,27.62804412841797
28.5703125,27.63288116455078
28.5859375,27.642196655273438
28.6015625,27.643310546875
28.6171875,27.655609130859375
28.6328125,27.66381072998047
28.6484375,27.6790771484375
28.6640625,27.673118591308594
28.6796875,27.6790771484375
28.6953125,27.7003173828125
28.7109375,27.7003173828125
28.7265625,27.710372924804688
28.7421875,27.723411560058594
28.7578125,27.728256225585938
28.7734375,27.739059448242188
28.7890625,27.75322723388672
28.8046875,27.749496459960938
28.8203125,27.769989013671875
28.8359375,27.779296875
28.8515625,27.77558135986328
28.8671875,27.784149169921875
28.8828125,27.781532287597656
28.8984375,27.791969299316406
28.9140625,27.80388641357422
28.9296875,27.81097412109375
28.9453125,27.810226440429688
28.9609375,27.82624053955078
28.9765625,27.828109741210938
28.9921875,27.835182189941406
29.0078125,27.84002685546875
29.0234375,27.851951599121094
29.0390625,27.85753631591797
29.0546875,27.865737915039062
29.0703125,27.86499786376953
29.0859375,27.86871337890625
29.1015625,27.87989044189453
29.1171875,27.888465881347656
29.1328125,27.89293670654297
29.1484375,27.891067504882812
29.1640625,27.894798278808594
29.1796875,27.917892456054688
29.1953125,27.919761657714844
29.2109375,27.926834106445312
29.2265625,27.917526245117188
29.2421875,27.940628051757812
29.2578125,27.9432373046875
29.2734375,27.9432373046875
29.2890625,27.944717407226562
29.3046875,27.962600708007812
29.3203125,27.952545166015625
29.3359375,27.963356018066406
29.3515625,27.966331481933594
29.3671875,27.970802307128906
29.3828125,27.984214782714844
29.3984375,27.9793701171875
29.4140625,28.002838134765625
29.4296875,28.006568908691406
29.4453125,28.002471923828125
29.4609375,28.0147705078125
29.4765625,28.01103973388672
29.4921875,28.025192260742188
29.5078125,28.01811981201172
29.5234375,28.032272338867188
29.5390625,28.034133911132812
29.5546875,28.042709350585938
29.5703125,28.052017211914062
29.5859375,28.034133911132812
29.6015625,28.050155639648438
29.6171875,28.052398681640625
29.6328125,28.067665100097656
29.6484375,28.052017211914062
29.6640625,28.067665100097656
29.6796875,28.074371337890625
29.6953125,28.066184997558594
29.7109375,28.074752807617188
29.7265625,28.085548400878906
29.7421875,28.088539123535156
29.7578125,28.103805541992188
29.7734375,28.103805541992188
29.7890625,28.113494873046875
29.8046875,28.119834899902344
29.8203125,28.123184204101562
29.8359375,28.12877655029297
29.8515625,28.12578582763672
29.8671875,28.141815185546875
29.8828125,28.135101318359375
29.8984375,28.13324737548828
29.9140625,28.138084411621094
29.9296875,28.14366912841797
29.9453125,28.149635314941406
29.9609375,28.15857696533203
29.9765625,28.15484619140625
29.9921875,28.14404296875
30.0078125,28.163787841796875
30.0234375,28.164169311523438
30.0390625,28.178321838378906
30.0546875,28.17943572998047
30.0703125,28.16901397705078
30.0859375,28.18726348876953
30.1015625,28.188751220703125
30.1171875,28.188377380371094
30.1328125,28.198814392089844
30.1484375,28.2010498046875
30.1640625,28.191368103027344
30.1796875,28.20514678955078
30.1953125,28.196205139160156
30.2109375,28.193222045898438
30.2265625,28.213348388671875
30.2421875,28.213348388671875
30.2578125,28.217071533203125
30.2734375,28.212966918945312
30.2890625,28.231231689453125
30.3046875,28.227134704589844
30.3203125,28.21893310546875
30.3359375,28.23271942138672
30.3515625,28.230850219726562
30.3671875,28.235702514648438
30.3828125,28.234580993652344
30.3984375,28.243896484375
30.4140625,28.23681640625
30.4296875,28.243896484375
30.4453125,28.25543975830078
30.4609375,28.2655029296875
30.4765625,28.2513427734375
30.4921875,28.252090454101562
30.5078125,28.26513671875
30.5234375,28.264015197753906
30.5390625,28.277427673339844
30.5546875,28.277427673339844
30.5703125,28.285255432128906
30.5859375,28.28673553466797
30.6015625,28.277427673339844
30.6171875,28.29456329345703
30.6328125,28.29717254638672
30.6484375,28.31208038330078
30.6640625,28.3154296875
30.6796875,28.310585021972656
30.6953125,28.310585021972656
30.7109375,28.318405151367188
30.7265625,28.328094482421875
30.7421875,28.328094482421875
30.7578125,28.32958984375
30.7734375,28.342254638671875
30.7890625,28.33293914794922
30.8046875,28.345230102539062
30.8203125,28.3653564453125
30.8359375,28.346725463867188
30.8515625,28.3515625
30.8671875,28.353057861328125
30.8828125,28.3515625
30.8984375,28.36199951171875
30.9140625,28.367210388183594
30.9296875,28.366844177246094
30.9453125,28.37615203857422
30.9609375,28.381744384765625
30.9765625,28.37615203857422
30.9921875,28.373916625976562
31.0078125,28.382858276367188
31.0234375,28.381744384765625
31.0390625,28.38361358642578
31.0546875,28.38361358642578
31.0703125,28.392555236816406
31.0859375,28.392555236816406
31.1015625,28.402976989746094
31.1171875,28.413414001464844
31.1328125,28.398880004882812
31.1484375,28.406333923339844
31.1640625,28.427566528320312
31.1796875,28.425331115722656
31.1953125,28.41602325439453
31.2109375,28.432418823242188
31.2265625,28.42943572998047
31.2421875,28.42980194091797
31.2578125,28.442100524902344
31.2734375,28.439865112304688
31.2890625,28.451416015625
31.3046875,28.44768524169922
31.3203125,28.44768524169922
31.3359375,28.449554443359375
31.3515625,28.457748413085938
31.3671875,28.457748413085938
31.3828125,28.464828491210938
31.3984375,28.44805908203125
31.4140625,28.461097717285156
31.4296875,28.46929931640625
31.4453125,28.47303009033203
31.4609375,28.48047637939453
31.4765625,28.48792266845703
31.4921875,28.495010375976562
31.5078125,28.49835968017578
31.5234375,28.499481201171875
31.5390625,28.506561279296875
31.5546875,28.506561279296875
31.5703125,28.509910583496094
31.5859375,28.510276794433594
31.6015625,28.524810791015625
31.6171875,28.514007568359375
31.6328125,28.521453857421875
31.6484375,28.512893676757812
31.6640625,28.517364501953125
31.6796875,28.512893676757812
31.6953125,28.51921844482422
31.7109375,28.506561279296875
31.7265625,28.513633728027344
31.7421875,28.4871826171875
31.7578125,28.496124267578125
31.7734375,28.495750427246094
31.7890625,28.489044189453125
31.8046875,28.48047637939453
31.8203125,28.471160888671875
31.8359375,28.45849609375
31.8515625,28.4368896484375
31.8671875,28.432037353515625
31.8828125,28.42943572998047
31.8984375,28.41229248046875
31.9140625,28.399627685546875
31.9296875,28.37950897216797
31.9453125,28.36944580078125
31.9609375,28.377273559570312
31.9765625,28.347091674804688
31.9921875,28.33740997314453
32.0078125,28.3370361328125
32.0234375,28.30908966064453
32.0390625,28.292327880859375
32.0546875,28.287857055664062
32.0703125,28.266998291015625
32.0859375,28.2513427734375
32.1015625,28.242401123046875
32.1171875,28.233840942382812
32.1328125,28.23644256591797
32.1484375,28.213348388671875
32.1640625,28.198814392089844
32.1796875,28.181304931640625
32.1953125,28.171615600585938
32.2109375,28.149635314941406
32.2265625,28.145904541015625
32.2421875,28.120574951171875
32.2578125,28.114242553710938
32.2734375,28.101951599121094
32.2890625,28.085922241210938
32.3046875,28.087417602539062
32.3203125,28.066551208496094
32.3359375,28.059097290039062
32.3515625,28.035255432128906
32.3671875,28.031532287597656
32.3828125,28.01513671875
32.3984375,27.98235321044922
32.4140625,27.991294860839844
32.4296875,27.974899291992188
32.4453125,27.94732666015625
32.4609375,27.927215576171875
32.4765625,27.913421630859375
32.4921875,27.905601501464844
32.5078125,27.87989044189453
32.5234375,27.860153198242188
32.5390625,27.841522216796875
32.5546875,27.81879425048828
32.5703125,27.790847778320312
32.5859375,27.794578552246094
32.6015625,27.762535095214844
32.6171875,27.74726104736328
32.6328125,27.729751586914062
32.6484375,27.71782684326172
32.6640625,27.691001892089844
32.6796875,27.679824829101562
32.6953125,27.652633666992188
32.7109375,27.642196655273438
32.7265625,27.630645751953125
32.7421875,27.619468688964844
32.7578125,27.613136291503906
32.7734375,27.576629638671875
32.7890625,27.578109741210938
32.8046875,27.562835693359375
32.8203125,27.545700073242188
32.8359375,27.54681396484375
32.8515625,27.536758422851562
32.8671875,27.524093627929688
32.8828125,27.50434112548828
32.8984375,27.508811950683594
32.9140625,27.484603881835938
32.9296875,27.46783447265625
32.9453125,27.459632873535156
32.9609375,27.448089599609375
32.9765625,27.42498779296875
32.9921875,27.4212646484375
33.0078125,27.411209106445312
33.0234375,27.406356811523438
33.0390625,27.379531860351562
33.0546875,27.369850158691406
33.0703125,27.37506103515625
33.0859375,27.358673095703125
33.1015625,27.347862243652344
33.1171875,27.31098175048828
33.1328125,27.2994384765625
33.1484375,27.28826141357422
33.1640625,27.275962829589844
33.1796875,27.261436462402344
33.1953125,27.261062622070312
33.2109375,27.24578857421875
33.2265625,27.238327026367188
33.2421875,27.22454833984375
33.2578125,27.208900451660156
33.2734375,27.19622802734375
33.2890625,27.173500061035156
33.3046875,27.1712646484375
33.3203125,27.165679931640625
33.3359375,27.151145935058594
33.3515625,27.144439697265625
33.3671875,27.16455841064453
33.3828125,27.137733459472656
33.3984375,27.13475799560547
33.4140625,27.120223999023438
33.4296875,27.10942840576172
33.4453125,27.125442504882812
33.4609375,27.10942840576172
33.4765625,27.094894409179688
33.4921875,27.095260620117188
33.5078125,27.09601593017578
33.5234375,27.078872680664062
33.5390625,27.08892822265625
33.5546875,27.091171264648438
33.5703125,27.08557891845703
33.5859375,27.07477569580078
33.6015625,27.07813262939453
33.6171875,27.076263427734375
33.6328125,27.076263427734375
33.6484375,27.069190979003906
33.6640625,27.05987548828125
33.6796875,27.068069458007812
33.6953125,27.061363220214844
33.7109375,27.069190979003906
33.7265625,27.05316162109375
33.7421875,27.062850952148438
33.7578125,27.051307678222656
33.7734375,27.050552368164062
33.7890625,27.046836853027344
33.8046875,27.05316162109375
33.8203125,27.05614471435547
33.8359375,27.03900909423828
33.8515625,27.040870666503906
33.8671875,27.033050537109375
33.8828125,27.044601440429688
33.8984375,27.046463012695312
33.9140625,27.046836853027344
33.9296875,27.030433654785156
33.9453125,27.02484893798828
33.9609375,27.023361206054688
33.9765625,27.025596618652344
33.9921875,27.02448272705078
34.0078125,27.020751953125
34.0234375,27.022987365722656
34.0390625,27.004364013671875
34.0546875,27.008834838867188
34.0703125,27.017776489257812
34.0859375,27.004364013671875
34.1015625,27.001373291015625
34.1171875,27.007713317871094
34.1328125,26.993927001953125
34.1484375,26.972686767578125
34.1640625,26.9779052734375
34.1796875,26.98088836669922
34.1953125,26.973068237304688
34.2109375,26.982376098632812
34.2265625,26.96337127685547
34.2421875,26.94995880126953
34.2578125,26.961891174316406
34.2734375,26.951080322265625
34.2890625,26.96002197265625
34.3046875,26.93841552734375
34.3203125,26.939903259277344
34.3359375,26.946983337402344
34.3515625,26.937301635742188
34.3671875,26.939537048339844
34.3828125,26.940650939941406
34.3984375,26.93133544921875
34.4140625,26.91419219970703
34.4296875,26.9063720703125
34.4453125,26.910842895507812
34.4609375,26.90972137451172
34.4765625,26.89892578125
34.4921875,26.893707275390625
34.5078125,26.89482879638672
34.5234375,26.900779724121094
34.5390625,26.884017944335938
34.5546875,26.869483947753906
34.5703125,26.87060546875
34.5859375,26.87060546875
34.6015625,26.867630004882812
34.6171875,26.85942840576172
34.6328125,26.85942840576172
34.6484375,26.851600646972656
34.6640625,26.84154510498047
34.6796875,26.83521270751953
34.6953125,26.835952758789062
34.7109375,26.832603454589844
34.7265625,26.826271057128906
34.7421875,26.83818817138672
34.7578125,26.830001831054688
34.7734375,26.814720153808594
34.7890625,26.799072265625
34.8046875,26.80541229248047
34.8203125,26.797950744628906
34.8359375,26.80205535888672
34.8515625,26.786033630371094
34.8671875,26.800186157226562
