Time(Seconds),Length(Seconds),Label(string),Confidence(double),Comment(string)
1.3201497,0.30628,left,1,
2.3889527,0.27676,left,1,
3.195591,0.23248,left,1,
4.208493,0.28045,left,1,
5.035468,0.20296,left,1,
5.6874085,0.2251,left,1,
6.4424809,0.262,left,1,
7.2970019,0.262,left,1,
7.9268428,0.21034000000000003,left,1,
8.8366129,0.19927,left,1,
9.438267,0.20296,left,1,
10.0570581,0.1882,left,1,
11.4161884,0.20296,left,1,
12.2964923,0.15868000000000002,left,1,
13.0073654,0.19558,left,1,
13.6049357,0.21772000000000002,left,1,
14.1169116,0.20665,left,1,
15.0856143,0.32104,left,1,
15.9438185,0.5387500000000001,left,1,
17.1445678,0.38008000000000003,left,1,
18.1059039,0.2989,left,1,
19.0060638,0.262,left,1,
19.7464031,0.262,left,1,
20.4646427,0.22879,left,1,
21.1202665,0.25462,left,1,
21.7611573,0.21403,left,1,
22.3578486,0.24355000000000002,left,1,
22.9888087,0.29521000000000003,left,1,
23.9648779,0.3358,left,1,
24.8893812,0.262,left,1,
25.6444536,0.2989,left,1,
26.4289922,0.28414,left,1,
27.0971065,0.23986000000000002,left,1,
27.8853284,0.29521000000000003,left,1,
28.7151055,0.262,left,1,
29.5806763,0.21772000000000002,left,1,
30.1405349,0.23248000000000002,left,1,
30.7887922,0.20296,left,1,
31.3891668,0.20296,left,1,
32.247371,0.32104,left,1,
33.0982087,0.32104,left,1,
33.8107616,0.24724000000000002,left,1,
34.5032183,0.24355000000000002,left,1,
35.0814932,0.22879,left,1,
35.6450351,0.22141,left,1,
36.2601428,0.20665,left,1,
36.768469100000004,0.21403000000000003,left,1,
37.4166928,0.19558,left,1,
38.1284448,0.262,left,1,
38.7214529,0.22879,left,1,
39.2260622,0.1882,left,1,
39.7748709,0.19927,left,1,
40.3310462,0.21034000000000003,left,1,
40.7988228,0.17713,left,1,
41.3476315,0.17344,left,1,
41.8043582,0.19558,left,1,
42.4241083,0.17344,left,1,
42.8440022,0.17344,left,1,
43.5548753,0.1882,left,1,
44.195766,0.18082,left,1,
44.6524927,0.17344,left,1,
45.1681519,0.17344,left,1,
45.7685266,0.17344,left,1,
46.3026022,0.17344,left,1,
46.9250765,0.16606,left,1,
47.4313656,0.17344,left,1,
47.9728078,0.17344,left,1,
48.5400329,0.17344,left,1,
49.1183079,0.17344,left,1,
49.7113159,0.17344,left,1,
50.304324,0.18451,left,1,
50.8531327,0.17344,left,1,
51.3670289,0.17344,left,1,
51.8790048,0.17344,left,1,
52.4793794,0.17344,left,1,
53.2455017,0.7933600000000001,left,1,
54.8440452,0.262,left,1,
55.6816695,0.24724000000000002,left,1,
56.359393,0.22141,left,1,
57.0407998,0.24724000000000002,left,1,
57.7111568,0.20296,left,1,
58.285775300000005,0.24724000000000002,left,1,
58.8603401,0.22141,left,1,
59.464398,0.28414,left,1,
60.117837,0.22879,left,1,
60.8213435,0.25093,left,1,
61.5027503,0.22510000000000002,left,1,
62.1415575,0.22879,left,1,
63.095527,0.25462,left,1,
63.9168985,0.21403,left,1,
64.5504226,0.22141,left,1,
65.1029146,0.20296,left,1,
65.6406735,0.22141,left,1,
66.160016,0.21034000000000003,left,1,
66.8096329,0.19189,left,1,
67.3915912,0.21034000000000003,left,1,
67.9882825,0.21034000000000003,left,1,
68.7138887,0.21403,left,1,
69.4947441,0.262,left,1,
70.3676814,0.22510000000000002,left,1,
72.5650768,0.22141,left,1,
73.0881025,0.22879,left,1,
