# Time (seconds),f0
0.0078125,953.3527221679688
0.0234375,953.238037109375
0.0390625,953.2493286132812
0.0546875,953.2254638671875
0.0703125,953.2462768554688
0.0859375,953.2532348632812
0.1015625,953.2470092773438
0.1171875,953.2479248046875
0.1328125,953.2504272460938
0.1484375,953.2567749023438
0.1640625,953.235595703125
0.1796875,953.2348022460938
0.1953125,953.2476196289062
0.2109375,953.2423095703125
0.2265625,953.234375
0.2421875,953.2476196289062
0.2578125,953.2501831054688
0.2734375,953.2489013671875
0.2890625,953.2269287109375
0.3046875,953.2413330078125
0.3203125,953.245361328125
0.3359375,953.2385864257812
0.3515625,953.2472534179688
0.3671875,953.232421875
0.3828125,953.248046875
0.3984375,953.2459716796875
0.4140625,953.239990234375
0.4296875,953.2474975585938
0.4453125,953.2461547851562
0.4609375,953.2387084960938
0.4765625,953.2525634765625
0.4921875,953.2477416992188
0.5078125,953.2330932617188
0.5234375,953.234130859375
0.5390625,953.2326049804688
0.5546875,953.2474975585938
0.5703125,953.2551879882812
0.5859375,953.2374267578125
0.6015625,953.2339477539062
0.6171875,953.255859375
0.6328125,953.251953125
0.6484375,953.249267578125
0.6640625,953.2467041015625
0.6796875,953.2530517578125
0.6953125,953.2399291992188
0.7109375,953.2508544921875
0.7265625,953.2359008789062
0.7421875,953.2417602539062
0.7578125,953.2361450195312
0.7734375,953.255126953125
0.7890625,953.2489013671875
0.8046875,953.2567749023438
0.8203125,953.254638671875
0.8359375,953.26123046875
0.8515625,953.2482299804688
0.8671875,953.2536010742188
0.8828125,953.2626953125
0.8984375,953.2504272460938
0.9140625,953.269287109375
0.9296875,953.2500610351562
0.9453125,953.2679443359375
0.9609375,953.25
0.9765625,953.2533569335938
0.9921875,953.2476196289062
1.0078125,953.2492065429688
1.0234375,953.2620239257812
1.0390625,953.2540283203125
1.0546875,953.2455444335938
1.0703125,953.25
1.0859375,953.2622680664062
1.1015625,953.2633666992188
1.1171875,953.2687377929688
1.1328125,953.2897338867188
1.1484375,953.2786254882812
1.1640625,953.29248046875
1.1796875,953.2944946289062
1.1953125,953.2918701171875
1.2109375,953.3187866210938
1.2265625,953.2939453125
1.2421875,953.3043823242188
1.2578125,953.3194580078125
1.2734375,953.284912109375
1.2890625,953.301513671875
1.3046875,953.2930908203125
1.3203125,953.2932739257812
1.3359375,953.2921752929688
1.3515625,953.2986450195312
1.3671875,953.3243408203125
1.3828125,953.3146362304688
1.3984375,953.3018798828125
1.4140625,953.29248046875
1.4296875,953.3094482421875
1.4453125,953.2993774414062
1.4609375,953.328125
1.4765625,953.3042602539062
1.4921875,953.3203125
1.5078125,953.3345336914062
1.5234375,953.310546875
1.5390625,953.296142578125
1.5546875,953.296875
1.5703125,953.2952880859375
1.5859375,953.31201171875
1.6015625,953.3196411132812
1.6171875,953.2969360351562
1.6328125,953.297607421875
1.6484375,953.2913208007812
1.6640625,953.3030395507812
1.6796875,953.3151245117188
1.6953125,953.2927856445312
1.7109375,953.2939453125
1.7265625,953.29052734375
1.7421875,953.3225708007812
1.7578125,953.3156127929688
1.7734375,953.302490234375
1.7890625,953.3038940429688
1.8046875,953.2973022460938
1.8203125,953.3140258789062
1.8359375,953.3064575195312
1.8515625,953.2984008789062
1.8671875,953.3115234375
1.8828125,953.297607421875
1.8984375,953.3107299804688
1.9140625,953.3231811523438
1.9296875,953.3327026367188
1.9453125,953.3179321289062
1.9609375,953.3165893554688
1.9765625,953.3167114257812
1.9921875,953.3204956054688
2.0078125,953.3236694335938
2.0234375,953.3247680664062
2.0390625,953.3158569335938
2.0546875,953.29638671875
2.0703125,953.3134765625
2.0859375,953.2939453125
2.1015625,953.29443359375
2.1171875,953.3008422851562
2.1328125,953.2941284179688
2.1484375,953.3034057617188
2.1640625,953.2922973632812
2.1796875,953.296142578125
2.1953125,953.3031616210938
2.2109375,953.3088989257812
2.2265625,953.3145141601562
2.2421875,953.317626953125
2.2578125,953.3043823242188
2.2734375,953.3194580078125
2.2890625,953.3088989257812
2.3046875,953.30419921875
2.3203125,953.305908203125
2.3359375,953.3253173828125
2.3515625,953.3253784179688
2.3671875,953.2987060546875
2.3828125,953.3123168945312
2.3984375,953.314208984375
2.4140625,953.322021484375
2.4296875,953.3079223632812
2.4453125,953.310546875
2.4609375,953.3196411132812
2.4765625,953.3086547851562
2.4921875,953.3196411132812
2.5078125,953.3274536132812
2.5234375,953.3038330078125
2.5390625,953.3263549804688
2.5546875,953.3042602539062
2.5703125,953.3092651367188
2.5859375,953.3050537109375
2.6015625,953.2996826171875
2.6171875,953.3125610351562
2.6328125,953.302734375
2.6484375,953.3162231445312
2.6640625,953.296875
2.6796875,953.3028564453125
2.6953125,953.2987060546875
2.7109375,953.3107299804688
2.7265625,953.3006591796875
2.7421875,953.3008422851562
2.7578125,953.2938842773438
2.7734375,953.290771484375
2.7890625,953.2874755859375
2.8046875,953.296630859375
2.8203125,953.2963256835938
2.8359375,953.295654296875
2.8515625,953.295654296875
2.8671875,953.3086547851562
2.8828125,953.2841796875
2.8984375,953.296142578125
2.9140625,953.2908325195312
2.9296875,953.2955322265625
2.9453125,953.3067016601562
2.9609375,953.2957763671875
2.9765625,953.2841186523438
2.9921875,953.2993774414062
3.0078125,953.294921875
3.0234375,953.2900390625
3.0390625,953.2930908203125
3.0546875,953.2955932617188
3.0703125,953.3004760742188
3.0859375,953.294921875
3.1015625,953.2930908203125
3.1171875,953.300537109375
3.1328125,953.2939453125
3.1484375,953.3104248046875
3.1640625,953.28662109375
3.1796875,953.289794921875
3.1953125,953.299560546875
3.2109375,953.2993774414062
3.2265625,953.30810546875
3.2421875,953.2706298828125
3.2578125,953.2980346679688
3.2734375,953.2888793945312
3.2890625,953.3161010742188
3.3046875,953.3028564453125
3.3203125,953.3165283203125
3.3359375,953.307861328125
3.3515625,953.3032836914062
3.3671875,953.3185424804688
3.3828125,953.307861328125
3.3984375,953.3014526367188
3.4140625,953.30615234375
3.4296875,953.3148193359375
3.4453125,953.3146362304688
3.4609375,953.3251953125
3.4765625,953.3219604492188
3.4921875,953.3365478515625
3.5078125,953.3204345703125
3.5234375,953.3027954101562
3.5390625,953.3071899414062
3.5546875,953.3212280273438
3.5703125,953.2908935546875
3.5859375,953.302001953125
3.6015625,953.2969970703125
3.6171875,953.325927734375
3.6328125,953.3134765625
3.6484375,953.2963256835938
3.6640625,953.323486328125
3.6796875,953.31591796875
3.6953125,953.296142578125
3.7109375,953.313232421875
3.7265625,953.3092651367188
3.7421875,953.3043823242188
3.7578125,953.2994995117188
3.7734375,953.2974853515625
3.7890625,953.3024291992188
3.8046875,953.3096923828125
3.8203125,953.3103637695312
3.8359375,953.3203125
3.8515625,953.3034057617188
3.8671875,953.2947998046875
3.8828125,953.3009033203125
3.8984375,953.3234252929688
3.9140625,953.3251953125
3.9296875,953.3256225585938
3.9453125,953.3189697265625
3.9609375,953.308349609375
3.9765625,953.326171875
3.9921875,953.3090209960938
4.0078125,953.3263549804688
4.0234375,953.3219604492188
4.0390625,953.3253784179688
4.0546875,953.3301391601562
4.0703125,953.3250732421875
4.0859375,953.3333129882812
4.1015625,953.3370361328125
4.1171875,953.3268432617188
4.1328125,953.3389892578125
4.1484375,953.3326416015625
4.1640625,953.3330078125
4.1796875,953.33349609375
4.1953125,953.3320922851562
4.2109375,953.3314819335938
4.2265625,953.3246459960938
4.2421875,953.3211669921875
4.2578125,953.3074951171875
4.2734375,953.308349609375
4.2890625,953.2955322265625
4.3046875,953.3037109375
4.3203125,953.3193359375
4.3359375,953.3095092773438
4.3515625,953.3245849609375
4.3671875,953.3121948242188
4.3828125,953.3023071289062
4.3984375,953.3240356445312
4.4140625,953.323974609375
4.4296875,953.2993774414062
4.4453125,953.3186645507812
4.4609375,953.3071899414062
4.4765625,953.3008422851562
4.4921875,953.302490234375
4.5078125,953.2950439453125
4.5234375,953.2933349609375
4.5390625,953.30859375
4.5546875,953.3075561523438
4.5703125,953.3053588867188
4.5859375,953.308349609375
4.6015625,953.315185546875
4.6171875,953.3017578125
4.6328125,953.2874145507812
4.6484375,953.2875366210938
4.6640625,953.298583984375
4.6796875,953.2982788085938
4.6953125,953.294189453125
4.7109375,953.294921875
4.7265625,953.306640625
4.7421875,953.2990112304688
4.7578125,953.2918701171875
4.7734375,953.3005981445312
4.7890625,953.3141479492188
4.8046875,953.2994995117188
4.8203125,953.2857055664062
4.8359375,953.2939453125
4.8515625,953.2988891601562
4.8671875,953.3056030273438
4.8828125,953.2860717773438
4.8984375,953.2982788085938
4.9140625,953.2939453125
4.9296875,953.2988891601562
4.9453125,953.2900390625
4.9609375,953.2921142578125
4.9765625,953.3304443359375
4.9921875,953.331298828125
5.0078125,953.3120727539062
5.0234375,953.4468383789062
5.0390625,953.4080200195312
5.0546875,953.3580932617188
5.0703125,953.3576049804688
5.0859375,953.3814697265625
5.1015625,953.3968505859375
5.1171875,953.4157104492188
5.1328125,953.4329223632812
5.1484375,953.4241943359375
5.1640625,953.3819580078125
5.1796875,953.4384765625
5.1953125,953.4412841796875
5.2109375,953.3948364257812
5.2265625,953.4292602539062
5.2421875,953.4757690429688
5.2578125,953.3672485351562
5.2734375,953.4680786132812
5.2890625,953.4679565429688
5.3046875,953.3868408203125
5.3203125,953.3983154296875
5.3359375,953.4391479492188
5.3515625,953.412109375
5.3671875,953.4426879882812
5.3828125,953.373046875
5.3984375,953.376953125
5.4140625,953.3978881835938
5.4296875,953.4414672851562
5.4453125,953.4462890625
5.4609375,953.3778686523438
5.4765625,953.4334106445312
5.4921875,953.3837280273438
5.5078125,953.376953125
5.5234375,953.3968505859375
5.5390625,953.3878173828125
5.5546875,953.4093627929688
5.5703125,953.3670043945312
5.5859375,953.4287109375
5.6015625,953.3773803710938
5.6171875,953.3687133789062
5.6328125,953.3792114257812
5.6484375,953.3717041015625
5.6640625,953.3746948242188
5.6796875,953.40234375
5.6953125,953.3865966796875
5.7109375,953.3748168945312
5.7265625,953.3522338867188
5.7421875,953.3670654296875
5.7578125,953.3848876953125
5.7734375,953.3572998046875
5.7890625,953.356689453125
5.8046875,953.3409423828125
5.8203125,953.35546875
5.8359375,953.3341674804688
5.8515625,953.3319091796875
5.8671875,953.3282470703125
5.8828125,953.3388061523438
5.8984375,953.3223266601562
5.9140625,953.32958984375
5.9296875,953.3262329101562
5.9453125,953.3215942382812
5.9609375,953.3162841796875
5.9765625,953.319091796875
5.9921875,953.2963256835938
6.0078125,953.318115234375
6.0234375,953.3075561523438
6.0390625,953.3134155273438
6.0546875,953.3009643554688
6.0703125,953.290771484375
6.0859375,953.3209228515625
6.1015625,953.3016357421875
6.1171875,953.3200073242188
6.1328125,953.302490234375
6.1484375,953.3164672851562
6.1640625,953.3024291992188
6.1796875,953.3223266601562
6.1953125,953.3267822265625
6.2109375,953.3193359375
6.2265625,953.3080444335938
6.2421875,953.318359375
6.2578125,953.3247680664062
6.2734375,953.308349609375
6.2890625,953.3052368164062
6.3046875,953.2994384765625
6.3203125,953.2910766601562
6.3359375,953.2919311523438
6.3515625,953.3170166015625
6.3671875,953.2960815429688
6.3828125,953.3058471679688
6.3984375,953.2957763671875
6.4140625,953.3056640625
6.4296875,953.288818359375
6.4453125,953.3137817382812
6.4609375,953.2907104492188
6.4765625,953.2999267578125
6.4921875,953.2919921875
6.5078125,953.2896728515625
6.5234375,953.3040161132812
6.5390625,953.2894287109375
6.5546875,953.2974243164062
6.5703125,953.28857421875
6.5859375,953.3052368164062
6.6015625,953.3068237304688
6.6171875,953.2860717773438
6.6328125,953.2855224609375
6.6484375,953.2810668945312
6.6640625,953.2975463867188
6.6796875,953.2930297851562
6.6953125,953.2802124023438
6.7109375,953.2888793945312
6.7265625,953.2944946289062
6.7421875,953.2967529296875
6.7578125,953.2977294921875
6.7734375,953.3063354492188
6.7890625,953.2853393554688
6.8046875,953.29248046875
6.8203125,953.2819213867188
6.8359375,953.2907104492188
6.8515625,953.2847290039062
6.8671875,953.298828125
6.8828125,953.3279418945312
6.8984375,953.3323364257812
6.9140625,953.3848266601562
6.9296875,953.4228515625
6.9453125,953.4172973632812
6.9609375,953.4830322265625
6.9765625,953.4375
6.9921875,953.4796142578125
7.0078125,953.5221557617188
7.0234375,953.4872436523438
7.0390625,953.49609375
7.0546875,953.4100341796875
7.0703125,953.4431762695312
7.0859375,953.4418334960938
7.1015625,953.4966430664062
7.1171875,953.4612426757812
7.1328125,953.4638061523438
7.1484375,953.5196533203125
7.1640625,953.490966796875
7.1796875,953.6392822265625
7.1953125,953.5274658203125
7.2109375,953.5486450195312
7.2265625,953.4571533203125
7.2421875,953.5005493164062
7.2578125,953.48046875
7.2734375,953.5213623046875
7.2890625,953.4620971679688
7.3046875,953.4892578125
7.3203125,953.4970092773438
7.3359375,953.5123291015625
7.3515625,953.4898071289062
7.3671875,953.5084838867188
7.3828125,953.4955444335938
7.3984375,953.5474243164062
7.4140625,953.5009765625
7.4296875,953.5283203125
7.4453125,953.5563354492188
7.4609375,953.5233154296875
7.4765625,953.4176635742188
7.4921875,953.4554443359375
7.5078125,953.5414428710938
7.5234375,953.5746459960938
7.5390625,953.5470581054688
7.5546875,953.5313110351562
7.5703125,953.530029296875
7.5859375,953.5199584960938
7.6015625,953.5166015625
7.6171875,953.5022583007812
7.6328125,953.4838256835938
7.6484375,953.516357421875
7.6640625,953.5068359375
7.6796875,953.478271484375
7.6953125,953.50146484375
7.7109375,953.517578125
7.7265625,953.4921875
7.7421875,953.4609985351562
7.7578125,953.43359375
7.7734375,953.4325561523438
7.7890625,953.3989868164062
7.8046875,953.3780517578125
7.8203125,953.3909912109375
7.8359375,953.3732299804688
7.8515625,953.37890625
7.8671875,953.3753051757812
7.8828125,953.3754272460938
7.8984375,953.3780517578125
7.9140625,953.3544311523438
7.9296875,953.3541870117188
7.9453125,953.354736328125
7.9609375,953.3759765625
7.9765625,953.355224609375
7.9921875,953.361328125
8.0078125,953.3699951171875
8.0234375,953.3482666015625
8.0390625,953.3480834960938
8.0546875,953.3688354492188
8.0703125,953.3565673828125
8.0859375,953.3519897460938
8.1015625,953.3460693359375
8.1171875,953.3592529296875
8.1328125,953.3589477539062
8.1484375,953.3705444335938
8.1640625,953.341064453125
8.1796875,953.3505859375
8.1953125,953.3508911132812
8.2109375,953.3519897460938
8.2265625,953.3405151367188
8.2421875,953.3400268554688
8.2578125,953.3402709960938
8.2734375,953.3505859375
8.2890625,953.3368530273438
8.3046875,953.3323974609375
8.3203125,953.333984375
8.3359375,953.3239135742188
8.3515625,953.310302734375
8.3671875,953.3187866210938
8.3828125,953.311279296875
8.3984375,953.3175048828125
8.4140625,953.3214721679688
8.4296875,953.3057861328125
8.4453125,953.3253784179688
8.4609375,953.3130493164062
8.4765625,953.3292846679688
8.4921875,953.3064575195312
8.5078125,953.3169555664062
8.5234375,953.3126831054688
8.5390625,953.3280029296875
8.5546875,953.30859375
8.5703125,953.3134155273438
8.5859375,953.3119506835938
8.6015625,953.2975463867188
8.6171875,953.2883911132812
8.6328125,953.3121948242188
8.6484375,953.2963256835938
8.6640625,953.3003540039062
8.6796875,953.310302734375
8.6953125,953.3009643554688
8.7109375,953.3005981445312
8.7265625,953.3047485351562
8.7421875,953.3583984375
8.7578125,953.3692016601562
8.7734375,953.4412231445312
8.7890625,953.3689575195312
8.8046875,953.4249267578125
8.8203125,953.3916015625
8.8359375,953.4767456054688
8.8515625,953.4307861328125
8.8671875,953.4933471679688
8.8828125,953.4357299804688
8.8984375,953.4075317382812
8.9140625,953.4176635742188
8.9296875,953.4977416992188
8.9453125,953.4286499023438
8.9609375,953.413818359375
8.9765625,953.4270629882812
8.9921875,953.3956909179688
9.0078125,953.4185791015625
9.0234375,953.4212036132812
9.0390625,953.4595336914062
9.0546875,953.4369506835938
9.0703125,953.4013671875
9.0859375,953.458251953125
9.1015625,953.416748046875
9.1171875,953.4309692382812
9.1328125,953.4408569335938
9.1484375,953.4417724609375
9.1640625,953.434326171875
9.1796875,953.4203491210938
9.1953125,953.4475708007812
9.2109375,953.4913330078125
9.2265625,953.4578857421875
9.2421875,953.4440307617188
9.2578125,953.4794311523438
9.2734375,953.4509887695312
9.2890625,953.4271850585938
9.3046875,953.4702758789062
9.3203125,953.4312133789062
9.3359375,953.4485473632812
9.3515625,953.4408569335938
9.3671875,953.4479370117188
9.3828125,953.4046020507812
9.3984375,953.4282836914062
9.4140625,953.4196166992188
9.4296875,953.4334716796875
9.4453125,953.4041137695312
9.4609375,953.4000854492188
9.4765625,953.4263916015625
9.4921875,953.4140625
9.5078125,953.3948974609375
9.5234375,953.3921508789062
9.5390625,953.3732299804688
9.5546875,953.4005126953125
9.5703125,953.3910522460938
9.5859375,953.3602905273438
9.6015625,953.3729248046875
9.6171875,953.3814086914062
9.6328125,953.358154296875
9.6484375,953.3567504882812
9.6640625,953.3636474609375
9.6796875,953.3571166992188
9.6953125,953.3471069335938
9.7109375,953.3579711914062
9.7265625,953.3575439453125
9.7421875,953.349609375
9.7578125,953.3771362304688
9.7734375,953.3345336914062
9.7890625,953.3421630859375
9.8046875,953.3572998046875
9.8203125,953.3555908203125
9.8359375,953.3592529296875
9.8515625,953.3455200195312
9.8671875,953.3522338867188
9.8828125,953.3599853515625
9.8984375,953.3263549804688
9.9140625,953.3404541015625
9.9296875,953.340576171875
9.9453125,953.3345947265625
9.9609375,953.344970703125
9.9765625,953.3167114257812
9.9921875,953.3453979492188
10.0078125,953.337646484375
10.0234375,953.3242797851562
10.0390625,953.3203735351562
10.0546875,953.30810546875
10.0703125,953.3187866210938
10.0859375,953.3355102539062
10.1015625,953.3182373046875
10.1171875,953.3253173828125
10.1328125,953.3050537109375
10.1484375,953.3029174804688
10.1640625,953.3056030273438
10.1796875,953.3153686523438
10.1953125,953.3050537109375
10.2109375,953.3057861328125
10.2265625,953.2952270507812
10.2421875,953.3016967773438
10.2578125,953.3040161132812
10.2734375,953.2932739257812
10.2890625,953.2994995117188
10.3046875,953.3063354492188
10.3203125,953.2947387695312
10.3359375,953.2880249023438
10.3515625,953.2975463867188
10.3671875,953.3089599609375
10.3828125,953.3001098632812
10.3984375,953.321044921875
10.4140625,953.308349609375
10.4296875,953.30859375
10.4453125,953.3087158203125
10.4609375,953.3185424804688
10.4765625,953.30224609375
10.4921875,953.3081665039062
10.5078125,953.30859375
10.5234375,953.2960205078125
10.5390625,953.3125
10.5546875,953.3443603515625
10.5703125,953.3560791015625
10.5859375,953.4010620117188
10.6015625,953.4471435546875
10.6171875,953.463623046875
10.6328125,953.436767578125
10.6484375,953.4718627929688
10.6640625,953.4783325195312
10.6796875,953.4547729492188
10.6953125,953.5595703125
10.7109375,953.5509033203125
10.7265625,953.4855346679688
10.7421875,953.479736328125
10.7578125,953.5628051757812
10.7734375,953.4228515625
10.7890625,953.4522705078125
10.8046875,953.448974609375
10.8203125,953.4331665039062
10.8359375,953.49365234375
10.8515625,953.464111328125
10.8671875,953.4537963867188
10.8828125,953.443359375
10.8984375,953.4320068359375
10.9140625,953.4649047851562
10.9296875,953.4440307617188
10.9453125,953.4306030273438
10.9609375,953.4579467773438
10.9765625,953.4065551757812
10.9921875,953.4329223632812
11.0078125,953.4451904296875
11.0234375,953.4192504882812
11.0390625,953.4840698242188
11.0546875,953.4727783203125
11.0703125,953.466796875
11.0859375,953.49169921875
11.1015625,953.4537353515625
11.1171875,953.4729614257812
11.1328125,953.4783325195312
11.1484375,953.4684448242188
11.1640625,953.4611206054688
11.1796875,953.4672241210938
11.1953125,953.478515625
11.2109375,953.481201171875
11.2265625,953.5383911132812
11.2421875,953.498046875
11.2578125,953.5008544921875
11.2734375,953.516357421875
11.2890625,953.5978393554688
11.3046875,953.4827270507812
11.3203125,953.4969482421875
11.3359375,953.4896850585938
11.3515625,953.446533203125
11.3671875,953.4412231445312
11.3828125,953.4317016601562
11.3984375,953.45849609375
11.4140625,953.4176635742188
11.4296875,953.3932495117188
11.4453125,953.4009399414062
11.4609375,953.3692626953125
11.4765625,953.391357421875
11.4921875,953.39453125
11.5078125,953.3637084960938
11.5234375,953.39208984375
11.5390625,953.369873046875
11.5546875,953.3630981445312
11.5703125,953.3711547851562
11.5859375,953.3631591796875
11.6015625,953.3641967773438
11.6171875,953.37109375
11.6328125,953.357177734375
11.6484375,953.3712158203125
11.6640625,953.3419189453125
11.6796875,953.3597412109375
11.6953125,953.3577880859375
11.7109375,953.3412475585938
11.7265625,953.33740234375
11.7421875,953.3541870117188
11.7578125,953.34521484375
11.7734375,953.3474731445312
11.7890625,953.3306884765625
11.8046875,953.3539428710938
11.8203125,953.3399658203125
11.8359375,953.3270874023438
11.8515625,953.3316040039062
11.8671875,953.3369140625
11.8828125,953.3363647460938
11.8984375,953.3500366210938
11.9140625,953.3239135742188
11.9296875,953.3457641601562
11.9453125,953.3282470703125
11.9609375,953.3207397460938
11.9765625,953.3208618164062
11.9921875,953.323486328125
12.0078125,953.32177734375
12.0234375,953.3187866210938
12.0390625,953.3187255859375
12.0546875,953.3145141601562
12.0703125,953.3390502929688
12.0859375,953.3286743164062
12.1015625,953.3214721679688
12.1171875,953.3128662109375
12.1328125,953.3114624023438
12.1484375,953.308349609375
12.1640625,953.3080444335938
12.1796875,953.3146362304688
12.1953125,953.31396484375
12.2109375,953.3070678710938
12.2265625,953.2958374023438
12.2421875,953.3128662109375
12.2578125,953.31396484375
12.2734375,953.3092041015625
12.2890625,953.3073120117188
12.3046875,953.3129272460938
12.3203125,953.3221435546875
12.3359375,953.322998046875
12.3515625,953.3448486328125
12.3671875,953.353515625
12.3828125,953.421142578125
12.3984375,953.4093017578125
12.4140625,953.429443359375
12.4296875,953.4557495117188
12.4453125,953.4269409179688
12.4609375,953.4283447265625
12.4765625,953.471923828125
12.4921875,953.4871826171875
12.5078125,953.4708862304688
12.5234375,953.49951171875
12.5390625,953.4483642578125
12.5546875,953.486083984375
12.5703125,953.4777221679688
12.5859375,953.4380493164062
12.6015625,953.5831909179688
12.6171875,953.4994506835938
12.6328125,953.5411987304688
12.6484375,953.509033203125
12.6640625,953.5625
12.6796875,953.5491943359375
12.6953125,953.4295654296875
12.7109375,953.5546875
12.7265625,953.4845581054688
12.7421875,953.434814453125
12.7578125,953.4912109375
12.7734375,953.453857421875
12.7890625,953.5030517578125
12.8046875,953.4351196289062
12.8203125,953.4345092773438
12.8359375,953.4536743164062
12.8515625,953.4921875
12.8671875,953.4801635742188
12.8828125,953.4364624023438
12.8984375,953.5217895507812
12.9140625,953.4668579101562
12.9296875,953.5015258789062
12.9453125,953.4825439453125
12.9609375,953.4989624023438
12.9765625,953.518798828125
12.9921875,953.4533081054688
13.0078125,953.4727172851562
13.0234375,953.4594116210938
13.0390625,953.4876098632812
13.0546875,953.4573364257812
13.0703125,953.49560546875
13.0859375,953.47021484375
13.1015625,953.457763671875
13.1171875,953.4457397460938
13.1328125,953.4947509765625
13.1484375,953.4320678710938
13.1640625,953.4067993164062
13.1796875,953.3935546875
13.1953125,953.3864135742188
13.2109375,953.4013671875
13.2265625,953.3743286132812
13.2421875,953.3761596679688
13.2578125,953.3626098632812
13.2734375,953.3610229492188
13.2890625,953.3804321289062
13.3046875,953.3798828125
13.3203125,953.3613891601562
13.3359375,953.362060546875
13.3515625,953.3617553710938
13.3671875,953.345703125
13.3828125,953.3480224609375
13.3984375,953.3501586914062
13.4140625,953.3482055664062
13.4296875,953.3524169921875
13.4453125,953.3518676757812
13.4609375,953.3233642578125
13.4765625,953.324951171875
13.4921875,953.323974609375
13.5078125,953.3311767578125
13.5234375,953.362548828125
13.5390625,953.3303833007812
13.5546875,953.3309326171875
13.5703125,953.362060546875
13.5859375,953.3364868164062
13.6015625,953.345458984375
13.6171875,953.3541259765625
13.6328125,953.3359375
13.6484375,953.3198852539062
13.6640625,953.337890625
13.6796875,953.3190307617188
13.6953125,953.3514404296875
13.7109375,953.3441772460938
13.7265625,953.3200073242188
13.7421875,953.339599609375
13.7578125,953.303466796875
13.7734375,953.3184814453125
13.7890625,953.3270263671875
13.8046875,953.32177734375
13.8203125,953.3345947265625
13.8359375,953.3331909179688
13.8515625,953.3137817382812
13.8671875,953.3377685546875
13.8828125,953.3440551757812
13.8984375,953.316162109375
13.9140625,953.319091796875
13.9296875,953.3173217773438
13.9453125,953.3156127929688
13.9609375,953.3130493164062
13.9765625,953.322998046875
13.9921875,953.3098754882812
14.0078125,953.3228759765625
14.0234375,953.3248291015625
14.0390625,953.3181762695312
14.0546875,953.3115234375
14.0703125,953.330810546875
14.0859375,953.313232421875
14.1015625,953.3298950195312
14.1171875,953.3226318359375
14.1328125,953.3239135742188
14.1484375,953.3396606445312
14.1640625,953.3589477539062
14.1796875,953.4242553710938
14.1953125,953.3869018554688
14.2109375,953.4202270507812
14.2265625,953.4652709960938
14.2421875,953.4701538085938
14.2578125,953.4331665039062
14.2734375,953.4351196289062
14.2890625,953.5368041992188
14.3046875,953.4794921875
14.3203125,953.607177734375
14.3359375,953.568115234375
14.3515625,953.5254516601562
14.3671875,953.521484375
14.3828125,953.5372924804688
14.3984375,953.5265502929688
14.4140625,953.5894165039062
14.4296875,953.4735107421875
14.4453125,953.599609375
14.4609375,953.4691162109375
14.4765625,953.5247192382812
14.4921875,953.4888916015625
14.5078125,953.5266723632812
14.5234375,953.5440673828125
14.5390625,953.4957885742188
14.5546875,953.5254516601562
14.5703125,953.5587768554688
14.5859375,953.5453491210938
14.6015625,953.6206665039062
14.6171875,953.4944458007812
14.6328125,953.5275268554688
14.6484375,953.5646362304688
14.6640625,953.5794067382812
14.6796875,953.5238037109375
14.6953125,953.5186767578125
14.7109375,953.57373046875
14.7265625,953.6127319335938
14.7421875,953.5712890625
14.7578125,953.6243286132812
14.7734375,953.5341186523438
14.7890625,953.5360717773438
14.8046875,953.5365600585938
14.8203125,953.4849243164062
14.8359375,953.4356079101562
14.8515625,953.4877319335938
14.8671875,953.4713745117188
14.8828125,953.4554443359375
14.8984375,953.443359375
14.9140625,953.4415283203125
14.9296875,953.4240112304688
14.9453125,953.471435546875
14.9609375,953.4181518554688
14.9765625,953.4196166992188
14.9921875,953.4039916992188
15.0078125,953.408203125
15.0234375,953.4119873046875
15.0390625,953.3978881835938
15.0546875,953.3739013671875
15.0703125,953.4164428710938
15.0859375,953.3878784179688
15.1015625,953.396240234375
15.1171875,953.3776245117188
15.1328125,953.3639526367188
15.1484375,953.3649291992188
15.1640625,953.3551635742188
15.1796875,953.3723754882812
15.1953125,953.3673706054688
15.2109375,953.366455078125
15.2265625,953.3567504882812
15.2421875,953.3633422851562
15.2578125,953.3380737304688
15.2734375,953.35693359375
15.2890625,953.3617553710938
15.3046875,953.3463134765625
15.3203125,953.3552856445312
15.3359375,953.3539428710938
15.3515625,953.3426513671875
15.3671875,953.3297729492188
15.3828125,953.3429565429688
15.3984375,953.35302734375
15.4140625,953.3472290039062
15.4296875,953.3477783203125
15.4453125,953.3447265625
15.4609375,953.3550415039062
15.4765625,953.34326171875
15.4921875,953.3327026367188
15.5078125,953.3307495117188
15.5234375,953.3405151367188
15.5390625,953.323486328125
15.5546875,953.329833984375
15.5703125,953.324951171875
15.5859375,953.327880859375
15.6015625,953.3323364257812
15.6171875,953.3302612304688
15.6328125,953.321533203125
15.6484375,953.3357543945312
15.6640625,953.3324584960938
15.6796875,953.3233642578125
15.6953125,953.3201904296875
15.7109375,953.3361206054688
15.7265625,953.3296508789062
15.7421875,953.3239135742188
15.7578125,953.3219604492188
15.7734375,953.3217163085938
15.7890625,953.3192749023438
15.8046875,953.3156127929688
15.8203125,953.3112182617188
15.8359375,953.3121948242188
15.8515625,953.3262329101562
15.8671875,953.3065185546875
15.8828125,953.3103637695312
15.8984375,953.310546875
15.9140625,953.3079223632812
15.9296875,953.3024291992188
15.9453125,953.3090209960938
15.9609375,953.3374633789062
15.9765625,953.3267211914062
15.9921875,953.3114624023438
16.0078125,953.31640625
16.0234375,953.31591796875
16.0390625,953.3101196289062
16.0546875,953.3095703125
16.0703125,953.3116455078125
16.0859375,953.3209228515625
16.1015625,953.3082885742188
16.1171875,953.3102416992188
16.1328125,953.3370971679688
16.1484375,953.3190307617188
16.1640625,953.3681640625
16.1796875,953.4052734375
16.1953125,953.4297485351562
16.2109375,953.4439697265625
16.2265625,953.4403686523438
16.2421875,953.4469604492188
16.2578125,953.4571533203125
16.2734375,953.436767578125
16.2890625,953.4755859375
16.3046875,953.4630737304688
16.3203125,953.4429321289062
16.3359375,953.4470825195312
16.3515625,953.4302368164062
16.3671875,953.4076538085938
16.3828125,953.3485717773438
16.3984375,953.4334106445312
16.4140625,953.4532470703125
16.4296875,953.40966796875
16.4453125,953.4332885742188
16.4609375,953.4171752929688
16.4765625,953.4462280273438
16.4921875,953.4235229492188
16.5078125,953.4674682617188
16.5234375,953.4891967773438
16.5390625,953.4555053710938
16.5546875,953.412109375
16.5703125,953.4235229492188
16.5859375,953.4711303710938
16.6015625,953.4102172851562
16.6171875,953.4727172851562
16.6328125,953.4341430664062
16.6484375,953.4196166992188
16.6640625,953.4454345703125
16.6796875,953.432373046875
16.6953125,953.4398193359375
16.7109375,953.462646484375
16.7265625,953.5330810546875
16.7421875,953.4603881835938
16.7578125,953.4609985351562
16.7734375,953.42333984375
16.7890625,953.4786376953125
16.8046875,953.4456787109375
16.8203125,953.4152221679688
16.8359375,953.395263671875
16.8515625,953.4677124023438
16.8671875,953.4185180664062
16.8828125,953.4077758789062
16.8984375,953.4259643554688
16.9140625,953.4453125
16.9296875,953.46044921875
16.9453125,953.4520263671875
16.9609375,953.3955078125
16.9765625,953.3887329101562
16.9921875,953.3756103515625
17.0078125,953.3837890625
17.0234375,953.3912353515625
17.0390625,953.361083984375
17.0546875,953.3614501953125
17.0703125,953.3704223632812
17.0859375,953.3670043945312
17.1015625,953.3597412109375
17.1171875,953.380615234375
17.1328125,953.35498046875
17.1484375,953.3621826171875
17.1640625,953.3594360351562
17.1796875,953.3571166992188
17.1953125,953.3817138671875
17.2109375,953.3653564453125
17.2265625,953.3589477539062
17.2421875,953.3519897460938
17.2578125,953.3549194335938
17.2734375,953.358642578125
17.2890625,953.3416748046875
17.3046875,953.34716796875
17.3203125,953.3644409179688
17.3359375,953.354248046875
17.3515625,953.3544311523438
17.3671875,953.356201171875
17.3828125,953.3351440429688
17.3984375,953.3268432617188
17.4140625,953.3349609375
17.4296875,953.3516235351562
17.4453125,953.348876953125
17.4609375,953.3404541015625
17.4765625,953.331298828125
17.4921875,953.3240966796875
17.5078125,953.3154296875
17.5234375,953.3284301757812
17.5390625,953.3011474609375
17.5546875,953.3125
17.5703125,953.3087158203125
17.5859375,953.29443359375
17.6015625,953.3065185546875
17.6171875,953.30078125
17.6328125,953.3011474609375
17.6484375,953.291015625
17.6640625,953.3134765625
17.6796875,953.3204956054688
17.6953125,953.2988891601562
17.7109375,953.3059692382812
17.7265625,953.2969970703125
17.7421875,953.2805786132812
17.7578125,953.2975463867188
17.7734375,953.2899169921875
17.7890625,953.3030395507812
17.8046875,953.3090209960938
17.8203125,953.2899169921875
17.8359375,953.2869262695312
17.8515625,953.2988891601562
17.8671875,953.2960205078125
17.8828125,953.2861328125
17.8984375,953.2911987304688
17.9140625,953.2988891601562
17.9296875,953.2852783203125
17.9453125,953.2905883789062
17.9609375,953.3009033203125
17.9765625,953.2835083007812
17.9921875,953.2896118164062
18.0078125,953.2960815429688
18.0234375,953.3187255859375
18.0390625,953.371826171875
18.0546875,953.3912963867188
18.0703125,953.3720703125
18.0859375,953.3767700195312
18.1015625,953.4032592773438
18.1171875,953.4052124023438
18.1328125,953.4551391601562
18.1484375,953.4300537109375
18.1640625,953.4384765625
18.1796875,953.4306640625
18.1953125,953.5143432617188
18.2109375,953.4314575195312
18.2265625,953.4683227539062
18.2421875,953.46484375
18.2578125,953.513427734375
18.2734375,953.459716796875
18.2890625,953.4840698242188
18.3046875,953.5729370117188
18.3203125,953.4327392578125
18.3359375,953.4921875
18.3515625,953.4620361328125
18.3671875,953.491943359375
18.3828125,953.5501098632812
18.3984375,953.4498291015625
18.4140625,953.4848022460938
18.4296875,953.4418334960938
18.4453125,953.5021362304688
18.4609375,953.4305419921875
18.4765625,953.5239868164062
18.4921875,953.5864868164062
18.5078125,953.4984130859375
18.5234375,953.5555419921875
18.5390625,953.5171508789062
18.5546875,953.4942016601562
18.5703125,953.5177612304688
18.5859375,953.5155029296875
18.6015625,953.5502319335938
18.6171875,953.5299682617188
18.6328125,953.5512084960938
18.6484375,953.5530395507812
18.6640625,953.4989013671875
18.6796875,953.4437866210938
18.6953125,953.5415649414062
18.7109375,953.541015625
18.7265625,953.49951171875
18.7421875,953.4862060546875
18.7578125,953.4868774414062
18.7734375,953.4891967773438
18.7890625,953.4992065429688
18.8046875,953.4380493164062
18.8203125,953.4572143554688
18.8359375,953.4400024414062
18.8515625,953.4729614257812
18.8671875,953.4313354492188
18.8828125,953.4356689453125
18.8984375,953.4244384765625
18.9140625,953.3966674804688
18.9296875,953.4053955078125
18.9453125,953.4017944335938
18.9609375,953.3991088867188
18.9765625,953.3681030273438
18.9921875,953.3651123046875
19.0078125,953.3809204101562
19.0234375,953.3682861328125
19.0390625,953.3844604492188
19.0546875,953.37890625
19.0703125,953.3981323242188
19.0859375,953.3663330078125
19.1015625,953.3678588867188
19.1171875,953.3743286132812
19.1328125,953.3974609375
19.1484375,953.3662109375
19.1640625,953.3937377929688
19.1796875,953.3734741210938
19.1953125,953.3648071289062
19.2109375,953.3604736328125
19.2265625,953.3726196289062
19.2421875,953.3678588867188
19.2578125,953.371826171875
19.2734375,953.3645629882812
19.2890625,953.3634643554688
19.3046875,953.363037109375
19.3203125,953.3712158203125
19.3359375,953.3412475585938
19.3515625,953.3635864257812
19.3671875,953.3540649414062
19.3828125,953.3515625
19.3984375,953.3458862304688
19.4140625,953.3480224609375
19.4296875,953.3374633789062
19.4453125,953.331298828125
19.4609375,953.3436279296875
19.4765625,953.3491821289062
19.4921875,953.3233642578125
19.5078125,953.3424682617188
19.5234375,953.3350830078125
19.5390625,953.333984375
19.5546875,953.3363037109375
19.5703125,953.333251953125
19.5859375,953.322998046875
19.6015625,953.343505859375
19.6171875,953.3193359375
19.6328125,953.33154296875
19.6484375,953.3319091796875
19.6640625,953.3253173828125
19.6796875,953.3148193359375
19.6953125,953.326171875
19.7109375,953.3196411132812
19.7265625,953.3189697265625
19.7421875,953.3164672851562
19.7578125,953.3114013671875
19.7734375,953.3089599609375
19.7890625,953.3225708007812
19.8046875,953.3123168945312
19.8203125,953.3176879882812
19.8359375,953.3228149414062
19.8515625,953.3153686523438
19.8671875,953.38427734375
19.8828125,953.3967895507812
19.8984375,953.4161987304688
19.9140625,953.4122924804688
19.9296875,953.4533081054688
19.9453125,953.4175415039062
19.9609375,953.47021484375
19.9765625,953.4149169921875
19.9921875,953.4727172851562
20.0078125,953.462158203125
20.0234375,953.4835205078125
20.0390625,953.4716186523438
20.0546875,953.4822387695312
20.0703125,953.4561767578125
20.0859375,953.486328125
20.1015625,953.4699096679688
20.1171875,953.536865234375
20.1328125,953.4370727539062
20.1484375,953.4884643554688
20.1640625,953.4931030273438
20.1796875,953.5614013671875
20.1953125,953.5223999023438
20.2109375,953.4802856445312
20.2265625,953.4415893554688
20.2421875,953.5512084960938
20.2578125,953.5216674804688
20.2734375,953.4940185546875
20.2890625,953.4590454101562
20.3046875,953.5352783203125
20.3203125,953.4678955078125
20.3359375,953.5514526367188
20.3515625,953.5103149414062
20.3671875,953.4722290039062
20.3828125,953.4662475585938
20.3984375,953.4357299804688
20.4140625,953.4793701171875
20.4296875,953.4801635742188
20.4453125,953.4828491210938
20.4609375,953.4799194335938
20.4765625,953.4462890625
20.4921875,953.4950561523438
20.5078125,953.4749755859375
20.5234375,953.494140625
20.5390625,953.4506225585938
20.5546875,953.4490356445312
20.5703125,953.4552001953125
20.5859375,953.4336547851562
20.6015625,953.462890625
20.6171875,953.4395141601562
20.6328125,953.4591064453125
20.6484375,953.407958984375
20.6640625,953.4362182617188
20.6796875,953.384521484375
20.6953125,953.3949584960938
20.7109375,953.3614501953125
20.7265625,953.3851318359375
20.7421875,953.3624267578125
20.7578125,953.3610229492188
20.7734375,953.3644409179688
20.7890625,953.3678588867188
20.8046875,953.3546752929688
20.8203125,953.3567504882812
20.8359375,953.360107421875
20.8515625,953.3628540039062
20.8671875,953.3564453125
20.8828125,953.3482666015625
20.8984375,953.3499145507812
20.9140625,953.3382568359375
20.9296875,953.3595581054688
20.9453125,953.3488159179688
20.9609375,953.3538208007812
20.9765625,953.3427734375
20.9921875,953.3511352539062
21.0078125,953.3479614257812
21.0234375,953.3405151367188
21.0390625,953.3440551757812
21.0546875,953.3184204101562
21.0703125,953.3279418945312
21.0859375,953.3211669921875
21.1015625,953.3468627929688
21.1171875,953.344970703125
21.1328125,953.3320922851562
21.1484375,953.3330078125
21.1640625,953.3074951171875
21.1796875,953.3240966796875
21.1953125,953.3106079101562
21.2109375,953.3234252929688
21.2265625,953.3184204101562
21.2421875,953.3265380859375
21.2578125,953.3186645507812
21.2734375,953.322998046875
21.2890625,953.319580078125
21.3046875,953.309326171875
21.3203125,953.307373046875
21.3359375,953.3034057617188
21.3515625,953.3119506835938
21.3671875,953.3161010742188
21.3828125,953.3147583007812
21.3984375,953.3175659179688
21.4140625,953.3087158203125
21.4296875,953.3125
21.4453125,953.305908203125
21.4609375,953.306640625
21.4765625,953.3071899414062
21.4921875,953.3001098632812
21.5078125,953.30029296875
21.5234375,953.2913818359375
21.5390625,953.2958374023438
21.5546875,953.3047485351562
21.5703125,953.3175659179688
21.5859375,953.3072509765625
21.6015625,953.30615234375
21.6171875,953.3074951171875
21.6328125,953.3063354492188
21.6484375,953.3192749023438
21.6640625,953.3090209960938
21.6796875,953.3355102539062
21.6953125,953.3804321289062
21.7109375,953.387939453125
21.7265625,953.3955078125
21.7421875,953.4376220703125
21.7578125,953.4752807617188
21.7734375,953.4479370117188
21.7890625,953.3829345703125
21.8046875,953.4281616210938
21.8203125,953.3790283203125
21.8359375,953.4041748046875
21.8515625,953.4306640625
21.8671875,953.4736328125
21.8828125,953.3904418945312
21.8984375,953.4347534179688
21.9140625,953.4326171875
21.9296875,953.5062866210938
21.9453125,953.432373046875
21.9609375,953.477783203125
21.9765625,953.447998046875
21.9921875,953.4473876953125
22.0078125,953.479248046875
22.0234375,953.501220703125
22.0390625,953.4677734375
22.0546875,953.4423828125
22.0703125,953.4398193359375
22.0859375,953.4813232421875
22.1015625,953.4601440429688
22.1171875,953.4387817382812
22.1328125,953.4320678710938
22.1484375,953.4909057617188
22.1640625,953.4777221679688
22.1796875,953.4225463867188
22.1953125,953.464111328125
22.2109375,953.3988037109375
22.2265625,953.4302978515625
22.2421875,953.441162109375
22.2578125,953.454833984375
22.2734375,953.4161987304688
22.2890625,953.4375610351562
22.3046875,953.4143676757812
22.3203125,953.3927001953125
22.3359375,953.4048461914062
22.3515625,953.41796875
22.3671875,953.4093627929688
22.3828125,953.4140625
22.3984375,953.3872680664062
22.4140625,953.4341430664062
22.4296875,953.4046630859375
22.4453125,953.427734375
22.4609375,953.4065551757812
22.4765625,953.401123046875
22.4921875,953.3882446289062
22.5078125,953.3917236328125
22.5234375,953.3826293945312
22.5390625,953.3929443359375
22.5546875,953.3971557617188
22.5703125,953.3782348632812
22.5859375,953.3851928710938
22.6015625,953.3609008789062
22.6171875,953.3530883789062
22.6328125,953.362548828125
22.6484375,953.3626098632812
22.6640625,953.3543701171875
22.6796875,953.3250732421875
22.6953125,953.3595581054688
22.7109375,953.3524169921875
22.7265625,953.3588256835938
22.7421875,953.3466186523438
22.7578125,953.3540649414062
22.7734375,953.3614501953125
22.7890625,953.3479614257812
22.8046875,953.3530883789062
22.8203125,953.3510131835938
22.8359375,953.3250732421875
22.8515625,953.3322143554688
22.8671875,953.3307495117188
22.8828125,953.3517456054688
22.8984375,953.3307495117188
22.9140625,953.3320922851562
22.9296875,953.3453979492188
22.9453125,953.3366088867188
22.9609375,953.3482055664062
22.9765625,953.3365478515625
22.9921875,953.3236694335938
23.0078125,953.329345703125
23.0234375,953.3490600585938
23.0390625,953.33544921875
23.0546875,953.32958984375
23.0703125,953.3233642578125
23.0859375,953.33544921875
23.1015625,953.3336791992188
23.1171875,953.3194580078125
23.1328125,953.3186645507812
23.1484375,953.3421630859375
23.1640625,953.3458862304688
23.1796875,953.3197631835938
23.1953125,953.3223266601562
23.2109375,953.3468017578125
23.2265625,953.328857421875
23.2421875,953.3331298828125
23.2578125,953.3204345703125
23.2734375,953.320068359375
23.2890625,953.3097534179688
23.3046875,953.3218383789062
23.3203125,953.3117065429688
23.3359375,953.3089599609375
23.3515625,953.3170166015625
23.3671875,953.3206787109375
23.3828125,953.31982421875
23.3984375,953.3212280273438
23.4140625,953.3095092773438
23.4296875,953.322265625
23.4453125,953.3175659179688
23.4609375,953.3331909179688
23.4765625,953.3204345703125
23.4921875,953.3212280273438
23.5078125,953.3244018554688
23.5234375,953.3101196289062
23.5390625,953.3201904296875
23.5546875,953.30859375
23.5703125,953.3186645507812
23.5859375,953.333251953125
23.6015625,953.3882446289062
23.6171875,953.357421875
23.6328125,953.3952026367188
23.6484375,953.4080810546875
23.6640625,953.4977416992188
23.6796875,953.4063720703125
23.6953125,953.4854736328125
23.7109375,953.5211791992188
23.7265625,953.4846801757812
23.7421875,953.503662109375
23.7578125,953.5665893554688
23.7734375,953.6205444335938
23.7890625,953.4783325195312
23.8046875,953.5834350585938
23.8203125,953.4942016601562
23.8359375,953.538818359375
23.8515625,953.4984130859375
23.8671875,953.518310546875
23.8828125,953.4758911132812
23.8984375,953.5653686523438
23.9140625,953.5100708007812
23.9296875,953.4430541992188
23.9453125,953.5546875
23.9609375,953.4744873046875
23.9765625,953.512939453125
23.9921875,953.4838256835938
24.0078125,953.6591796875
24.0234375,953.5630493164062
24.0390625,953.5431518554688
24.0546875,953.5209350585938
24.0703125,953.594482421875
24.0859375,953.517333984375
24.1015625,953.5147705078125
24.1171875,953.4838256835938
24.1328125,953.4880981445312
24.1484375,953.4996948242188
24.1640625,953.5469970703125
24.1796875,953.4994506835938
24.1953125,953.467529296875
24.2109375,953.5499877929688
24.2265625,953.5326538085938
24.2421875,953.492919921875
24.2578125,953.5199584960938
24.2734375,953.4447631835938
24.2890625,953.4719848632812
24.3046875,953.4758911132812
24.3203125,953.4779663085938
24.3359375,953.4188842773438
24.3515625,953.4570922851562
24.3671875,953.4297485351562
24.3828125,953.435302734375
24.3984375,953.4219360351562
24.4140625,953.41552734375
24.4296875,953.392333984375
24.4453125,953.3920288085938
24.4609375,953.3991088867188
24.4765625,953.3829956054688
24.4921875,953.3701171875
24.5078125,953.3590698242188
24.5234375,953.339599609375
24.5390625,953.3654174804688
24.5546875,953.3529663085938
24.5703125,953.3642578125
24.5859375,953.3617553710938
24.6015625,953.3739013671875
24.6171875,953.3681030273438
24.6328125,953.3546752929688
24.6484375,953.3594360351562
24.6640625,953.3667602539062
24.6796875,953.36474609375
24.6953125,953.35888671875
24.7109375,953.362548828125
24.7265625,953.359375
24.7421875,953.3418579101562
24.7578125,953.3368530273438
24.7734375,953.36279296875
24.7890625,953.359130859375
24.8046875,953.3408203125
24.8203125,953.3483276367188
24.8359375,953.3507080078125
24.8515625,953.3444213867188
24.8671875,953.3323364257812
24.8828125,953.3512573242188
24.8984375,953.33984375
24.9140625,953.3312377929688
24.9296875,953.3551635742188
24.9453125,953.3436279296875
24.9609375,953.3311767578125
24.9765625,953.3323364257812
24.9921875,953.3304443359375
25.0078125,953.3524780273438
25.0234375,953.3348388671875
25.0390625,953.33740234375
25.0546875,953.3375854492188
25.0703125,953.327880859375
25.0859375,953.3296508789062
25.1015625,953.3299560546875
25.1171875,953.3276977539062
25.1328125,953.335205078125
25.1484375,953.3527221679688
25.1640625,953.3291015625
25.1796875,953.3310546875
25.1953125,953.3117065429688
25.2109375,953.3245849609375
25.2265625,953.3112182617188
25.2421875,953.3170166015625
25.2578125,953.3198852539062
25.2734375,953.3257446289062
25.2890625,953.3307495117188
25.3046875,953.338623046875
25.3203125,953.3387451171875
25.3359375,953.3253784179688
25.3515625,953.3231811523438
25.3671875,953.3220825195312
25.3828125,953.3137817382812
25.3984375,953.3385009765625
25.4140625,953.3367919921875
25.4296875,953.3448486328125
25.4453125,953.3309936523438
25.4609375,953.3438720703125
25.4765625,953.354736328125
25.4921875,953.3854370117188
25.5078125,953.3854370117188
25.5234375,953.4458618164062
25.5390625,953.3864135742188
25.5546875,953.4422607421875
25.5703125,953.446044921875
25.5859375,953.4295654296875
25.6015625,953.4439086914062
25.6171875,953.4411010742188
25.6328125,953.556640625
25.6484375,953.5054321289062
25.6640625,953.445068359375
25.6796875,953.4981689453125
25.6953125,953.41357421875
25.7109375,953.521240234375
25.7265625,953.42333984375
25.7421875,953.5000610351562
25.7578125,953.5044555664062
25.7734375,953.493896484375
25.7890625,953.4630126953125
25.8046875,953.4735717773438
25.8203125,953.4946899414062
25.8359375,953.4637451171875
25.8515625,953.5548095703125
25.8671875,953.4293823242188
25.8828125,953.4746704101562
25.8984375,953.4989013671875
25.9140625,953.4575805664062
25.9296875,953.408935546875
25.9453125,953.4280395507812
25.9609375,953.4129638671875
25.9765625,953.4649047851562
25.9921875,953.4068603515625
26.0078125,953.416748046875
26.0234375,953.3896484375
26.0390625,953.4327392578125
26.0546875,953.428466796875
26.0703125,953.4268798828125
26.0859375,953.4376220703125
26.1015625,953.4498291015625
26.1171875,953.438720703125
26.1328125,953.4400024414062
26.1484375,953.4754638671875
26.1640625,953.472412109375
26.1796875,953.466552734375
26.1953125,953.4489135742188
26.2109375,953.4830932617188
26.2265625,953.4700317382812
26.2421875,953.4266357421875
26.2578125,953.462890625
26.2734375,953.4172973632812
26.2890625,953.3753051757812
26.3046875,953.3793334960938
26.3203125,953.36279296875
26.3359375,953.3781127929688
26.3515625,953.3720092773438
26.3671875,953.3646850585938
26.3828125,953.3656005859375
26.3984375,953.3681640625
26.4140625,953.3641967773438
26.4296875,953.3341674804688
26.4453125,953.36083984375
26.4609375,953.36279296875
26.4765625,953.362060546875
26.4921875,953.3344116210938
26.5078125,953.3616333007812
26.5234375,953.3499755859375
26.5390625,953.3465576171875
26.5546875,953.351318359375
26.5703125,953.3538208007812
26.5859375,953.3404541015625
26.6015625,953.3502807617188
26.6171875,953.3516235351562
26.6328125,953.3319091796875
26.6484375,953.3318481445312
26.6640625,953.3435668945312
26.6796875,953.3432006835938
26.6953125,953.3361206054688
26.7109375,953.341796875
26.7265625,953.337890625
26.7421875,953.3217163085938
26.7578125,953.3189086914062
26.7734375,953.3229370117188
26.7890625,953.3346557617188
26.8046875,953.3289794921875
26.8203125,953.3178100585938
26.8359375,953.3233642578125
26.8515625,953.3323974609375
26.8671875,953.31591796875
26.8828125,953.3284301757812
26.8984375,953.3215942382812
26.9140625,953.326904296875
26.9296875,953.3206787109375
26.9453125,953.3279418945312
26.9609375,953.319091796875
26.9765625,953.3173828125
26.9921875,953.3094482421875
27.0078125,953.3067626953125
27.0234375,953.3232421875
27.0390625,953.3055419921875
27.0546875,953.3193359375
27.0703125,953.3219604492188
27.0859375,953.329833984375
27.1015625,953.311279296875
27.1171875,953.3233642578125
27.1328125,953.3128051757812
27.1484375,953.3290405273438
27.1640625,953.3153686523438
27.1796875,953.3074951171875
27.1953125,953.3027954101562
27.2109375,953.3146362304688
27.2265625,953.3128662109375
27.2421875,953.2977294921875
27.2578125,953.30419921875
27.2734375,953.3211669921875
27.2890625,953.3115234375
27.3046875,953.3147583007812
27.3203125,953.3042602539062
27.3359375,953.3058471679688
27.3515625,953.311279296875
27.3671875,953.31787109375
27.3828125,953.3117065429688
27.3984375,953.308349609375
27.4140625,953.3065185546875
27.4296875,953.3032836914062
27.4453125,953.303955078125
27.4609375,953.3052368164062
27.4765625,953.3226318359375
27.4921875,953.3807373046875
27.5078125,953.3419799804688
27.5234375,953.3658447265625
27.5390625,953.4364624023438
27.5546875,953.5462036132812
27.5703125,953.5704956054688
27.5859375,953.5802001953125
27.6015625,953.578857421875
27.6171875,953.4825439453125
27.6328125,953.520263671875
27.6484375,953.5452270507812
27.6640625,953.4994506835938
27.6796875,953.4631958007812
27.6953125,953.4551391601562
27.7109375,953.4711303710938
27.7265625,953.478515625
27.7421875,953.4724731445312
27.7578125,953.4827880859375
27.7734375,953.4896850585938
27.7890625,953.4749755859375
27.8046875,953.4800415039062
27.8203125,953.5555419921875
27.8359375,953.5067749023438
27.8515625,953.51953125
27.8671875,953.564453125
27.8828125,953.5321044921875
27.8984375,953.4641723632812
27.9140625,953.5338134765625
27.9296875,953.5848388671875
27.9453125,953.6388549804688
27.9609375,953.5067138671875
27.9765625,953.5120849609375
27.9921875,953.5706787109375
28.0078125,953.5265502929688
28.0234375,953.540283203125
28.0390625,953.5388793945312
28.0546875,953.4446411132812
28.0703125,953.4747314453125
28.0859375,953.4528198242188
28.1015625,953.4183959960938
28.1171875,953.409912109375
28.1328125,953.4129638671875
28.1484375,953.4302368164062
28.1640625,953.4061279296875
28.1796875,953.4462280273438
28.1953125,953.4183959960938
28.2109375,953.413330078125
28.2265625,953.412841796875
28.2421875,953.4383544921875
28.2578125,953.4197998046875
28.2734375,953.42138671875
28.2890625,953.4219360351562
28.3046875,953.391357421875
28.3203125,953.3915405273438
28.3359375,953.3797607421875
28.3515625,953.3867797851562
28.3671875,953.3765258789062
28.3828125,953.3602905273438
28.3984375,953.368896484375
28.4140625,953.3599853515625
28.4296875,953.3575439453125
28.4453125,953.3603515625
28.4609375,953.3375854492188
28.4765625,953.3438110351562
28.4921875,953.3538208007812
28.5078125,953.340576171875
28.5234375,953.3432006835938
28.5390625,953.3418579101562
28.5546875,953.3342895507812
28.5703125,953.3374633789062
28.5859375,953.3256225585938
28.6015625,953.3342895507812
28.6171875,953.3184204101562
28.6328125,953.3268432617188
28.6484375,953.315185546875
28.6640625,953.3306884765625
28.6796875,953.3187255859375
28.6953125,953.3169555664062
28.7109375,953.3150024414062
28.7265625,953.3106079101562
28.7421875,953.3117065429688
28.7578125,953.3052978515625
28.7734375,953.3016357421875
28.7890625,953.3024291992188
28.8046875,953.3121948242188
28.8203125,953.294677734375
28.8359375,953.296875
28.8515625,953.3115234375
28.8671875,953.312255859375
28.8828125,953.3031616210938
28.8984375,953.3154296875
28.9140625,953.2952270507812
28.9296875,953.30078125
28.9453125,953.300537109375
28.9609375,953.314453125
28.9765625,953.2993774414062
28.9921875,953.2880859375
29.0078125,953.309814453125
29.0234375,953.2922973632812
29.0390625,953.2963256835938
29.0546875,953.3051147460938
29.0703125,953.3030395507812
29.0859375,953.2896728515625
29.1015625,953.2986450195312
29.1171875,953.2988891601562
29.1328125,953.3158569335938
29.1484375,953.2999267578125
29.1640625,953.3256225585938
29.1796875,953.3116455078125
29.1953125,953.30078125
29.2109375,953.2852172851562
29.2265625,953.2973022460938
29.2421875,953.2907104492188
29.2578125,953.3115234375
29.2734375,953.31787109375
29.2890625,953.3203735351562
29.3046875,953.3745727539062
29.3203125,953.3270263671875
29.3359375,953.3486328125
29.3515625,953.350341796875
29.3671875,953.3812866210938
29.3828125,953.3801879882812
29.3984375,953.4264526367188
29.4140625,953.4032592773438
29.4296875,953.4049682617188
29.4453125,953.4330444335938
29.4609375,953.4588623046875
29.4765625,953.4585571289062
29.4921875,953.3794555664062
29.5078125,953.449951171875
29.5234375,953.4462890625
29.5390625,953.4028930664062
29.5546875,953.4085083007812
29.5703125,953.401611328125
29.5859375,953.40576171875
29.6015625,953.4446411132812
29.6171875,953.4684448242188
29.6328125,953.3898315429688
29.6484375,953.3939819335938
29.6640625,953.4017944335938
29.6796875,953.3745727539062
29.6953125,953.4183959960938
29.7109375,953.3821411132812
29.7265625,953.4105834960938
29.7421875,953.370849609375
29.7578125,953.4113159179688
29.7734375,953.4354248046875
29.7890625,953.4482421875
29.8046875,953.4032592773438
29.8203125,953.4006958007812
29.8359375,953.4212036132812
29.8515625,953.4057006835938
29.8671875,953.3794555664062
29.8828125,953.378662109375
29.8984375,953.3821411132812
29.9140625,953.3864135742188
29.9296875,953.4113159179688
29.9453125,953.3795166015625
29.9609375,953.4073486328125
29.9765625,953.400146484375
29.9921875,953.384765625
30.0078125,953.4100341796875
30.0234375,953.3792724609375
30.0390625,953.3961791992188
30.0546875,953.382568359375
30.0703125,953.3794555664062
30.0859375,953.3764038085938
30.1015625,953.427001953125
30.1171875,953.4142456054688
30.1328125,953.39599609375
30.1484375,953.3997192382812
30.1640625,953.3812255859375
30.1796875,953.3775634765625
30.1953125,953.380615234375
30.2109375,953.3555297851562
30.2265625,953.356201171875
30.2421875,953.3618774414062
30.2578125,953.3477783203125
30.2734375,953.34375
30.2890625,953.3482055664062
30.3046875,953.3268432617188
30.3203125,953.3421630859375
30.3359375,953.3457641601562
30.3515625,953.3480224609375
30.3671875,953.3485717773438
30.3828125,953.3250732421875
30.3984375,953.346435546875
30.4140625,953.32421875
30.4296875,953.3429565429688
30.4453125,953.3161010742188
30.4609375,953.3314819335938
30.4765625,953.3463745117188
30.4921875,953.3345336914062
30.5078125,953.3279418945312
30.5234375,953.3407592773438
30.5390625,953.3159790039062
30.5546875,953.3341064453125
30.5703125,953.3424072265625
30.5859375,953.3270263671875
30.6015625,953.3145141601562
30.6171875,953.3263549804688
30.6328125,953.3263549804688
30.6484375,953.314453125
30.6640625,953.3267822265625
30.6796875,953.3139038085938
30.6953125,953.327880859375
30.7109375,953.317626953125
30.7265625,953.3192138671875
30.7421875,953.3128662109375
30.7578125,953.326904296875
30.7734375,953.3052368164062
30.7890625,953.30615234375
30.8046875,953.3146362304688
30.8203125,953.3172607421875
30.8359375,953.3341674804688
30.8515625,953.3023071289062
30.8671875,953.3170776367188
30.8828125,953.302734375
30.8984375,953.3134155273438
30.9140625,953.32421875
30.9296875,953.3043823242188
30.9453125,953.31640625
30.9609375,953.3264770507812
30.9765625,953.3186645507812
30.9921875,953.3212280273438
31.0078125,953.32373046875
31.0234375,953.2989501953125
31.0390625,953.3128051757812
31.0546875,953.3178100585938
31.0703125,953.3050537109375
31.0859375,953.3057861328125
31.1015625,953.3220825195312
31.1171875,953.324951171875
31.1328125,953.3126831054688
31.1484375,953.324951171875
31.1640625,953.3043823242188
31.1796875,953.3116455078125
31.1953125,953.3175048828125
31.2109375,953.3180541992188
31.2265625,953.3017578125
31.2421875,953.3302001953125
31.2578125,953.3178100585938
31.2734375,953.3468017578125
31.2890625,953.314453125
31.3046875,953.3214721679688
31.3203125,953.3187866210938
31.3359375,953.3380737304688
31.3515625,953.3888549804688
31.3671875,953.4256591796875
