Time(Seconds),Length(Seconds),Label(string),Confidence(double),Comment(string)
1.3653692999999998,0.22879000000000005,right,1,
2.4378893,0.3099700000000001,right,1,
3.3181932,0.24724000000000004,right,1,
3.9811836,0.25462000000000007,right,1,
4.6662737,0.24355000000000004,right,1,
5.4581789,0.22879000000000005,right,1,
6.055701,0.22879000000000005,right,1,
6.7592075,0.26200000000000007,right,1,
7.411148,0.25462000000000007,right,1,
8.1920034,0.22879000000000005,right,1,
8.9507591,0.23986000000000005,right,1,
9.6837318,0.25093000000000004,right,1,
10.3062061,0.25093000000000004,right,1,
10.991309,0.22879000000000005,right,1,
11.6763991,0.21403000000000005,right,1,
12.2583573,0.22879000000000005,right,1,
13.0281628,0.22879000000000005,right,1,
13.5880214,0.22879000000000005,right,1,
14.0668478,0.26938000000000006,right,1,
14.8698028,0.29890000000000005,right,1,
15.77522,0.5645800000000001,right,1,
16.6628905,0.20296000000000006,right,1,
17.2964147,0.51292,right,1,
18.2209179,0.35056000000000004,right,1,
19.1380547,0.5092300000000001,right,1,
20.2135724,0.4096000000000001,right,1,
21.1308575,0.25462000000000007,right,1,
21.6870327,0.20665000000000006,right,1,
22.3389733,0.23986000000000005,right,1,
23.0203801,0.22879000000000005,right,1,
23.5397226,0.25093000000000004,right,1,
24.2505956,0.28414000000000006,right,1,
24.9467355,0.26200000000000007,right,1,
25.5506663,0.22879000000000005,right,1,
26.4125539,0.25093000000000004,right,1,
27.3075909,0.27307000000000003,right,1,
28.3094431,0.22879000000000005,right,1,
29.1661554,0.24355000000000004,right,1,
29.9543773,0.22879000000000005,right,1,
30.9267632,0.28783000000000003,right,1,
31.6707858,0.23986000000000005,right,1,
32.5607875,0.22879000000000005,right,1,
33.3711091,0.22879000000000005,right,1,
34.185114,0.22879000000000005,right,1,
34.7818053,0.22879000000000005,right,1,
35.4558456,0.24355000000000004,right,1,
35.9862379,0.25462000000000007,right,1,
36.5902958,0.24355000000000004,right,1,
37.3311945,0.28783000000000003,right,1,
38.1194164,0.22879000000000005,right,1,
38.7418907,0.25831000000000004,right,1,
39.3938313,0.25462000000000007,right,1,
40.0420886,0.23617000000000005,right,1,
40.797161,0.2952100000000001,right,1,
41.4564681,0.25831000000000004,right,1,
42.1378749,0.22879000000000005,right,1,
42.7588615,0.33949000000000007,right,1,
43.5618166,0.4096000000000001,right,1,
44.4789533,0.30259,right,1,
45.237709,0.2952100000000001,right,1,
45.9522653,0.28045000000000003,right,1,
46.6889213,0.48709,right,1,
47.4977552,0.24355000000000004,right,1,
48.0723469,0.29152000000000006,right,1,
48.8937183,0.28045000000000003,right,1,
49.6119579,0.31366000000000005,right,1,
50.3596638,0.30259,right,1,
51.0668535,0.2952100000000001,right,1,
51.7224774,0.28783000000000003,right,1,
52.4680132,0.2952100000000001,right,1,
53.0647045,0.25462000000000007,right,1,
53.5950968,0.29152000000000006,right,1,
54.2507207,0.25093000000000004,right,1,
55.0757754,0.34687000000000007,right,1,
56.0997272,0.3653200000000001,right,1,
56.8842659,0.28414000000000006,right,1,
57.7053746,0.29152000000000006,right,1,
58.6409277,0.22879000000000005,right,1,
59.3333843,0.25093000000000004,right,1,
60.0589905,0.28045000000000003,right,1,
60.7182976,0.22879000000000005,right,1,
61.3371014,0.28045000000000003,right,1,
61.9522092,0.22879000000000005,right,1,
62.5967832,0.26569000000000004,right,1,
63.252407,0.23986000000000005,right,1,
63.804899,0.22879000000000005,right,1,
64.4310566,0.28414000000000006,right,1,
65.027748,0.22879000000000005,right,1,
65.6281226,0.29890000000000005,right,1,
66.3441921,0.29152000000000006,right,1,
67.0219156,0.26200000000000007,right,1,
67.5780909,0.28783000000000003,right,1,
68.2521311,0.25831000000000004,right,1,
68.8230395,0.26938000000000006,right,1,
69.3976312,0.24724000000000004,right,1,
69.9353901,0.26569000000000004,right,1,
70.63153,0.33949000000000007,right,1,
71.3403685,0.68266,right,1,
72.4637689,0.54982,right,1,
73.4877208,0.38746,right,1,
74.4416903,0.25462000000000007,right,1,
75.0531148,0.2952100000000001,right,1,
75.7840487,0.22879000000000005,right,1,
76.2923414,0.30628000000000005,right,1,
