# Time (seconds),f0
0.0078125,953.7415161132812
0.0234375,953.6937866210938
0.0390625,953.6900024414062
0.0546875,953.6962890625
0.0703125,953.7152709960938
0.0859375,953.720458984375
0.1015625,953.699951171875
0.1171875,953.72607421875
0.1328125,953.7130126953125
0.1484375,953.7709350585938
0.1640625,953.7728881835938
0.1796875,953.7868041992188
0.1953125,953.8114624023438
0.2109375,953.8281860351562
0.2265625,953.8553466796875
0.2421875,953.8438110351562
0.2578125,953.8203735351562
0.2734375,953.82958984375
0.2890625,953.8309326171875
0.3046875,953.7975463867188
0.3203125,953.831787109375
0.3359375,953.9125366210938
0.3515625,953.8123779296875
0.3671875,953.8563842773438
0.3828125,953.9313354492188
0.3984375,953.9301147460938
0.4140625,953.9163208007812
0.4296875,953.966796875
0.4453125,954.0040893554688
0.4609375,953.9534301757812
0.4765625,953.9556274414062
0.4921875,953.872802734375
0.5078125,953.948486328125
0.5234375,953.9956665039062
0.5390625,953.9445190429688
0.5546875,953.8580932617188
0.5703125,953.8859252929688
0.5859375,953.9515991210938
0.6015625,953.8505249023438
0.6171875,953.8906860351562
0.6328125,953.86083984375
0.6484375,953.84716796875
0.6640625,953.8443603515625
0.6796875,953.8449096679688
0.6953125,953.8895263671875
0.7109375,953.921142578125
0.7265625,953.93310546875
0.7421875,953.8580932617188
0.7578125,953.8716430664062
0.7734375,953.9006958007812
0.7890625,953.8560180664062
0.8046875,953.864990234375
0.8203125,953.8818359375
0.8359375,953.9091186523438
0.8515625,953.8461303710938
0.8671875,953.893310546875
0.8828125,953.97265625
0.8984375,953.9216918945312
0.9140625,953.8560180664062
0.9296875,953.869873046875
0.9453125,953.8328857421875
0.9609375,953.8839721679688
0.9765625,953.8416137695312
0.9921875,953.7863159179688
1.0078125,953.8225708007812
1.0234375,953.7942504882812
1.0390625,953.7950439453125
1.0546875,953.8223876953125
1.0703125,953.76318359375
1.0859375,953.7891845703125
1.1015625,953.766845703125
1.1171875,953.7610473632812
1.1328125,953.7562866210938
1.1484375,953.7752075195312
1.1640625,953.8036499023438
1.1796875,953.7628784179688
1.1953125,953.759521484375
1.2109375,953.77294921875
1.2265625,953.789794921875
1.2421875,953.77685546875
1.2578125,953.7891235351562
1.2734375,953.76513671875
1.2890625,953.7681884765625
1.3046875,953.7719116210938
1.3203125,953.7598266601562
1.3359375,953.7510986328125
1.3515625,953.7551879882812
1.3671875,953.7444458007812
1.3828125,953.7506103515625
1.3984375,953.7506103515625
1.4140625,953.7515258789062
1.4296875,953.7500610351562
1.4453125,953.7511596679688
1.4609375,953.747314453125
1.4765625,953.7350463867188
1.4921875,953.747314453125
1.5078125,953.72998046875
1.5234375,953.7374877929688
1.5390625,953.7404174804688
1.5546875,953.75
1.5703125,953.7339477539062
1.5859375,953.74609375
1.6015625,953.7314453125
1.6171875,953.73779296875
1.6328125,953.728271484375
1.6484375,953.7338256835938
1.6640625,953.7333374023438
1.6796875,953.7249755859375
1.6953125,953.7207641601562
1.7109375,953.7152709960938
1.7265625,953.7149658203125
1.7421875,953.7154541015625
1.7578125,953.7095336914062
1.7734375,953.7009887695312
1.7890625,953.7037963867188
1.8046875,953.701171875
1.8203125,953.6956176757812
1.8359375,953.7200317382812
1.8515625,953.7052001953125
1.8671875,953.7073364257812
1.8828125,953.6815185546875
1.8984375,953.700439453125
1.9140625,953.69482421875
1.9296875,953.6895751953125
1.9453125,953.697998046875
1.9609375,953.683349609375
1.9765625,953.6884155273438
1.9921875,953.6790161132812
2.0078125,953.6719360351562
2.0234375,953.6724243164062
2.0390625,953.68359375
2.0546875,953.6715698242188
2.0703125,953.6495361328125
2.0859375,953.6674194335938
2.1015625,953.6707763671875
2.1171875,953.649658203125
2.1328125,953.66357421875
2.1484375,953.652099609375
2.1640625,953.6514892578125
2.1796875,953.6604614257812
2.1953125,953.6435546875
2.2109375,953.6502685546875
2.2265625,953.6514892578125
2.2421875,953.6455078125
2.2578125,953.6427612304688
2.2734375,953.647705078125
2.2890625,953.6471557617188
2.3046875,953.634765625
2.3203125,953.6337280273438
2.3359375,953.66162109375
2.3515625,953.628662109375
2.3671875,953.6289672851562
2.3828125,953.6585693359375
2.3984375,953.6427001953125
2.4140625,953.6844482421875
2.4296875,953.6682739257812
2.4453125,953.7735595703125
2.4609375,953.720703125
2.4765625,953.7021484375
2.4921875,953.7134399414062
2.5078125,953.7130126953125
2.5234375,953.755615234375
2.5390625,953.7345581054688
2.5546875,953.721435546875
2.5703125,953.7258911132812
2.5859375,953.7767944335938
2.6015625,953.7459106445312
2.6171875,953.794677734375
2.6328125,953.7112426757812
2.6484375,953.781005859375
2.6640625,953.73974609375
2.6796875,953.7324829101562
2.6953125,953.7791137695312
2.7109375,953.7745361328125
2.7265625,953.80419921875
2.7421875,953.80029296875
2.7578125,953.7924194335938
2.7734375,953.8020629882812
2.7890625,953.8011474609375
2.8046875,953.8034057617188
2.8203125,953.7888793945312
2.8359375,953.8036499023438
2.8515625,953.8482666015625
2.8671875,953.8494873046875
2.8828125,953.8602905273438
2.8984375,953.8359375
2.9140625,953.813720703125
2.9296875,953.8717041015625
2.9453125,953.8521728515625
2.9609375,953.8405151367188
2.9765625,953.8246459960938
2.9921875,953.7993774414062
3.0078125,953.8026123046875
3.0234375,953.8117065429688
3.0390625,953.824951171875
3.0546875,953.822265625
3.0703125,953.8483276367188
3.0859375,953.8031005859375
3.1015625,953.8369140625
3.1171875,953.7741088867188
3.1328125,953.8468017578125
3.1484375,953.8013305664062
3.1640625,953.8063354492188
3.1796875,953.7899780273438
3.1953125,953.781982421875
3.2109375,953.7980346679688
3.2265625,953.804443359375
3.2421875,953.7892456054688
3.2578125,953.794677734375
3.2734375,953.788330078125
3.2890625,953.8289794921875
3.3046875,953.7483520507812
3.3203125,953.753662109375
3.3359375,953.7302856445312
3.3515625,953.7444458007812
3.3671875,953.7237548828125
3.3828125,953.7176513671875
3.3984375,953.696044921875
3.4140625,953.713623046875
3.4296875,953.7015380859375
3.4453125,953.7057495117188
3.4609375,953.6945190429688
3.4765625,953.6793823242188
3.4921875,953.694091796875
3.5078125,953.669921875
3.5234375,953.6691284179688
3.5390625,953.6892700195312
3.5546875,953.6953125
3.5703125,953.6914672851562
3.5859375,953.6669311523438
3.6015625,953.6903686523438
3.6171875,953.6797485351562
3.6328125,953.6771850585938
3.6484375,953.6806640625
3.6640625,953.6712036132812
3.6796875,953.666015625
3.6953125,953.673095703125
3.7109375,953.6668701171875
3.7265625,953.6801147460938
3.7421875,953.6909790039062
3.7578125,953.6704711914062
3.7734375,953.6658325195312
3.7890625,953.6714477539062
3.8046875,953.6643676757812
3.8203125,953.658935546875
3.8359375,953.6515502929688
3.8515625,953.6823120117188
3.8671875,953.6412353515625
3.8828125,953.6587524414062
3.8984375,953.6637573242188
3.9140625,953.6633911132812
3.9296875,953.6643676757812
3.9453125,953.6647338867188
3.9609375,953.6519165039062
3.9765625,953.6527709960938
3.9921875,953.66357421875
4.0078125,953.6450805664062
4.0234375,953.6487426757812
4.0390625,953.6331787109375
4.0546875,953.6422729492188
4.0703125,953.63818359375
4.0859375,953.6390991210938
4.1015625,953.6534423828125
4.1171875,953.641357421875
4.1328125,953.6552734375
4.1484375,953.6502685546875
4.1640625,953.662109375
4.1796875,953.6477661132812
4.1953125,953.6624755859375
4.2109375,953.6615600585938
4.2265625,953.6336669921875
4.2421875,953.6591186523438
4.2578125,953.6397705078125
4.2734375,953.6343383789062
4.2890625,953.6332397460938
4.3046875,953.6314086914062
4.3203125,953.6588745117188
4.3359375,953.6524047851562
4.3515625,953.6300659179688
4.3671875,953.638671875
4.3828125,953.6370239257812
4.3984375,953.6376953125
4.4140625,953.638671875
4.4296875,953.6331787109375
4.4453125,953.6551513671875
4.4609375,953.6580200195312
4.4765625,953.6502075195312
4.4921875,953.654052734375
4.5078125,953.6399536132812
4.5234375,953.6430053710938
4.5390625,953.6383666992188
4.5546875,953.6513061523438
4.5703125,953.660888671875
4.5859375,953.638671875
4.6015625,953.6619262695312
4.6171875,953.6713256835938
4.6328125,953.6624145507812
4.6484375,953.6666259765625
4.6640625,953.6935424804688
4.6796875,953.6878051757812
4.6953125,953.68896484375
4.7109375,953.7154541015625
4.7265625,953.6970825195312
4.7421875,953.6959228515625
4.7578125,953.72607421875
4.7734375,953.7202758789062
4.7890625,953.70068359375
4.8046875,953.7230224609375
4.8203125,953.7282104492188
4.8359375,953.7192993164062
4.8515625,953.7319946289062
4.8671875,953.7599487304688
4.8828125,953.7542724609375
4.8984375,953.7322998046875
4.9140625,953.7745971679688
4.9296875,953.7785034179688
4.9453125,953.7186279296875
4.9609375,953.75537109375
4.9765625,953.7515258789062
4.9921875,953.7431030273438
5.0078125,953.7346801757812
5.0234375,953.737060546875
5.0390625,953.7717895507812
5.0546875,953.763427734375
5.0703125,953.7268676757812
5.0859375,953.7681884765625
5.1015625,953.73388671875
5.1171875,953.7793579101562
5.1328125,953.7777709960938
5.1484375,953.7131958007812
5.1640625,953.721923828125
5.1796875,953.7310791015625
5.1953125,953.7297973632812
5.2109375,953.736328125
5.2265625,953.7472534179688
5.2421875,953.73779296875
5.2578125,953.7357788085938
5.2734375,953.7240600585938
5.2890625,953.7360229492188
5.3046875,953.7254638671875
5.3203125,953.7308959960938
5.3359375,953.6958618164062
5.3515625,953.7218017578125
5.3671875,953.7007446289062
5.3828125,953.7173461914062
5.3984375,953.6848754882812
5.4140625,953.6901245117188
5.4296875,953.6947631835938
5.4453125,953.7023315429688
5.4609375,953.7021484375
5.4765625,953.702392578125
5.4921875,953.7093505859375
5.5078125,953.704833984375
5.5234375,953.69921875
5.5390625,953.7074584960938
5.5546875,953.7055053710938
5.5703125,953.6898803710938
5.5859375,953.6761474609375
5.6015625,953.68701171875
5.6171875,953.67578125
5.6328125,953.680908203125
5.6484375,953.6802368164062
5.6640625,953.6845703125
5.6796875,953.6827392578125
5.6953125,953.6751098632812
5.7109375,953.68701171875
5.7265625,953.68505859375
5.7421875,953.673583984375
5.7578125,953.6908569335938
5.7734375,953.666015625
5.7890625,953.671630859375
5.8046875,953.6771850585938
5.8203125,953.6614379882812
5.8359375,953.67529296875
5.8515625,953.6544799804688
5.8671875,953.6680908203125
5.8828125,953.6708984375
5.8984375,953.6580810546875
5.9140625,953.6591796875
5.9296875,953.6585693359375
5.9453125,953.6495361328125
5.9609375,953.6607055664062
5.9765625,953.6331176757812
5.9921875,953.6723022460938
6.0078125,953.6599731445312
6.0234375,953.6603393554688
6.0390625,953.6528930664062
6.0546875,953.66015625
6.0703125,953.6485595703125
6.0859375,953.6334228515625
6.1015625,953.6383666992188
6.1171875,953.6361694335938
6.1328125,953.642578125
6.1484375,953.6558227539062
6.1640625,953.640380859375
6.1796875,953.6497192382812
6.1953125,953.6384887695312
6.2109375,953.6368408203125
6.2265625,953.6361694335938
6.2421875,953.6475830078125
6.2578125,953.6585693359375
6.2734375,953.6468505859375
6.2890625,953.647705078125
6.3046875,953.634765625
6.3203125,953.6403198242188
6.3359375,953.6487426757812
6.3515625,953.63232421875
6.3671875,953.6326904296875
6.3828125,953.6398315429688
6.3984375,953.6351928710938
6.4140625,953.6493530273438
6.4296875,953.6552734375
6.4453125,953.6486206054688
6.4609375,953.6389770507812
6.4765625,953.6554565429688
6.4921875,953.6329956054688
6.5078125,953.6576538085938
6.5234375,953.6365966796875
6.5390625,953.6449584960938
6.5546875,953.655029296875
6.5703125,953.6459350585938
6.5859375,953.6690673828125
6.6015625,953.7157592773438
6.6171875,953.6906127929688
6.6328125,953.68115234375
6.6484375,953.7246704101562
6.6640625,953.7113647460938
6.6796875,953.7109375
6.6953125,953.7509765625
6.7109375,953.751953125
6.7265625,953.7473754882812
6.7421875,953.706298828125
6.7578125,953.7452392578125
6.7734375,953.7561645507812
6.7890625,953.7715454101562
6.8046875,953.7288208007812
6.8203125,953.7726440429688
6.8359375,953.7669067382812
6.8515625,953.7737426757812
6.8671875,953.798583984375
6.8828125,953.7506103515625
6.8984375,953.7620239257812
6.9140625,953.7914428710938
6.9296875,953.7853393554688
6.9453125,953.7802124023438
6.9609375,953.8023071289062
6.9765625,953.7974853515625
6.9921875,953.7862548828125
7.0078125,953.78466796875
7.0234375,953.790283203125
7.0390625,953.7883911132812
7.0546875,953.802734375
7.0703125,953.833251953125
7.0859375,953.81982421875
7.1015625,953.78515625
7.1171875,953.7783203125
7.1328125,953.7706298828125
7.1484375,953.8026123046875
7.1640625,953.7725830078125
7.1796875,953.7673950195312
7.1953125,953.7459716796875
7.2109375,953.752685546875
7.2265625,953.7571411132812
7.2421875,953.728271484375
7.2578125,953.7356567382812
7.2734375,953.697265625
7.2890625,953.7034301757812
7.3046875,953.7193603515625
7.3203125,953.7354736328125
7.3359375,953.7855224609375
7.3515625,953.70068359375
7.3671875,953.7244262695312
7.3828125,953.7107543945312
7.3984375,953.71044921875
7.4140625,953.7303466796875
7.4296875,953.7071533203125
7.4453125,953.7120361328125
7.4609375,953.7540283203125
7.4765625,953.7138061523438
7.4921875,953.7230224609375
7.5078125,953.7344360351562
7.5234375,953.7470703125
7.5390625,953.7306518554688
7.5546875,953.7203979492188
7.5703125,953.7291870117188
7.5859375,953.7225341796875
7.6015625,953.7152709960938
7.6171875,953.7199096679688
7.6328125,953.714599609375
7.6484375,953.6998291015625
7.6640625,953.6891479492188
7.6796875,953.7034301757812
7.6953125,953.6948852539062
7.7109375,953.689453125
7.7265625,953.696044921875
7.7421875,953.6970825195312
7.7578125,953.6818237304688
7.7734375,953.6809692382812
7.7890625,953.67333984375
7.8046875,953.6675415039062
7.8203125,953.6712036132812
7.8359375,953.666748046875
7.8515625,953.677734375
7.8671875,953.6777954101562
7.8828125,953.6541137695312
7.8984375,953.6543579101562
7.9140625,953.6761474609375
7.9296875,953.65234375
7.9453125,953.6530151367188
7.9609375,953.6707763671875
7.9765625,953.6783447265625
7.9921875,953.6524658203125
8.0078125,953.6627807617188
8.0234375,953.643310546875
8.0390625,953.6637573242188
8.0546875,953.6526489257812
8.0703125,953.6624755859375
8.0859375,953.6585083007812
8.1015625,953.6513671875
8.1171875,953.65625
8.1328125,953.6625366210938
8.1484375,953.6586303710938
8.1640625,953.6513671875
8.1796875,953.65234375
8.1953125,953.6516723632812
8.2109375,953.6515502929688
8.2265625,953.64453125
8.2421875,953.6475830078125
8.2578125,953.6474609375
8.2734375,953.6622314453125
8.2890625,953.6531982421875
8.3046875,953.6526489257812
8.3203125,953.6388549804688
8.3359375,953.6537475585938
8.3515625,953.6510009765625
8.3671875,953.6458129882812
8.3828125,953.647216796875
8.3984375,953.6534423828125
8.4140625,953.6519165039062
8.4296875,953.657958984375
8.4453125,953.6516723632812
8.4609375,953.6470947265625
8.4765625,953.6480102539062
8.4921875,953.6510620117188
8.5078125,953.6484985351562
8.5234375,953.634033203125
8.5390625,953.6387329101562
8.5546875,953.6224975585938
8.5703125,953.6434936523438
8.5859375,953.651611328125
8.6015625,953.6312866210938
8.6171875,953.6439819335938
8.6328125,953.6300659179688
8.6484375,953.6416015625
8.6640625,953.6453857421875
8.6796875,953.6439819335938
8.6953125,953.671630859375
8.7109375,953.64599609375
8.7265625,953.669189453125
8.7421875,953.67333984375
8.7578125,953.6801147460938
8.7734375,953.6792602539062
8.7890625,953.6781616210938
8.8046875,953.6717529296875
8.8203125,953.6885986328125
8.8359375,953.678955078125
8.8515625,953.6699829101562
8.8671875,953.6920166015625
8.8828125,953.6861572265625
8.8984375,953.655517578125
8.9140625,953.676513671875
8.9296875,953.6678466796875
8.9453125,953.6622314453125
8.9609375,953.6560668945312
8.9765625,953.6783447265625
8.9921875,953.668701171875
9.0078125,953.673095703125
9.0234375,953.6692504882812
9.0390625,953.6611328125
9.0546875,953.6727294921875
9.0703125,953.6763305664062
9.0859375,953.6513061523438
9.1015625,953.6727905273438
9.1171875,953.6775512695312
9.1328125,953.661376953125
9.1484375,953.6744384765625
9.1640625,953.6770629882812
9.1796875,953.6756591796875
9.1953125,953.67724609375
9.2109375,953.6808471679688
9.2265625,953.6668701171875
9.2421875,953.6630249023438
9.2578125,953.6566162109375
9.2734375,953.6529541015625
9.2890625,953.655029296875
9.3046875,953.6605224609375
9.3203125,953.6768798828125
9.3359375,953.6438598632812
9.3515625,953.6799926757812
9.3671875,953.6808471679688
9.3828125,953.6672973632812
9.3984375,953.664794921875
9.4140625,953.6585693359375
9.4296875,953.6719360351562
9.4453125,953.6484985351562
9.4609375,953.6490478515625
9.4765625,953.666015625
9.4921875,953.6655883789062
9.5078125,953.6546020507812
9.5234375,953.6554565429688
9.5390625,953.6704711914062
9.5546875,953.6597290039062
9.5703125,953.648193359375
9.5859375,953.6697998046875
9.6015625,953.6802368164062
9.6171875,953.6770629882812
9.6328125,953.675048828125
9.6484375,953.6633911132812
9.6640625,953.669921875
9.6796875,953.674560546875
9.6953125,953.6754760742188
9.7109375,953.6867065429688
9.7265625,953.6700439453125
9.7421875,953.6629638671875
9.7578125,953.67578125
9.7734375,953.682861328125
9.7890625,953.6755981445312
9.8046875,953.6896362304688
9.8203125,953.6663208007812
9.8359375,953.6647338867188
9.8515625,953.670654296875
9.8671875,953.6764526367188
9.8828125,953.6438598632812
9.8984375,953.67578125
9.9140625,953.6491088867188
9.9296875,953.664794921875
9.9453125,953.664794921875
9.9609375,953.6541137695312
9.9765625,953.6587524414062
9.9921875,953.6649780273438
10.0078125,953.6646728515625
10.0234375,953.6477661132812
10.0390625,953.6508178710938
10.0546875,953.6477661132812
10.0703125,953.6692504882812
10.0859375,953.6480102539062
10.1015625,953.6466064453125
10.1171875,953.647705078125
10.1328125,953.6682739257812
10.1484375,953.6475830078125
10.1640625,953.645751953125
10.1796875,953.661865234375
10.1953125,953.6610717773438
10.2109375,953.6465454101562
10.2265625,953.6463012695312
10.2421875,953.6546020507812
10.2578125,953.6742553710938
10.2734375,953.6475830078125
10.2890625,953.6525268554688
10.3046875,953.6561279296875
10.3203125,953.6505126953125
10.3359375,953.6428833007812
10.3515625,953.6451416015625
10.3671875,953.645751953125
10.3828125,953.646484375
10.3984375,953.6382446289062
10.4140625,953.6473388671875
10.4296875,953.6588134765625
10.4453125,953.6436767578125
10.4609375,953.6475830078125
10.4765625,953.6412963867188
10.4921875,953.665283203125
10.5078125,953.6453857421875
10.5234375,953.6485595703125
10.5390625,953.6375732421875
10.5546875,953.6517944335938
10.5703125,953.6463623046875
10.5859375,953.6420288085938
10.6015625,953.6310424804688
10.6171875,953.6365356445312
10.6328125,953.63232421875
10.6484375,953.6478881835938
10.6640625,953.638427734375
10.6796875,953.6231689453125
10.6953125,953.6259155273438
10.7109375,953.6321411132812
10.7265625,953.6357421875
10.7421875,953.6471557617188
10.7578125,953.6364135742188
10.7734375,953.6279296875
10.7890625,953.6376953125
10.8046875,953.6441040039062
10.8203125,953.630615234375
10.8359375,953.6369018554688
10.8515625,953.658935546875
10.8671875,953.6744384765625
10.8828125,953.6699829101562
10.8984375,953.6456909179688
10.9140625,953.6580810546875
10.9296875,953.6754760742188
10.9453125,953.6690673828125
10.9609375,953.6585693359375
10.9765625,953.673828125
10.9921875,953.674560546875
11.0078125,953.6744995117188
11.0234375,953.6741943359375
11.0390625,953.6744384765625
11.0546875,953.67333984375
11.0703125,953.6867065429688
11.0859375,953.6896362304688
11.1015625,953.6996459960938
11.1171875,953.735595703125
11.1328125,953.712158203125
11.1484375,953.699951171875
11.1640625,953.7009887695312
11.1796875,953.7207641601562
11.1953125,953.71875
11.2109375,953.6880493164062
11.2265625,953.7413330078125
11.2421875,953.6978149414062
11.2578125,953.7567138671875
11.2734375,953.704833984375
11.2890625,953.7327880859375
11.3046875,953.7227783203125
11.3203125,953.719970703125
11.3359375,953.7208251953125
11.3515625,953.7275390625
11.3671875,953.7892456054688
11.3828125,953.7176513671875
11.3984375,953.7025756835938
11.4140625,953.7369384765625
11.4296875,953.6848754882812
11.4453125,953.7407836914062
11.4609375,953.7174682617188
11.4765625,953.7020874023438
11.4921875,953.7368774414062
11.5078125,953.6859130859375
11.5234375,953.7736206054688
11.5390625,953.68896484375
11.5546875,953.7083129882812
11.5703125,953.71044921875
11.5859375,953.703125
11.6015625,953.694091796875
11.6171875,953.6976318359375
11.6328125,953.70263671875
11.6484375,953.6795043945312
11.6640625,953.6865234375
11.6796875,953.6859130859375
11.6953125,953.6859130859375
11.7109375,953.6870727539062
11.7265625,953.6992797851562
11.7421875,953.69482421875
11.7578125,953.6809692382812
11.7734375,953.669677734375
11.7890625,953.6724243164062
11.8046875,953.6762084960938
11.8203125,953.6859130859375
11.8359375,953.65966796875
11.8515625,953.6714477539062
11.8671875,953.671630859375
11.8828125,953.6813354492188
11.8984375,953.6653442382812
11.9140625,953.6682739257812
11.9296875,953.66015625
11.9453125,953.6820068359375
11.9609375,953.666015625
11.9765625,953.6505737304688
11.9921875,953.6622314453125
12.0078125,953.656982421875
12.0234375,953.665771484375
12.0390625,953.6597290039062
12.0546875,953.6438598632812
12.0703125,953.6553955078125
12.0859375,953.6404418945312
12.1015625,953.6470947265625
12.1171875,953.6395263671875
12.1328125,953.6508178710938
12.1484375,953.6495971679688
12.1640625,953.6395263671875
12.1796875,953.6622314453125
12.1953125,953.6290283203125
12.2109375,953.6404418945312
12.2265625,953.6400756835938
12.2421875,953.6455078125
12.2578125,953.630126953125
12.2734375,953.623046875
12.2890625,953.6329956054688
12.3046875,953.6401977539062
12.3203125,953.639892578125
12.3359375,953.650146484375
12.3515625,953.6184692382812
12.3671875,953.6398315429688
12.3828125,953.6282348632812
12.3984375,953.6431884765625
12.4140625,953.6392822265625
12.4296875,953.6392211914062
12.4453125,953.6388549804688
12.4609375,953.6397705078125
12.4765625,953.6290283203125
12.4921875,953.6378784179688
12.5078125,953.646484375
12.5234375,953.6337280273438
12.5390625,953.6567993164062
12.5546875,953.6408081054688
12.5703125,953.6395263671875
12.5859375,953.6434936523438
12.6015625,953.6388549804688
12.6171875,953.62890625
12.6328125,953.6421508789062
12.6484375,953.6343383789062
12.6640625,953.6241455078125
12.6796875,953.6641845703125
12.6953125,953.69140625
12.7109375,953.6981811523438
12.7265625,953.7254638671875
12.7421875,953.7132568359375
12.7578125,953.7559204101562
12.7734375,953.7291259765625
12.7890625,953.7371826171875
12.8046875,953.7433471679688
12.8203125,953.751708984375
12.8359375,953.765380859375
12.8515625,953.7327880859375
12.8671875,953.7556762695312
12.8828125,953.7307739257812
12.8984375,953.7848510742188
12.9140625,953.7894287109375
12.9296875,953.8125610351562
12.9453125,953.759765625
12.9609375,953.8440551757812
12.9765625,953.7702026367188
12.9921875,953.82373046875
13.0078125,953.8060913085938
13.0234375,953.7843017578125
13.0390625,953.796875
13.0546875,953.7984008789062
13.0703125,953.8212890625
13.0859375,953.8434448242188
13.1015625,953.7921142578125
13.1171875,953.8575439453125
13.1328125,953.8120727539062
13.1484375,953.8543701171875
13.1640625,953.8292846679688
13.1796875,953.822021484375
13.1953125,953.8236694335938
13.2109375,953.8797607421875
13.2265625,953.8302001953125
13.2421875,953.87109375
13.2578125,953.8865966796875
13.2734375,953.9076538085938
13.2890625,953.85546875
13.3046875,953.8372192382812
13.3203125,953.9445190429688
13.3359375,953.8239135742188
13.3515625,953.8539428710938
13.3671875,953.8994140625
13.3828125,953.8323364257812
13.3984375,953.8715209960938
13.4140625,953.8231811523438
13.4296875,953.8082885742188
13.4453125,953.7999877929688
13.4609375,953.8285522460938
13.4765625,953.83740234375
13.4921875,953.776123046875
13.5078125,953.8815307617188
13.5234375,953.7874145507812
13.5390625,953.8226928710938
13.5546875,953.8389892578125
13.5703125,953.8089599609375
13.5859375,953.8639526367188
13.6015625,953.8196411132812
13.6171875,953.7855834960938
13.6328125,953.7559814453125
13.6484375,953.746826171875
13.6640625,953.7193603515625
13.6796875,953.7182006835938
13.6953125,953.6929321289062
13.7109375,953.6920776367188
13.7265625,953.6951293945312
13.7421875,953.695068359375
13.7578125,953.6950073242188
13.7734375,953.6883544921875
13.7890625,953.6725463867188
13.8046875,953.678466796875
13.8203125,953.6814575195312
13.8359375,953.6674194335938
13.8515625,953.6683959960938
13.8671875,953.6826171875
13.8828125,953.6677856445312
13.8984375,953.6720581054688
13.9140625,953.6782836914062
13.9296875,953.6625366210938
13.9453125,953.6735229492188
13.9609375,953.6866455078125
13.9765625,953.6658935546875
13.9921875,953.664794921875
14.0078125,953.6722412109375
14.0234375,953.6720581054688
14.0390625,953.6492919921875
14.0546875,953.661376953125
14.0703125,953.6658935546875
14.0859375,953.6771850585938
14.1015625,953.6489868164062
14.1171875,953.6688842773438
14.1328125,953.6502075195312
14.1484375,953.659423828125
14.1640625,953.6647338867188
14.1796875,953.6492919921875
14.1953125,953.6704711914062
14.2109375,953.6640625
14.2265625,953.6447143554688
14.2421875,953.6655883789062
14.2578125,953.6495971679688
14.2734375,953.665283203125
14.2890625,953.6553955078125
14.3046875,953.6384887695312
14.3203125,953.6499633789062
14.3359375,953.6653442382812
14.3515625,953.6598510742188
14.3671875,953.6482543945312
14.3828125,953.6655883789062
14.3984375,953.654296875
14.4140625,953.6599731445312
14.4296875,953.668701171875
14.4453125,953.6629638671875
14.4609375,953.6421508789062
14.4765625,953.637939453125
14.4921875,953.6481323242188
14.5078125,953.647216796875
14.5234375,953.6536254882812
14.5390625,953.6369018554688
14.5546875,953.6456298828125
14.5703125,953.6378173828125
14.5859375,953.6483154296875
14.6015625,953.6412963867188
14.6171875,953.6445922851562
14.6328125,953.6448974609375
14.6484375,953.6442260742188
14.6640625,953.66015625
14.6796875,953.6420288085938
14.6953125,953.6476440429688
14.7109375,953.62646484375
14.7265625,953.6371459960938
14.7421875,953.65380859375
14.7578125,953.6663208007812
14.7734375,953.7622680664062
14.7890625,953.8087768554688
14.8046875,953.8543701171875
14.8203125,953.9578857421875
14.8359375,953.8455810546875
14.8515625,953.8995361328125
14.8671875,953.8405151367188
14.8828125,953.8857421875
14.8984375,953.9090576171875
14.9140625,953.9010620117188
14.9296875,953.8658447265625
14.9453125,953.9146118164062
14.9609375,953.9465942382812
14.9765625,953.951171875
14.9921875,953.8157348632812
15.0078125,953.8842163085938
15.0234375,953.944091796875
15.0390625,954.0284423828125
15.0546875,953.8604736328125
15.0703125,953.8948364257812
15.0859375,954.0325317382812
15.1015625,953.9620361328125
15.1171875,953.999755859375
15.1328125,953.9342041015625
15.1484375,953.9471435546875
15.1640625,953.9939575195312
15.1796875,953.928466796875
15.1953125,953.9788818359375
15.2109375,953.970458984375
15.2265625,953.9253540039062
15.2421875,954.0609741210938
15.2578125,953.9921875
15.2734375,953.9555053710938
15.2890625,953.9318237304688
15.3046875,954.044677734375
15.3203125,953.9458618164062
15.3359375,953.9635620117188
15.3515625,954.0299072265625
15.3671875,954.010498046875
15.3828125,953.996826171875
15.3984375,953.9619140625
15.4140625,954.0005493164062
15.4296875,953.9274291992188
15.4453125,954.0326538085938
15.4609375,954.0297241210938
15.4765625,953.9838256835938
15.4921875,954.0318603515625
15.5078125,954.0313110351562
15.5234375,954.0122680664062
15.5390625,954.0773315429688
15.5546875,953.9814453125
15.5703125,954.0294189453125
15.5859375,954.0073852539062
15.6015625,954.0167846679688
15.6171875,954.0703125
15.6328125,954.0133666992188
15.6484375,953.9737548828125
15.6640625,953.994873046875
15.6796875,954.0711669921875
15.6953125,954.0015258789062
15.7109375,954.0670776367188
15.7265625,954.1364135742188
15.7421875,954.1016845703125
15.7578125,954.1650390625
15.7734375,954.0996704101562
15.7890625,954.0278930664062
15.8046875,954.033203125
15.8203125,954.081298828125
15.8359375,954.0807495117188
15.8515625,953.9961547851562
15.8671875,953.9677124023438
15.8828125,953.9735107421875
15.8984375,953.9329223632812
15.9140625,953.9785766601562
15.9296875,953.9235229492188
15.9453125,953.8690185546875
15.9609375,953.8150634765625
15.9765625,953.7564086914062
15.9921875,953.7501831054688
16.0078125,953.7391967773438
16.0234375,953.7296142578125
16.0390625,953.7251586914062
16.0546875,953.719970703125
16.0703125,953.7037963867188
16.0859375,953.7166137695312
16.1015625,953.7090454101562
16.1171875,953.7123413085938
16.1328125,953.7032470703125
16.1484375,953.7063598632812
16.1640625,953.710693359375
16.1796875,953.7084350585938
16.1953125,953.7023315429688
16.2109375,953.7062377929688
16.2265625,953.6915283203125
16.2421875,953.697021484375
16.2578125,953.7009887695312
16.2734375,953.6968383789062
16.2890625,953.6956787109375
16.3046875,953.6900634765625
16.3203125,953.6950073242188
16.3359375,953.691162109375
16.3515625,953.7080078125
16.3671875,953.6930541992188
16.3828125,953.6869506835938
16.3984375,953.685546875
16.4140625,953.6593627929688
16.4296875,953.681640625
16.4453125,953.685546875
16.4609375,953.6787109375
16.4765625,953.6678466796875
16.4921875,953.7037963867188
16.5078125,953.6881103515625
16.5234375,953.6802978515625
16.5390625,953.6906127929688
16.5546875,953.688232421875
16.5703125,953.6798095703125
16.5859375,953.6841430664062
16.6015625,953.6664428710938
16.6171875,953.6829223632812
16.6328125,953.6824951171875
16.6484375,953.6829223632812
16.6640625,953.6705932617188
16.6796875,953.6801147460938
16.6953125,953.6543579101562
16.7109375,953.6513671875
16.7265625,953.6528930664062
16.7421875,953.6704711914062
16.7578125,953.6524658203125
16.7734375,953.658935546875
16.7890625,953.6691284179688
16.8046875,953.6526489257812
16.8203125,953.6795043945312
16.8359375,953.6566772460938
16.8515625,953.6593627929688
16.8671875,953.6515502929688
16.8828125,953.6504516601562
16.8984375,953.6513061523438
16.9140625,953.6509399414062
16.9296875,953.6669921875
16.9453125,953.6535034179688
16.9609375,953.6498413085938
16.9765625,953.6725463867188
16.9921875,953.6626586914062
17.0078125,953.66357421875
17.0234375,953.7258911132812
17.0390625,953.732177734375
17.0546875,953.758544921875
17.0703125,953.7757568359375
17.0859375,953.7928466796875
17.1015625,953.793701171875
17.1171875,953.8209228515625
17.1328125,953.79248046875
17.1484375,953.8446044921875
17.1640625,953.88427734375
17.1796875,953.8629760742188
17.1953125,953.9241943359375
17.2109375,953.8619995117188
17.2265625,953.8692626953125
17.2421875,953.9806518554688
17.2578125,953.947021484375
17.2734375,953.9124755859375
17.2890625,953.8634033203125
17.3046875,953.942626953125
17.3203125,953.9889526367188
17.3359375,953.9052734375
17.3515625,953.8989868164062
17.3671875,953.8650512695312
17.3828125,953.9342041015625
17.3984375,954.0308227539062
17.4140625,953.854736328125
17.4296875,953.8604736328125
17.4453125,953.8335571289062
17.4609375,953.9127807617188
17.4765625,953.9055786132812
17.4921875,953.9586791992188
17.5078125,953.9490356445312
17.5234375,954.01953125
17.5390625,953.993408203125
17.5546875,953.966552734375
17.5703125,953.970458984375
17.5859375,953.99560546875
17.6015625,953.9957885742188
17.6171875,953.928466796875
17.6328125,953.9326171875
17.6484375,953.9685668945312
17.6640625,953.9976196289062
17.6796875,953.9868774414062
17.6953125,953.9920043945312
17.7109375,953.9666137695312
17.7265625,954.0143432617188
17.7421875,954.0210571289062
17.7578125,953.9475708007812
17.7734375,953.9776611328125
17.7890625,953.9688720703125
17.8046875,953.9906005859375
17.8203125,953.989013671875
17.8359375,954.0402221679688
17.8515625,954.0645751953125
17.8671875,954.0826416015625
17.8828125,954.0173950195312
17.8984375,954.0942993164062
17.9140625,954.014892578125
17.9296875,953.9959716796875
17.9453125,954.0631713867188
17.9609375,954.019287109375
17.9765625,953.9808349609375
17.9921875,953.981689453125
18.0078125,953.9733276367188
18.0234375,953.9400634765625
18.0390625,953.9884033203125
18.0546875,953.9978637695312
18.0703125,953.8912353515625
18.0859375,953.86328125
18.1015625,953.8401489257812
18.1171875,953.8161010742188
18.1328125,953.7775268554688
18.1484375,953.7545776367188
18.1640625,953.7459716796875
18.1796875,953.7509155273438
18.1953125,953.733642578125
18.2109375,953.732421875
18.2265625,953.7402954101562
18.2421875,953.7166748046875
18.2578125,953.7075805664062
18.2734375,953.726318359375
18.2890625,953.7196044921875
18.3046875,953.7139892578125
18.3203125,953.71826171875
18.3359375,953.729248046875
18.3515625,953.7296142578125
18.3671875,953.7127685546875
18.3828125,953.7232055664062
18.3984375,953.7095947265625
18.4140625,953.72265625
18.4296875,953.7221069335938
18.4453125,953.7015991210938
18.4609375,953.7060546875
18.4765625,953.7015991210938
18.4921875,953.703125
18.5078125,953.7188720703125
18.5234375,953.701904296875
18.5390625,953.6986694335938
18.5546875,953.6961669921875
18.5703125,953.7095336914062
18.5859375,953.7063598632812
18.6015625,953.7184448242188
18.6171875,953.7177124023438
18.6328125,953.7158203125
18.6484375,953.7159423828125
18.6640625,953.70654296875
18.6796875,953.7150268554688
18.6953125,953.7191772460938
18.7109375,953.703125
18.7265625,953.7208251953125
18.7421875,953.7205810546875
18.7578125,953.7109985351562
18.7734375,953.7192993164062
18.7890625,953.7222290039062
18.8046875,953.7117919921875
18.8203125,953.706298828125
18.8359375,953.7166748046875
18.8515625,953.7152709960938
18.8671875,953.6967163085938
18.8828125,953.7059936523438
18.8984375,953.6951904296875
18.9140625,953.7042236328125
18.9296875,953.7012939453125
18.9453125,953.6900024414062
18.9609375,953.6979370117188
18.9765625,953.7003784179688
18.9921875,953.6854248046875
19.0078125,953.7000732421875
19.0234375,953.690673828125
19.0390625,953.6703491210938
19.0546875,953.7023315429688
19.0703125,953.6967163085938
19.0859375,953.6968383789062
19.1015625,953.7095336914062
19.1171875,953.69873046875
19.1328125,953.695068359375
19.1484375,953.7040405273438
19.1640625,953.7093505859375
19.1796875,953.7068481445312
19.1953125,953.7327880859375
19.2109375,953.7091064453125
19.2265625,953.7183227539062
19.2421875,953.7324829101562
19.2578125,953.7489013671875
19.2734375,953.7528686523438
19.2890625,953.7493286132812
19.3046875,953.7482299804688
19.3203125,953.7607421875
19.3359375,953.7584838867188
19.3515625,953.7614135742188
19.3671875,953.767333984375
19.3828125,953.8192138671875
19.3984375,953.7517700195312
19.4140625,953.828857421875
19.4296875,953.79052734375
19.4453125,953.7374877929688
19.4609375,953.8441772460938
19.4765625,953.8525390625
19.4921875,953.7503051757812
19.5078125,953.774658203125
19.5234375,953.8084106445312
19.5390625,953.8070068359375
19.5546875,953.751953125
19.5703125,953.75146484375
19.5859375,953.8203735351562
19.6015625,953.7953491210938
19.6171875,953.7770385742188
19.6328125,953.794921875
19.6484375,953.806640625
19.6640625,953.7969970703125
19.6796875,953.7877807617188
19.6953125,953.784423828125
19.7109375,953.7623291015625
19.7265625,953.7474975585938
19.7421875,953.7727661132812
19.7578125,953.7596435546875
19.7734375,953.7570190429688
19.7890625,953.7950439453125
19.8046875,953.7520751953125
19.8203125,953.7862548828125
19.8359375,953.7472534179688
19.8515625,953.8010864257812
19.8671875,953.8223876953125
19.8828125,953.7939453125
19.8984375,953.762451171875
19.9140625,953.7642211914062
19.9296875,953.79052734375
19.9453125,953.7947998046875
19.9609375,953.7759399414062
19.9765625,953.77294921875
19.9921875,953.7939453125
20.0078125,953.7355346679688
20.0234375,953.7339477539062
20.0390625,953.7171630859375
20.0546875,953.69677734375
20.0703125,953.7244873046875
20.0859375,953.7006225585938
20.1015625,953.7069091796875
20.1171875,953.7044067382812
20.1328125,953.7003784179688
20.1484375,953.7042236328125
20.1640625,953.7035522460938
20.1796875,953.6948852539062
20.1953125,953.70263671875
20.2109375,953.7018432617188
20.2265625,953.6903076171875
20.2421875,953.693115234375
20.2578125,953.692626953125
20.2734375,953.6875610351562
20.2890625,953.6915283203125
20.3046875,953.6986694335938
20.3203125,953.6896362304688
20.3359375,953.6735229492188
20.3515625,953.6795654296875
20.3671875,953.6856079101562
20.3828125,953.6897583007812
20.3984375,953.6788330078125
20.4140625,953.6852416992188
20.4296875,953.6730346679688
20.4453125,953.6881713867188
20.4609375,953.6881103515625
20.4765625,953.6897583007812
20.4921875,953.68505859375
20.5078125,953.6753540039062
20.5234375,953.6844482421875
20.5390625,953.6685180664062
20.5546875,953.6900634765625
20.5703125,953.6784057617188
20.5859375,953.6682739257812
20.6015625,953.6693725585938
20.6171875,953.6849975585938
20.6328125,953.6770629882812
20.6484375,953.6553955078125
20.6640625,953.671875
20.6796875,953.65966796875
20.6953125,953.6727294921875
20.7109375,953.6554565429688
20.7265625,953.6712036132812
20.7421875,953.6738891601562
20.7578125,953.654052734375
20.7734375,953.67724609375
20.7890625,953.66162109375
20.8046875,953.661865234375
20.8203125,953.6535034179688
20.8359375,953.6546020507812
20.8515625,953.6415405273438
20.8671875,953.6692504882812
20.8828125,953.6558227539062
20.8984375,953.6468505859375
20.9140625,953.6643676757812
20.9296875,953.6437377929688
20.9453125,953.6502685546875
20.9609375,953.6567993164062
20.9765625,953.6583251953125
20.9921875,953.6643676757812
21.0078125,953.6488647460938
21.0234375,953.6424560546875
21.0390625,953.643798828125
21.0546875,953.6432495117188
21.0703125,953.670654296875
21.0859375,953.6443481445312
21.1015625,953.6683349609375
21.1171875,953.6741943359375
21.1328125,953.6317138671875
21.1484375,953.6918334960938
21.1640625,953.6488647460938
21.1796875,953.6608276367188
21.1953125,953.6773071289062
21.2109375,953.6800537109375
21.2265625,953.68310546875
21.2421875,953.68896484375
21.2578125,953.7269897460938
21.2734375,953.7166748046875
21.2890625,953.7385864257812
21.3046875,953.749267578125
21.3203125,953.7274780273438
21.3359375,953.7578125
21.3515625,953.7241821289062
21.3671875,953.720458984375
21.3828125,953.7191772460938
21.3984375,953.6437377929688
21.4140625,953.75
21.4296875,953.77880859375
21.4453125,953.7593383789062
21.4609375,953.751220703125
21.4765625,953.7896118164062
21.4921875,953.7622680664062
21.5078125,953.7531127929688
21.5234375,953.7752075195312
21.5390625,953.8502197265625
21.5546875,953.7852783203125
21.5703125,953.7625732421875
21.5859375,953.7808227539062
21.6015625,953.7416381835938
21.6171875,953.7699584960938
21.6328125,953.7821655273438
21.6484375,953.7737426757812
21.6640625,953.7926635742188
21.6796875,953.7752075195312
21.6953125,953.76904296875
21.7109375,953.7567749023438
21.7265625,953.7417602539062
21.7421875,953.81591796875
21.7578125,953.8038330078125
21.7734375,953.7757568359375
21.7890625,953.774169921875
21.8046875,953.7728881835938
21.8203125,953.7739868164062
21.8359375,953.765380859375
21.8515625,953.79638671875
21.8671875,953.8084716796875
21.8828125,953.81396484375
21.8984375,953.7581176757812
21.9140625,953.790283203125
21.9296875,953.829345703125
21.9453125,953.7817993164062
21.9609375,953.8257446289062
21.9765625,953.7966918945312
21.9921875,953.8045043945312
22.0078125,953.7755737304688
22.0234375,953.7833862304688
22.0390625,953.7539672851562
22.0546875,953.7762451171875
22.0703125,953.73388671875
22.0859375,953.7366333007812
22.1015625,953.7353515625
22.1171875,953.7330932617188
22.1328125,953.7440185546875
22.1484375,953.7291870117188
22.1640625,953.7405395507812
22.1796875,953.7218627929688
22.1953125,953.7325439453125
22.2109375,953.737548828125
22.2265625,953.7313232421875
22.2421875,953.732177734375
22.2578125,953.7174072265625
22.2734375,953.71630859375
22.2890625,953.7157592773438
22.3046875,953.71435546875
22.3203125,953.7192993164062
22.3359375,953.7062377929688
22.3515625,953.70654296875
22.3671875,953.7045288085938
22.3828125,953.7076416015625
22.3984375,953.6926879882812
22.4140625,953.6821899414062
22.4296875,953.7052612304688
22.4453125,953.6990356445312
22.4609375,953.6912841796875
22.4765625,953.6917724609375
22.4921875,953.6912841796875
22.5078125,953.6997680664062
22.5234375,953.6798095703125
22.5390625,953.6841430664062
22.5546875,953.6788330078125
22.5703125,953.6810913085938
22.5859375,953.6851196289062
22.6015625,953.6798095703125
22.6171875,953.6756591796875
22.6328125,953.6783447265625
22.6484375,953.677490234375
22.6640625,953.6759033203125
22.6796875,953.6880493164062
22.6953125,953.6841430664062
22.7109375,953.6842041015625
22.7265625,953.6615600585938
22.7421875,953.67529296875
22.7578125,953.681640625
22.7734375,953.6809692382812
22.7890625,953.6610107421875
22.8046875,953.6920776367188
22.8203125,953.677734375
22.8359375,953.6822509765625
22.8515625,953.6962280273438
22.8671875,953.6720581054688
22.8828125,953.6869506835938
22.8984375,953.6810913085938
22.9140625,953.673583984375
22.9296875,953.6641845703125
22.9453125,953.6806640625
22.9609375,953.6796875
22.9765625,953.6746826171875
22.9921875,953.6802978515625
23.0078125,953.6761474609375
23.0234375,953.6763916015625
23.0390625,953.6873779296875
23.0546875,953.6564331054688
23.0703125,953.6807861328125
23.0859375,953.6712036132812
23.1015625,953.6748046875
23.1171875,953.674560546875
23.1328125,953.659423828125
23.1484375,953.671630859375
23.1640625,953.6806030273438
23.1796875,953.6719360351562
23.1953125,953.6763916015625
23.2109375,953.6680297851562
23.2265625,953.6710205078125
23.2421875,953.6746826171875
23.2578125,953.6950073242188
23.2734375,953.6744384765625
23.2890625,953.6795654296875
23.3046875,953.6744995117188
23.3203125,953.6793823242188
23.3359375,953.65966796875
23.3515625,953.6936645507812
23.3671875,953.6810913085938
23.3828125,953.6998291015625
23.3984375,953.6743774414062
23.4140625,953.7006225585938
23.4296875,953.6854248046875
23.4453125,953.676513671875
23.4609375,953.703125
23.4765625,953.6953125
23.4921875,953.7130737304688
23.5078125,953.6978149414062
23.5234375,953.7003784179688
23.5390625,953.7177734375
23.5546875,953.7040405273438
23.5703125,953.700439453125
23.5859375,953.6992797851562
23.6015625,953.7244873046875
23.6171875,953.70654296875
23.6328125,953.7631225585938
23.6484375,953.7233276367188
23.6640625,953.7184448242188
23.6796875,953.717529296875
23.6953125,953.7003173828125
23.7109375,953.7562866210938
23.7265625,953.699951171875
23.7421875,953.71044921875
23.7578125,953.7185668945312
23.7734375,953.7457885742188
23.7890625,953.7315673828125
23.8046875,953.7283935546875
23.8203125,953.7300415039062
23.8359375,953.7408447265625
23.8515625,953.7446899414062
23.8671875,953.7296142578125
23.8828125,953.7330932617188
23.8984375,953.774658203125
23.9140625,953.746826171875
23.9296875,953.7740478515625
23.9453125,953.78662109375
23.9609375,953.7619018554688
23.9765625,953.7785034179688
23.9921875,953.7149658203125
24.0078125,953.7415161132812
24.0234375,953.7380981445312
24.0390625,953.746826171875
24.0546875,953.7482299804688
24.0703125,953.7218627929688
24.0859375,953.7374877929688
24.1015625,953.7117919921875
24.1171875,953.7106323242188
24.1328125,953.7061767578125
24.1484375,953.7120971679688
24.1640625,953.7035522460938
24.1796875,953.7169799804688
24.1953125,953.7063598632812
24.2109375,953.7025756835938
24.2265625,953.7075805664062
24.2421875,953.7015991210938
24.2578125,953.6997680664062
24.2734375,953.7010498046875
24.2890625,953.6959838867188
24.3046875,953.69287109375
24.3203125,953.7127075195312
24.3359375,953.6903076171875
24.3515625,953.6761474609375
24.3671875,953.6968383789062
24.3828125,953.6876831054688
24.3984375,953.6802978515625
24.4140625,953.6803588867188
24.4296875,953.6777954101562
24.4453125,953.6801147460938
24.4609375,953.66357421875
24.4765625,953.6478881835938
24.4921875,953.673583984375
24.5078125,953.659912109375
24.5234375,953.6759033203125
24.5390625,953.6758422851562
24.5546875,953.6768798828125
24.5703125,953.6653442382812
24.5859375,953.680908203125
24.6015625,953.6742553710938
24.6171875,953.6697998046875
24.6328125,953.6591186523438
24.6484375,953.6585083007812
24.6640625,953.668701171875
24.6796875,953.6598510742188
24.6953125,953.6500854492188
24.7109375,953.6692504882812
24.7265625,953.6746826171875
24.7421875,953.6495361328125
24.7578125,953.648193359375
24.7734375,953.6580200195312
24.7890625,953.6510009765625
24.8046875,953.656005859375
24.8203125,953.6549682617188
24.8359375,953.6531982421875
24.8515625,953.645263671875
24.8671875,953.6675415039062
24.8828125,953.649658203125
24.8984375,953.6468505859375
24.9140625,953.6437377929688
24.9296875,953.6456909179688
24.9453125,953.6409301757812
24.9609375,953.6642456054688
24.9765625,953.6239624023438
24.9921875,953.6439819335938
25.0078125,953.6449584960938
25.0234375,953.646240234375
25.0390625,953.6449584960938
25.0546875,953.6336669921875
25.0703125,953.6336669921875
25.0859375,953.6405029296875
25.1015625,953.6437377929688
25.1171875,953.6331176757812
25.1328125,953.6493530273438
25.1484375,953.6602783203125
25.1640625,953.6444091796875
25.1796875,953.6447143554688
25.1953125,953.6531982421875
25.2109375,953.6832885742188
25.2265625,953.6506958007812
25.2421875,953.6554565429688
25.2578125,953.6710205078125
25.2734375,953.6976318359375
25.2890625,953.6735229492188
25.3046875,953.6800537109375
25.3203125,953.6666259765625
25.3359375,953.670654296875
25.3515625,953.6764526367188
25.3671875,953.6741943359375
25.3828125,953.7173461914062
25.3984375,953.7030029296875
25.4140625,953.7186279296875
25.4296875,953.671142578125
25.4453125,953.7117919921875
25.4609375,953.7705078125
25.4765625,953.7258911132812
25.4921875,953.7377319335938
25.5078125,953.7455444335938
25.5234375,953.745361328125
25.5390625,953.73779296875
25.5546875,953.7391357421875
25.5703125,953.7594604492188
25.5859375,953.7091674804688
25.6015625,953.744140625
25.6171875,953.7544555664062
25.6328125,953.7698974609375
25.6484375,953.723876953125
25.6640625,953.7345581054688
25.6796875,953.7760009765625
25.6953125,953.7598266601562
25.7109375,953.7442016601562
25.7265625,953.754638671875
25.7421875,953.7760009765625
25.7578125,953.7439575195312
25.7734375,953.7682495117188
25.7890625,953.737060546875
25.8046875,953.751220703125
25.8203125,953.7465209960938
25.8359375,953.7377319335938
25.8515625,953.7595825195312
25.8671875,953.7430419921875
25.8828125,953.7352905273438
25.8984375,953.7415161132812
25.9140625,953.7333984375
25.9296875,953.7402954101562
25.9453125,953.7623901367188
25.9609375,953.774658203125
25.9765625,953.72216796875
25.9921875,953.776611328125
26.0078125,953.7463989257812
26.0234375,953.739013671875
26.0390625,953.7724609375
26.0546875,953.7478637695312
26.0703125,953.7333374023438
26.0859375,953.7723388671875
26.1015625,953.765380859375
26.1171875,953.7452392578125
26.1328125,953.7575073242188
26.1484375,953.7643432617188
26.1640625,953.7576904296875
26.1796875,953.71826171875
26.1953125,953.7264404296875
26.2109375,953.7156982421875
26.2265625,953.711669921875
26.2421875,953.7141723632812
26.2578125,953.7114868164062
26.2734375,953.7084350585938
26.2890625,953.719970703125
26.3046875,953.7277221679688
26.3203125,953.7088012695312
26.3359375,953.7091064453125
26.3515625,953.7034912109375
26.3671875,953.6959838867188
26.3828125,953.690185546875
26.3984375,953.6826171875
26.4140625,953.6922607421875
26.4296875,953.6973266601562
26.4453125,953.6802978515625
26.4609375,953.6883544921875
26.4765625,953.6812133789062
26.4921875,953.6819458007812
26.5078125,953.6759033203125
26.5234375,953.6825561523438
26.5390625,953.6759643554688
26.5546875,953.6759033203125
26.5703125,953.6766357421875
26.5859375,953.6716918945312
26.6015625,953.6876220703125
26.6171875,953.671142578125
26.6328125,953.6775512695312
26.6484375,953.6719970703125
26.6640625,953.6590576171875
26.6796875,953.6720581054688
26.6953125,953.6596069335938
26.7109375,953.6663208007812
26.7265625,953.66357421875
26.7421875,953.6549682617188
26.7578125,953.6699829101562
26.7734375,953.6756591796875
26.7890625,953.6593627929688
26.8046875,953.6471557617188
26.8203125,953.6624755859375
26.8359375,953.6574096679688
26.8515625,953.6607055664062
26.8671875,953.6543579101562
26.8828125,953.6632690429688
26.8984375,953.673095703125
26.9140625,953.6553955078125
26.9296875,953.668701171875
26.9453125,953.6526489257812
26.9609375,953.645751953125
26.9765625,953.66162109375
26.9921875,953.6646728515625
27.0078125,953.6471557617188
27.0234375,953.6520385742188
27.0390625,953.6553955078125
27.0546875,953.6583251953125
27.0703125,953.657470703125
27.0859375,953.6546630859375
27.1015625,953.6466674804688
27.1171875,953.6443481445312
27.1328125,953.6658935546875
27.1484375,953.6331787109375
27.1640625,953.6741943359375
27.1796875,953.6697998046875
27.1953125,953.6434936523438
27.2109375,953.672607421875
27.2265625,953.673828125
27.2421875,953.6881713867188
27.2578125,953.70849609375
27.2734375,953.7158203125
27.2890625,953.66162109375
27.3046875,953.7075805664062
27.3203125,953.68896484375
27.3359375,953.7042236328125
27.3515625,953.7296142578125
27.3671875,953.7190551757812
27.3828125,953.7433471679688
27.3984375,953.7135009765625
27.4140625,953.6925659179688
27.4296875,953.7010498046875
27.4453125,953.7107543945312
27.4609375,953.7431640625
27.4765625,953.7233276367188
27.4921875,953.72021484375
27.5078125,953.727294921875
27.5234375,953.7328491210938
27.5390625,953.7380981445312
27.5546875,953.7229614257812
27.5703125,953.7265625
27.5859375,953.7380981445312
27.6015625,953.7235717773438
27.6171875,953.7354736328125
27.6328125,953.728515625
27.6484375,953.739501953125
27.6640625,953.7289428710938
27.6796875,953.7247314453125
27.6953125,953.7235717773438
27.7109375,953.7365112304688
27.7265625,953.7228393554688
27.7421875,953.7296142578125
27.7578125,953.743896484375
27.7734375,953.738037109375
27.7890625,953.7164916992188
27.8046875,953.7118530273438
27.8203125,953.7506103515625
27.8359375,953.720458984375
27.8515625,953.7617797851562
27.8671875,953.741455078125
27.8828125,953.7238159179688
27.8984375,953.76953125
27.9140625,953.7207641601562
27.9296875,953.7550659179688
27.9453125,953.7487182617188
27.9609375,953.7474975585938
27.9765625,953.72412109375
27.9921875,953.7392578125
28.0078125,953.7440185546875
28.0234375,953.7450561523438
28.0390625,953.7503051757812
28.0546875,953.7481079101562
28.0703125,953.7362060546875
28.0859375,953.7553100585938
28.1015625,953.7391967773438
28.1171875,953.7257080078125
28.1328125,953.7117919921875
28.1484375,953.712890625
28.1640625,953.7174682617188
28.1796875,953.71826171875
28.1953125,953.7127075195312
28.2109375,953.7208862304688
28.2265625,953.7191162109375
28.2421875,953.7034301757812
28.2578125,953.6976318359375
28.2734375,953.7103881835938
28.2890625,953.7113647460938
28.3046875,953.713623046875
28.3203125,953.7098388671875
28.3359375,953.69677734375
28.3515625,953.6889038085938
28.3671875,953.7001342773438
28.3828125,953.6890258789062
28.3984375,953.6996459960938
28.4140625,953.7024536132812
28.4296875,953.6905517578125
28.4453125,953.6956787109375
28.4609375,953.7012939453125
28.4765625,953.690185546875
28.4921875,953.7020874023438
28.5078125,953.6834716796875
28.5234375,953.69677734375
28.5390625,953.6939697265625
28.5546875,953.7009887695312
28.5703125,953.6836547851562
28.5859375,953.6881713867188
28.6015625,953.6837768554688
28.6171875,953.6969604492188
28.6328125,953.6828002929688
28.6484375,953.7015991210938
28.6640625,953.6836547851562
28.6796875,953.7068481445312
28.6953125,953.6767578125
28.7109375,953.6830444335938
28.7265625,953.6775512695312
28.7421875,953.6741943359375
28.7578125,953.680419921875
28.7734375,953.6834716796875
28.7890625,953.6859741210938
28.8046875,953.66357421875
28.8203125,953.6693725585938
28.8359375,953.6701049804688
28.8515625,953.67138671875
28.8671875,953.6688232421875
28.8828125,953.6527099609375
28.8984375,953.6680908203125
28.9140625,953.6741333007812
28.9296875,953.6591796875
28.9453125,953.6697387695312
28.9609375,953.6646728515625
28.9765625,953.65234375
28.9921875,953.6740112304688
29.0078125,953.6509399414062
29.0234375,953.6549072265625
29.0390625,953.6513061523438
29.0546875,953.657470703125
29.0703125,953.6513061523438
29.0859375,953.65234375
29.1015625,953.6513061523438
29.1171875,953.6604614257812
29.1328125,953.678955078125
29.1484375,953.6813354492188
29.1640625,953.6951293945312
29.1796875,953.6829223632812
29.1953125,953.677001953125
29.2109375,953.6817016601562
29.2265625,953.7025756835938
29.2421875,953.71435546875
29.2578125,953.723388671875
29.2734375,953.7183227539062
29.2890625,953.7723388671875
29.3046875,953.7741088867188
29.3203125,953.7957763671875
29.3359375,953.8012084960938
29.3515625,953.7603759765625
29.3671875,953.7442626953125
29.3828125,953.7702026367188
29.3984375,953.7713623046875
29.4140625,953.9219360351562
29.4296875,953.8341674804688
29.4453125,953.7904663085938
29.4609375,953.9602661132812
29.4765625,953.8958129882812
29.4921875,953.8140258789062
29.5078125,953.8831787109375
29.5234375,953.8658447265625
29.5390625,953.8086547851562
29.5546875,953.8908081054688
29.5703125,953.8043823242188
29.5859375,953.8719482421875
29.6015625,953.8585815429688
29.6171875,953.8279418945312
29.6328125,953.8637084960938
29.6484375,953.8309326171875
29.6640625,953.8549194335938
29.6796875,953.8047485351562
29.6953125,953.8073120117188
29.7109375,953.8173828125
29.7265625,953.8157348632812
29.7421875,953.7743530273438
29.7578125,953.805908203125
29.7734375,953.7735595703125
29.7890625,953.850341796875
29.8046875,953.8032836914062
29.8203125,953.7988891601562
29.8359375,953.8031616210938
29.8515625,953.7875366210938
29.8671875,953.7517700195312
29.8828125,953.7349853515625
29.8984375,953.7710571289062
29.9140625,953.7427368164062
29.9296875,953.7601928710938
29.9453125,953.74169921875
29.9609375,953.7335815429688
29.9765625,953.7315673828125
29.9921875,953.7243041992188
30.0078125,953.7275390625
30.0234375,953.72607421875
30.0390625,953.7294311523438
30.0546875,953.7179565429688
30.0703125,953.718505859375
30.0859375,953.732177734375
30.1015625,953.709716796875
30.1171875,953.7000732421875
30.1328125,953.7109985351562
30.1484375,953.710693359375
30.1640625,953.7013549804688
30.1796875,953.7017211914062
30.1953125,953.6968383789062
30.2109375,953.7034301757812
30.2265625,953.6956787109375
30.2421875,953.693359375
30.2578125,953.7081909179688
30.2734375,953.6983642578125
30.2890625,953.700439453125
30.3046875,953.6944580078125
30.3203125,953.6945190429688
30.3359375,953.7008666992188
30.3515625,953.6818237304688
30.3671875,953.6937866210938
30.3828125,953.6929321289062
30.3984375,953.687255859375
30.4140625,953.6895751953125
30.4296875,953.6777954101562
30.4453125,953.6828002929688
30.4609375,953.6883544921875
30.4765625,953.6701049804688
30.4921875,953.6786499023438
30.5078125,953.6677856445312
30.5234375,953.6876831054688
30.5390625,953.680419921875
30.5546875,953.6783447265625
30.5703125,953.6747436523438
30.5859375,953.6779174804688
30.6015625,953.667724609375
30.6171875,953.6700439453125
30.6328125,953.6777954101562
30.6484375,953.6790161132812
30.6640625,953.66748046875
30.6796875,953.6751098632812
30.6953125,953.67919921875
30.7109375,953.6504516601562
30.7265625,953.6692504882812
30.7421875,953.6787109375
30.7578125,953.6603393554688
30.7734375,953.6598510742188
30.7890625,953.6482543945312
30.8046875,953.6669921875
30.8203125,953.6730346679688
30.8359375,953.6531982421875
30.8515625,953.6580810546875
30.8671875,953.6575317382812
30.8828125,953.6721801757812
30.8984375,953.667724609375
30.9140625,953.6502075195312
30.9296875,953.6591186523438
30.9453125,953.6502685546875
30.9609375,953.6653442382812
30.9765625,953.6715698242188
30.9921875,953.6651611328125
31.0078125,953.6563110351562
31.0234375,953.6490478515625
31.0390625,953.6566162109375
31.0546875,953.6502685546875
31.0703125,953.6646118164062
31.0859375,953.6577758789062
31.1015625,953.6599731445312
31.1171875,953.662841796875
31.1328125,953.67578125
31.1484375,953.675048828125
31.1640625,953.671142578125
31.1796875,953.6820678710938
31.1953125,953.6808471679688
31.2109375,953.6758422851562
31.2265625,953.67529296875
31.2421875,953.6922607421875
31.2578125,953.6775512695312
31.2734375,953.673095703125
31.2890625,953.6605834960938
31.3046875,953.6724243164062
31.3203125,953.6758422851562
31.3359375,953.6832885742188
31.3515625,953.6749267578125
31.3671875,953.6799926757812
31.3828125,953.6908569335938
31.3984375,953.6908569335938
31.4140625,953.6884765625
31.4296875,953.6801147460938
31.4453125,953.6814575195312
31.4609375,953.676513671875
31.4765625,953.6844482421875
31.4921875,953.6744995117188
31.5078125,953.6795043945312
31.5234375,953.6763916015625
31.5390625,953.6856079101562
31.5546875,953.6898803710938
31.5703125,953.6766357421875
31.5859375,953.67578125
31.6015625,953.6939086914062
31.6171875,953.6929321289062
31.6328125,953.673828125
31.6484375,953.6993408203125
31.6640625,953.68896484375
31.6796875,953.7003784179688
31.6953125,953.7026977539062
31.7109375,953.700439453125
31.7265625,953.6997680664062
31.7421875,953.7001342773438
31.7578125,953.6983642578125
31.7734375,953.7073364257812
31.7890625,953.7062377929688
31.8046875,953.6995849609375
31.8203125,953.7073364257812
31.8359375,953.7213745117188
31.8515625,953.701904296875
31.8671875,953.7085571289062
31.8828125,953.6993408203125
31.8984375,953.6834106445312
31.9140625,953.7039794921875
31.9296875,953.7184448242188
31.9453125,953.6984252929688
31.9609375,953.7055053710938
31.9765625,953.7024536132812
31.9921875,953.6973266601562
32.0078125,953.7092895507812
32.0234375,953.712646484375
32.0390625,953.7153930664062
32.0546875,953.700927734375
32.0703125,953.7120361328125
32.0859375,953.694091796875
32.1015625,953.6857299804688
32.1171875,953.7021484375
32.1328125,953.7134399414062
32.1484375,953.6981811523438
32.1640625,953.7001342773438
32.1796875,953.698486328125
32.1953125,953.697021484375
32.2109375,953.7030029296875
32.2265625,953.7054443359375
32.2421875,953.7056274414062
32.2578125,953.7001953125
32.2734375,953.6961669921875
32.2890625,953.69482421875
32.3046875,953.6895751953125
32.3203125,953.6912841796875
32.3359375,953.6812133789062
