Time (seconds),right-pad,center-pad,down-pad,left-pad,top-pad
0.0164466,0.0,0.0,0.0,0.0,0.0
0.0676363,0.0,0.0,0.0,0.0,0.0
0.1175108,0.0,0.0,0.0,0.0,0.0
0.1685722,0.0,0.0,0.0,0.0,0.0
0.2190943,0.0,0.0,0.0,0.0,0.0
0.2696071,0.0,0.0,0.0,0.0,0.0
0.3204803,0.0,0.0,0.0,0.0,0.0
0.3705046,0.0,0.0,0.0,0.0,0.0
0.4221816,0.0,0.0,0.0,0.0,0.0
0.4724901,0.0,0.0,0.0,0.0,0.0
0.5231237,0.0,0.0,0.0,0.0,0.0
0.5738482,0.0,0.0,0.0,0.0,0.0
0.6243412,0.0,0.0,0.0,0.0,0.0
0.6747808,0.0,0.0,0.0,0.0,0.0
0.7251816,0.0,0.0,0.0,0.0,0.0
0.7763958,0.0,0.0,0.0,0.0,0.0
0.8264368,0.0,0.0,0.0,0.0,0.0
0.877619,0.0,0.0,0.0,0.0,0.0
0.9280076,0.0,0.0,0.0,0.0,0.0
0.978533,0.0,0.0,0.0,0.0,0.0
1.0298011,0.0,0.0,0.0,0.0,0.0
1.0798485,0.0,0.0,0.0,0.0,0.0
1.1310618,0.0,0.0,0.0,0.0,0.0
1.1818383,0.0,0.0,0.0,0.0,0.0
1.2317352,0.0,0.0,0.0,0.0,0.0
1.2822394,0.0,0.0,0.0,0.0,0.0
1.3331783,0.0,0.0,0.0,0.1222222,0.0
1.3836443,0.0,0.0,0.0,0.3511111,0.0
1.434406,0.0,0.0,0.0,0.7533333,0.0
1.4848418,0.0,0.0,0.0,0.8088889,0.0
1.5353692,0.0,0.0,0.0955556,0.8155556,0.0
1.5868492,0.0,0.6711111,0.6488889,0.8155556,0.0666667
1.6370361,0.0,0.7955555,0.7933334,0.8155556,0.1133333
1.6878934,0.16,0.8111111,0.8111111,0.8177778,0.1311111
1.7390327,0.6288889,0.8133333,0.8133333,0.8177778,0.0977778
1.7896116,0.7688889,0.8133333,0.8133333,0.5577778,0.0
1.8404756,0.7866667,0.6777778,0.72,0.0755556,0.0
1.8907387,0.4244444,0.1,0.1022222,0.0,0.0
1.9416795,0.0666667,0.0,0.0,0.0,0.0
1.9922175,0.0,0.0,0.0,0.0,0.0
2.0424902,0.0,0.0,0.0,0.0,0.0
2.09355,0.0,0.0,0.0,0.0,0.0
2.1439993,0.0,0.0,0.0,0.0,0.0
2.1946776,0.0,0.0,0.0,0.0,0.0
2.2453966,0.0,0.0,0.0,0.0,0.0
2.2955754,0.0,0.0,0.0,0.0,0.0
2.3461573,0.0,0.0,0.0,0.0,0.0
2.3969219,0.0,0.0,0.0,0.0,0.0
2.4481189,0.0,0.0,0.0,0.0,0.0
2.4987798,0.0,0.0,0.0,0.0,0.0
2.5494063,0.0,0.0,0.0,0.0,0.0
2.5994475,0.0,0.0,0.0,0.0,0.0
2.6499519,0.0,0.0,0.0,0.0,0.0
2.7007253,0.0,0.0,0.0,0.0,0.0
2.7516732,0.0,0.0,0.0,0.0,0.0
2.8024759,0.0,0.0,0.0,0.0,0.0
2.8531272,0.0,0.0,0.0,0.0,0.0
2.9034235,0.0,0.0,0.0,0.0,0.0
2.9542799,0.0,0.0,0.0,0.0,0.0
3.0050771,0.0,0.0,0.0,0.0,0.0
3.0556881,0.0,0.0,0.0,0.0,0.0
3.1061785,0.0,0.0,0.0,0.0,0.0
3.1567776,0.0,0.0,0.0,0.0,0.0
3.2074242,0.0,0.0,0.0,0.0,0.0
3.2584565,0.0,0.0,0.0,0.4222222,0.0
3.3084674,0.0,0.0,0.0977778,0.7644445,0.0
3.3594141,0.0,0.0,0.3933333,0.8088889,0.0
3.4107499,0.0,0.1422222,0.74,0.8133333,0.0
3.4609847,0.0,0.6488889,0.8022223,0.8133333,0.0
3.5122111,0.0,0.7911111,0.8111111,0.8133333,0.0
3.5627577,0.0777778,0.8088889,0.8111111,0.8155556,0.0
3.6136618,0.48,0.8111111,0.8111111,0.8155556,0.0
3.6636989,0.7488889,0.8111111,0.8133333,0.8155556,0.0666667
3.7147353,0.7822222,0.8133333,0.8133333,0.5466667,0.0666667
3.7656996,0.7866667,0.8133333,0.8133333,0.1688889,0.0
3.8172295,0.7866667,0.8133333,0.8133333,0.0,0.0
3.8667488,0.7866667,0.6177778,0.6088889,0.0,0.0
3.9177058,0.5088889,0.0933333,0.0955556,0.0,0.0
3.9678664,0.0777778,0.0,0.0,0.0,0.0
4.0185149,0.0,0.0,0.0,0.0,0.0
4.0694175,0.0,0.0,0.0,0.0,0.0
4.1202245,0.0,0.0,0.0,0.0,0.0
4.1706936,0.0,0.0,0.0,0.0,0.0
4.2216728,0.0,0.0,0.0,0.0,0.0
4.2715228,0.0,0.0,0.0,0.0,0.0
4.3223796,0.0,0.0,0.0,0.0,0.0
4.373415,0.0,0.0,0.0,0.0,0.0
4.4239194,0.0,0.0,0.0,0.0,0.0
4.4745924,0.0,0.0,0.0,0.0,0.0
4.5253139,0.0,0.0,0.0,0.0,0.0
4.5754809,0.0,0.0,0.0,0.0,0.0
4.6263807,0.0,0.0,0.0,0.0,0.0
4.6769524,0.0,0.0,0.0,0.0,0.0
4.7273405,0.0,0.0,0.0,0.0,0.0
4.7785299,0.0,0.0,0.0,0.0,0.0
4.8288229,0.0,0.0,0.0,0.0,0.0
4.8799272,0.0,0.0,0.0,0.0,0.0
4.9303811,0.0,0.0,0.0,0.0,0.0
4.9812851,0.0,0.0,0.0,0.0,0.0
5.0314081,0.0,0.0,0.0,0.0,0.0
5.0826397,0.0,0.0,0.0,0.0,0.0
5.1327345,0.0,0.0,0.0,0.0,0.0
5.1837592,0.0,0.0,0.0,0.0933333,0.0
5.234762,0.0,0.0,0.0,0.2777778,0.0
5.2851281,0.0,0.0,0.0,0.5377778,0.0
5.3354058,0.0,0.0,0.0,0.7777778,0.0
5.3861003,0.0,0.0,0.0,0.8088889,0.0
5.4363527,0.0,0.0,0.1311111,0.8111111,0.0
5.4871855,0.0,0.3533333,0.4022222,0.8111111,0.0
5.5381162,0.0,0.7311111,0.7333333,0.8133333,0.0
5.588903,0.0,0.8,0.8,0.8133333,0.0
5.6394758,0.0,0.8088889,0.8088889,0.8133333,0.0
5.6899097,0.0,0.8088889,0.8088889,0.8133333,0.0
5.7413151,0.0666667,0.8088889,0.8088889,0.8133333,0.0688889
5.7921968,0.2911111,0.8111111,0.8111111,0.8133333,0.0844444
5.8426216,0.7133333,0.8111111,0.8111111,0.8133333,0.0977778
5.8933229,0.7777778,0.8111111,0.8111111,0.6,0.0955556
5.9442649,0.7866667,0.8111111,0.8111111,0.2488889,0.1
5.9945416,0.7866667,0.8111111,0.8111111,0.0822222,0.0911111
6.0453336,0.7866667,0.8111111,0.8111111,0.0,0.0
6.0965312,0.7888889,0.6066667,0.5466667,0.0,0.0
6.1472793,0.6088889,0.0888889,0.0822222,0.0,0.0
6.1977279,0.0866667,0.0,0.0,0.0,0.0
6.2485764,0.0,0.0,0.0,0.0,0.0
6.2989254,0.0,0.0,0.0,0.0,0.0
6.3493307,0.0,0.0,0.0,0.0,0.0
6.4000204,0.0,0.0,0.0,0.0,0.0
6.4505692,0.0,0.0,0.0,0.0,0.0
6.5017421,0.0,0.0,0.0,0.0,0.0
6.5518107,0.0,0.0,0.0,0.0,0.0
6.6028891,0.0,0.0,0.0,0.0,0.0
6.6536672,0.0,0.0,0.0,0.0,0.0
6.703567,0.0,0.0,0.0,0.0,0.0
6.7544789,0.0,0.0,0.0,0.0,0.0
6.8048794,0.0,0.0,0.0,0.0,0.0
6.8555856,0.0,0.0,0.0,0.0,0.0
6.9062867,0.0,0.0,0.0,0.0,0.0
6.9565694,0.0,0.0,0.0,0.0,0.0
7.0077207,0.0,0.0,0.0,0.0,0.0
7.0585935,0.0,0.0,0.0,0.0,0.0
7.1089976,0.0,0.0,0.0,0.0,0.0
7.1601427,0.0,0.0,0.0,0.0,0.0
7.2103405,0.0,0.0,0.0,0.0,0.0
7.2608042,0.0,0.0,0.0,0.1444445,0.0
7.311727,0.0,0.0,0.0,0.6911111,0.0
7.3622637,0.0,0.0688889,0.2155555,0.7977778,0.0
7.4135916,0.0,0.44,0.7,0.8111111,0.0
7.4641137,0.0,0.7644445,0.7933334,0.8111111,0.0
7.5144207,0.0,0.8044444,0.8066667,0.8111111,0.0
7.5654929,0.5755556,0.8088889,0.8066667,0.8133333,0.1155556
7.6161978,0.76,0.8088889,0.8066667,0.6755555,0.4111111
7.6668017,0.7822222,0.8088889,0.6866667,0.1333333,0.7177778
7.7176998,0.7844445,0.4333333,0.1244444,0.0,0.3866667
7.7682941,0.3222222,0.0,0.0,0.0,0.0
7.8190646,0.0,0.0,0.0,0.0,0.0
7.8701012,0.0,0.0,0.0,0.0,0.0
7.9206378,0.0,0.0,0.0,0.0,0.0
7.971061,0.0,0.0,0.0,0.0,0.0
8.021282,0.0,0.0,0.0,0.0,0.0
8.0725703,0.0,0.0,0.0,0.0,0.0
8.1231165,0.0,0.0,0.0,0.0,0.0
8.1731396,0.0,0.0,0.0,0.0,0.0
8.2242725,0.0,0.0,0.0,0.0,0.0
8.2750089,0.0,0.0,0.0,0.0,0.0
8.3251803,0.0,0.0,0.0,0.0,0.0
8.3762591,0.0,0.0,0.0,0.0,0.0
8.4265423,0.0,0.0,0.0,0.0,0.0
8.4768157,0.0,0.0,0.0,0.0,0.0
8.5275862,0.0,0.0,0.0,0.0,0.0
8.5788751,0.0,0.0,0.0,0.0,0.0
8.6297765,0.0,0.0,0.0,0.0,0.0
8.6798193,0.0,0.0,0.0,0.0,0.0
8.7306695,0.0,0.0,0.0,0.0,0.0
8.7810593,0.0,0.0,0.0,0.0,0.0
8.8320706,0.0,0.0,0.0,0.0,0.0
8.8826985,0.0,0.0,0.0,0.0,0.0
8.9331419,0.0,0.0,0.0,0.0,0.0
8.9838905,0.0,0.0,0.0,0.1622222,0.0
9.0340297,0.0,0.0,0.0,0.6977777,0.0
9.0849681,0.0,0.0,0.1288889,0.7955555,0.0
9.1356976,0.0,0.1155556,0.6088889,0.8088889,0.0
9.1864805,0.0,0.5488889,0.7822222,0.8088889,0.0
9.237052,0.0,0.7733333,0.8044444,0.8088889,0.0
9.2881632,0.0,0.8044444,0.8066667,0.8111111,0.0
9.3385036,0.2911111,0.8066667,0.8066667,0.8111111,0.0
9.3895023,0.7044445,0.8066667,0.8088889,0.8111111,0.0
9.4400811,0.7755556,0.8088889,0.8088889,0.2866667,0.0
9.4910622,0.7844445,0.5977778,0.8088889,0.0,0.0
9.5408983,0.4244444,0.08,0.1444445,0.0,0.0
9.5919785,0.0644444,0.0,0.0,0.0,0.0
9.6427586,0.0,0.0,0.0,0.0,0.0
9.6929803,0.0,0.0,0.0,0.0,0.0
9.7436202,0.0,0.0,0.0,0.0,0.0
9.7945585,0.0,0.0,0.0,0.0,0.0
9.8449855,0.0,0.0,0.0,0.0,0.0
9.8959978,0.0,0.0,0.0,0.0,0.0
9.9466047,0.0,0.0,0.0,0.0,0.0
9.9971108,0.0,0.0,0.0,0.0,0.0
10.0477257,0.0,0.0,0.0,0.0,0.0
10.0984538,0.0,0.0,0.0,0.0,0.0
10.1485291,0.0,0.0,0.0,0.0,0.0
10.1996682,0.0,0.0,0.0,0.0,0.0
10.2507145,0.0,0.0,0.0,0.0,0.0
10.3014312,0.0,0.0,0.0,0.0,0.0
10.3515978,0.0,0.0,0.0,0.0,0.0
10.4021358,0.0,0.0,0.0,0.0,0.0
10.4526424,0.0,0.0,0.0,0.0,0.0
10.5033269,0.0,0.0,0.0,0.0,0.0
10.554879,0.0,0.0,0.0,0.0,0.0
10.6047482,0.0,0.0,0.0,0.0,0.0
10.6559017,0.0,0.0,0.0,0.0,0.0
10.7062247,0.0,0.0,0.0,0.0,0.0
10.7568941,0.0,0.0,0.0,0.0,0.0
10.8077919,0.0,0.0,0.0,0.0,0.0
10.8584058,0.0,0.0,0.0,0.0,0.0
10.9089272,0.0,0.0,0.0,0.0644444,0.0
10.9597261,0.0,0.0,0.0,0.2955556,0.0
11.0100112,0.0,0.0,0.0,0.7422222,0.0
11.0612481,0.0,0.0,0.0,0.8022223,0.0
11.1115181,0.0,0.0,0.0,0.8088889,0.0
11.1619341,0.0,0.5133333,0.2088889,0.8088889,0.0
11.2130356,0.0,0.7711111,0.42,0.8088889,0.0777778
11.2637556,0.0,0.8022223,0.5066667,0.8111111,0.08
11.3142395,0.0,0.8066667,0.7488889,0.8111111,0.0888889
11.3653083,0.2111111,0.8066667,0.8,0.8111111,0.1444445
11.4155037,0.5288889,0.8066667,0.8066667,0.8111111,0.1133333
11.4665833,0.7377778,0.8088889,0.8066667,0.8111111,0.0
11.5177474,0.78,0.8088889,0.8066667,0.3066667,0.0
11.5684552,0.7844445,0.8088889,0.8088889,0.0733333,0.0
11.6182976,0.7844445,0.8088889,0.8088889,0.0,0.0
11.6691961,0.7844445,0.8088889,0.8088889,0.0,0.0
11.7205551,0.7866667,0.3977778,0.3511111,0.0,0.0
11.7703328,0.7866667,0.2688889,0.2044444,0.0,0.0
11.8215146,0.7866667,0.0711111,0.0688889,0.0,0.0
11.8720422,0.3688889,0.0,0.0,0.0,0.0
11.9231317,0.0,0.0,0.0,0.0,0.0
11.9737415,0.0,0.0,0.0,0.0,0.0
12.0243921,0.0,0.0,0.0,0.0,0.0
12.0750053,0.0,0.0,0.0,0.0,0.0
12.1254661,0.0,0.0,0.0,0.0,0.0
12.176111,0.0,0.0,0.0,0.0,0.0
12.2265894,0.0,0.0,0.0,0.0,0.0
12.2770569,0.0,0.0,0.0,0.0,0.0
12.3280215,0.0,0.0,0.0,0.0,0.0
12.3787041,0.0,0.0,0.0,0.0,0.0
12.4289181,0.0,0.0,0.0,0.0,0.0
12.4795761,0.0,0.0,0.0,0.0,0.0
12.5301268,0.0,0.0,0.0,0.0,0.0
12.5806141,0.0,0.0,0.0,0.0,0.0
12.6316493,0.0,0.0,0.0,0.0,0.0
12.682765,0.0,0.0,0.0,0.0,0.0
12.7330937,0.0,0.0,0.0,0.0,0.0
12.7843182,0.0,0.0,0.0,0.0,0.0
12.8342559,0.0,0.0,0.0,0.0,0.0
12.8852744,0.0,0.0,0.0,0.0,0.0
12.9356966,0.0,0.0,0.0,0.1933333,0.0
12.9860511,0.0,0.0,0.0,0.4822222,0.0
13.0372698,0.0,0.0,0.0,0.7511111,0.0
13.0879791,0.0,0.0,0.1177778,0.8022223,0.0
13.138432,0.0,0.18,0.5933333,0.8088889,0.0
13.1885781,0.0,0.6222222,0.78,0.8088889,0.0
13.2393405,0.0,0.7844445,0.8022223,0.8088889,0.0
13.2908056,0.0,0.8044444,0.8044444,0.8111111,0.0
13.3412709,0.0,0.8066667,0.8044444,0.8111111,0.0
13.3920519,0.3133333,0.8066667,0.8066667,0.8111111,0.0
13.4420941,0.6977777,0.8088889,0.8066667,0.8111111,0.0
13.4929385,0.7755556,0.8088889,0.8066667,0.8111111,0.0
13.5445018,0.7844445,0.8088889,0.8066667,0.6533333,0.0
13.5952246,0.7844445,0.8088889,0.8066667,0.3088889,0.0
13.644978,0.7844445,0.8088889,0.8066667,0.0755556,0.0
13.6965926,0.7866667,0.8088889,0.8066667,0.0,0.0
13.7469323,0.7866667,0.8088889,0.8066667,0.0,0.0
13.7976961,0.7866667,0.6044444,0.6133333,0.0,0.0
13.847975,0.7866667,0.2866667,0.2311111,0.0,0.0
13.8992088,0.7866667,0.1044444,0.0911111,0.0,0.0
13.9499063,0.7866667,0.0,0.0,0.0,0.0
14.0008833,0.7066666,0.0,0.0,0.0,0.0
14.0512278,0.3177778,0.0,0.0,0.0,0.0
14.1017041,0.0,0.0,0.0,0.0,0.0
14.1527514,0.0,0.0,0.0,0.0,0.0
14.202728,0.0,0.0,0.0,0.0,0.0
14.2532289,0.0,0.0,0.0,0.0,0.0
14.3039474,0.0,0.0,0.0,0.0,0.0
14.3546164,0.0,0.0,0.0,0.0,0.0
14.4050043,0.0,0.0,0.0,0.0,0.0
14.4563634,0.0,0.0,0.0,0.0,0.0
14.5071046,0.0,0.0,0.0,0.0,0.0
14.5577509,0.0,0.0,0.0,0.0,0.0
14.6082852,0.0,0.0,0.0,0.0,0.0
14.6583815,0.0,0.0,0.0,0.0,0.0
14.708842,0.0,0.0,0.0,0.0,0.0
14.760442,0.0,0.0,0.0,0.0,0.0
14.8112972,0.0,0.0,0.0,0.0,0.0
14.8611832,0.0,0.0,0.0,0.0,0.0
14.9123111,0.0,0.0,0.0,0.0,0.0
14.9625244,0.0,0.0,0.0,0.0,0.0
15.0135753,0.0,0.0,0.0,0.0,0.0
15.0645461,0.0,0.0,0.0,0.0,0.0
15.1150262,0.0,0.0,0.0,0.0,0.0
15.1651947,0.0,0.0,0.0,0.0,0.0
15.2161627,0.0,0.0,0.0,0.0,0.0
15.2666123,0.0,0.0,0.0,0.1133333,0.0
15.3172231,0.0,0.0,0.0,0.6044444,0.0
15.368294,0.0,0.0,0.0,0.7822222,0.0
15.4187634,0.0,0.1844444,0.1311111,0.8044444,0.0
15.4689596,0.0,0.6422222,0.2977778,0.8066667,0.0
15.5202179,0.0,0.7866667,0.4533333,0.8066667,0.0666667
15.5706272,0.0,0.8044444,0.5911111,0.8088889,0.1333333
15.6212382,0.0,0.8066667,0.6711111,0.8088889,0.1711111
15.6722233,0.0,0.8066667,0.7311111,0.8088889,0.2311111
15.723145,0.0,0.8088889,0.7911111,0.8088889,0.3577778
15.7732861,0.2711111,0.8088889,0.8044444,0.8088889,0.5733333
15.8240337,0.7066666,0.8088889,0.8044444,0.8088889,0.6955556
15.8747969,0.7755556,0.8088889,0.8044444,0.7422222,0.68
15.9257622,0.7844445,0.8088889,0.8066667,0.2511111,0.6111111
15.9764726,0.7844445,0.8088889,0.8066667,0.1155556,0.5577778
16.0272484,0.7844445,0.8088889,0.8066667,0.0,0.4844444
16.0779848,0.7866667,0.8088889,0.78,0.0,0.2022222
16.1287873,0.7866667,0.5444444,0.2955556,0.0,0.0
16.1795552,0.7866667,0.1333333,0.0733333,0.0,0.0
16.2296364,0.7866667,0.0,0.0,0.0,0.0
16.2808309,0.6577778,0.0,0.0,0.0,0.0
16.3313179,0.1488889,0.0,0.0,0.0,0.0
16.3822694,0.0,0.0,0.0,0.0,0.0
16.4327297,0.0,0.0,0.0,0.0,0.0
16.4832475,0.0,0.0,0.0,0.0,0.0
16.534095,0.0,0.0,0.0,0.0,0.0
16.5844724,0.0,0.0,0.0,0.0,0.0
16.6352146,0.0,0.0,0.0,0.0,0.0
16.6853945,0.0,0.0,0.0,0.0,0.0
16.7369416,0.0,0.0,0.0,0.0,0.0
16.7874694,0.0,0.0,0.0,0.0,0.0
16.8376439,0.0,0.0,0.0,0.0,0.0
16.8886511,0.0,0.0,0.0,0.0,0.0
16.9394245,0.0,0.0,0.0,0.0,0.0
16.9902592,0.0,0.0,0.0,0.0,0.0
17.0405114,0.0,0.0,0.0,0.0,0.0
17.0911584,0.0,0.0,0.0,0.0,0.0
17.1416886,0.0,0.0,0.0,0.0,0.0
17.1920178,0.0,0.0,0.0,0.0,0.0
17.2427912,0.0,0.0,0.0,0.0,0.0
17.2936242,0.0,0.0,0.0,0.0,0.0
17.3444319,0.0,0.0,0.0,0.0,0.0
17.3953664,0.0,0.0,0.0,0.0,0.0
17.4458172,0.0,0.0,0.0,0.0,0.0
17.4965994,0.0,0.0,0.0,0.0,0.0
17.5469,0.0,0.0,0.0,0.0,0.0
17.5978987,0.0,0.0,0.0,0.0644444,0.0
17.6485832,0.0,0.0,0.0,0.1111111,0.0
17.6991801,0.0,0.0,0.0,0.2333333,0.0
17.7494788,0.0,0.0,0.0,0.5733333,0.0
17.7997372,0.0,0.0,0.0,0.7777778,0.0
17.8510554,0.0,0.0,0.0666667,0.8044444,0.0
17.9016633,0.0,0.0,0.1311111,0.8066667,0.0
17.9518771,0.0,0.2177778,0.5977778,0.8066667,0.0
18.0033271,0.0,0.6755555,0.78,0.8088889,0.0
18.0539348,0.0,0.7888889,0.8022223,0.8088889,0.0
18.103904,0.0,0.8044444,0.8044444,0.8088889,0.0
18.1548765,0.0,0.8044444,0.8044444,0.8088889,0.0
18.2058737,0.1244444,0.8044444,0.8066667,0.8088889,0.0
18.2566619,0.3088889,0.8066667,0.8066667,0.8088889,0.0
18.3068578,0.6266667,0.8066667,0.8066667,0.8088889,0.0
18.3582766,0.7644445,0.8066667,0.8066667,0.8088889,0.0
18.4085755,0.78,0.8066667,0.8066667,0.8088889,0.0
18.4596853,0.7822222,0.8066667,0.8066667,0.6622222,0.0
18.5096397,0.7822222,0.8066667,0.8066667,0.58,0.0
18.5606482,0.7844445,0.8066667,0.8066667,0.1977778,0.1044444
18.6114371,0.7844445,0.8066667,0.8066667,0.0,0.1488889
18.6624174,0.7844445,0.8066667,0.7022222,0.0,0.1222222
18.7126169,0.7844445,0.7577778,0.2933333,0.0,0.0
18.7640557,0.7844445,0.2066667,0.0,0.0,0.0
18.8146617,0.7844445,0.0,0.0,0.0,0.0
18.8646455,0.1955556,0.0,0.0,0.0,0.0
18.9155354,0.0,0.0,0.0,0.0,0.0
18.9665761,0.0,0.0,0.0,0.0,0.0
19.0166209,0.0,0.0,0.0,0.0,0.0
19.0674288,0.0,0.0,0.0,0.0,0.0
19.1176817,0.0,0.0,0.0,0.0,0.0
19.1689463,0.0,0.0,0.0,0.0,0.0
19.2198474,0.0,0.0,0.0,0.0,0.0
19.2698498,0.0,0.0,0.0,0.0,0.0
19.3203993,0.0,0.0,0.0,0.0,0.0
19.371505,0.0,0.0,0.0,0.0,0.0
19.422096,0.0,0.0,0.0,0.0,0.0
19.4725583,0.0,0.0,0.0,0.0,0.0
19.5236244,0.0,0.0,0.0,0.0,0.0
19.5736241,0.0,0.0,0.0,0.0,0.0
19.6246786,0.0,0.0,0.0,0.0,0.0
19.6755972,0.0,0.0,0.0,0.0,0.0
19.7258148,0.0,0.0,0.0,0.0,0.0
19.7768426,0.0,0.0,0.0,0.0,0.0
19.8274901,0.0,0.0,0.0,0.0,0.0
19.8774943,0.0,0.0,0.0,0.0,0.0
19.9287772,0.0,0.0,0.0,0.0,0.0
19.9787745,0.0,0.0,0.0,0.0,0.0
20.0300117,0.0,0.0,0.0,0.0,0.0
20.0800135,0.0,0.0,0.0,0.0,0.0
20.1313176,0.0,0.0,0.0,0.0,0.0
20.1814787,0.0,0.0,0.0,0.0,0.0
20.2324009,0.0,0.0,0.0,0.0,0.0
20.2832115,0.0,0.0,0.0,0.0,0.0
20.3338122,0.0,0.0,0.0,0.1444445,0.0
20.3840761,0.0,0.0,0.0,0.6311111,0.0
20.4350345,0.0,0.0,0.0,0.7866667,0.0
20.4857934,0.0,0.0,0.1,0.8044444,0.0
20.5360379,0.0,0.0,0.5911111,0.8066667,0.0
20.5868883,0.0,0.3222222,0.7777778,0.8066667,0.0
20.6374147,0.0,0.6466666,0.8,0.8088889,0.0
20.6884365,0.0,0.7844445,0.8022223,0.8088889,0.0
20.738802,0.0,0.8022223,0.8022223,0.8088889,0.0
20.7902865,0.2266667,0.8044444,0.8044444,0.8088889,0.0
20.8410203,0.6711111,0.8044444,0.8044444,0.6466666,0.0
20.8914602,0.7688889,0.8066667,0.8044444,0.2177778,0.0
20.9422448,0.7822222,0.8066667,0.8044444,0.0644444,0.0
20.9924278,0.7822222,0.8066667,0.8044444,0.0,0.0
21.0435505,0.7822222,0.4777778,0.8044444,0.0,0.0
21.0936677,0.7844445,0.1666667,0.8044444,0.0,0.0
21.1453378,0.7844445,0.0,0.4288889,0.0,0.0
21.1957352,0.7755556,0.0,0.0688889,0.0,0.0
21.2462854,0.14,0.0,0.0,0.0,0.0
21.2974031,0.0,0.0,0.0,0.0,0.0
21.3477061,0.0,0.0,0.0,0.0,0.0
21.3977489,0.0,0.0,0.0,0.0,0.0
21.4489963,0.0,0.0,0.0,0.0,0.0
21.4990077,0.0,0.0,0.0,0.0,0.0
21.5505922,0.0,0.0,0.0,0.0,0.0
21.6003387,0.0,0.0,0.0,0.0,0.0
21.6519203,0.0,0.0,0.0,0.0,0.0
21.7020669,0.0,0.0,0.0,0.0,0.0
21.7532928,0.0,0.0,0.0,0.0,0.0
21.8031635,0.0,0.0,0.0,0.0,0.0
21.8542662,0.0,0.0,0.0,0.0,0.0
21.9049759,0.0,0.0,0.0,0.0,0.0
21.9549744,0.0,0.0,0.0,0.0,0.0
22.0062723,0.0,0.0,0.0,0.0,0.0
22.0565662,0.0,0.0,0.0,0.0,0.0
22.1070318,0.0,0.0,0.0,0.0,0.0
22.1581597,0.0,0.0,0.0,0.0,0.0
22.2085156,0.0,0.0,0.0,0.0,0.0
22.2595372,0.0,0.0,0.0,0.0,0.0
22.3095541,0.0,0.0,0.0,0.0,0.0
22.3606706,0.0,0.0,0.0,0.0,0.0
22.4108207,0.0,0.0,0.0,0.0,0.0
22.4619527,0.0,0.0,0.0,0.0,0.0
22.5120914,0.0,0.0,0.0,0.0,0.0
22.563556,0.0,0.0,0.0,0.0,0.0
22.6133819,0.0,0.0,0.0,0.0644444,0.0
22.6648014,0.0,0.0,0.0,0.3666667,0.0
22.7156515,0.0,0.0,0.0,0.7444444,0.0
22.7658312,0.0,0.0,0.0,0.8,0.0
22.8166625,0.0,0.0,0.1088889,0.8066667,0.0
22.8677592,0.0,0.0955556,0.4,0.8066667,0.0
22.9176152,0.0,0.5822222,0.7466667,0.8066667,0.0
22.9679902,0.0,0.7777778,0.7955555,0.8088889,0.0
23.0196691,0.0,0.8022223,0.8022223,0.8088889,0.0
23.0703833,0.1244444,0.8044444,0.8022223,0.8088889,0.0
23.1208999,0.6088889,0.8044444,0.8022223,0.8088889,0.0955556
23.1719375,0.7622222,0.8066667,0.8044444,0.7622222,0.0977778
23.2226632,0.78,0.8066667,0.8044444,0.2311111,0.1022222
23.2726893,0.7822222,0.8066667,0.8044444,0.0,0.0666667
23.3234,0.7822222,0.7222222,0.6422222,0.0,0.0
23.3749027,0.7844445,0.1488889,0.1155556,0.0,0.0
23.4246774,0.26,0.0,0.0,0.0,0.0
23.4753239,0.0,0.0,0.0,0.0,0.0
23.5267227,0.0,0.0,0.0,0.0,0.0
23.5769653,0.0,0.0,0.0,0.0,0.0
23.6276705,0.0,0.0,0.0,0.0,0.0
23.6782398,0.0,0.0,0.0,0.0,0.0
23.7294497,0.0,0.0,0.0,0.0,0.0
23.7792389,0.0,0.0,0.0,0.0,0.0
23.8297513,0.0,0.0,0.0,0.0,0.0
23.8805838,0.0,0.0,0.0,0.0,0.0
23.931915,0.0,0.0,0.0,0.0,0.0
23.9821293,0.0,0.0,0.0,0.0,0.0
24.0329323,0.0,0.0,0.0,0.0,0.0
24.0833724,0.0,0.0,0.0,0.0,0.0
24.1344178,0.0,0.0,0.0,0.0,0.0
24.1850166,0.0,0.0,0.0,0.0,0.0
24.2356703,0.0,0.0,0.0,0.0,0.0
24.28636,0.0,0.0,0.0,0.0,0.0
24.336664,0.0,0.0,0.0,0.0,0.0
24.3877313,0.0,0.0,0.0,0.0,0.0
24.4372613,0.0,0.0,0.0,0.0,0.0
24.4886789,0.0,0.0,0.0,0.0,0.0
24.5390499,0.0,0.0,0.0,0.0,0.0
24.5905116,0.0,0.0,0.0,0.0,0.0
24.6402657,0.0,0.0,0.0,0.0,0.0
24.6912308,0.0,0.0,0.0,0.2266667,0.0
24.7418945,0.0,0.0,0.0,0.6466666,0.0
24.7927246,0.0,0.0,0.0,0.7866667,0.0
24.8433101,0.0,0.0,0.0,0.8044444,0.0
24.893503,0.0,0.2044444,0.0,0.8066667,0.0
24.9449472,0.0,0.4622222,0.1311111,0.8066667,0.0
24.9950294,0.0,0.6333333,0.22,0.8088889,0.0
25.0461528,0.0,0.7555556,0.3755555,0.8088889,0.0
25.0971842,0.0,0.8,0.7311111,0.8088889,0.0
25.1473298,0.0,0.8044444,0.7933334,0.8088889,0.0
25.1984901,0.2866667,0.8044444,0.8022223,0.8088889,0.0
25.2492361,0.6622222,0.8044444,0.8022223,0.8088889,0.0
25.2996862,0.7688889,0.8066667,0.8022223,0.8088889,0.0
25.3509271,0.7822222,0.8066667,0.8044444,0.6222222,0.0
25.4010034,0.7822222,0.8066667,0.8044444,0.1888889,0.0
25.4513083,0.7822222,0.8066667,0.8044444,0.0,0.0
25.5025966,0.7844445,0.7844445,0.8044444,0.0,0.0
25.5529904,0.7844445,0.1977778,0.5888889,0.0,0.0
25.6040437,0.58,0.0,0.0955556,0.0,0.0
25.654453,0.0955556,0.0,0.0,0.0,0.0
25.705061,0.0,0.0,0.0,0.0,0.0
25.7562902,0.0,0.0,0.0,0.0,0.0
25.8066587,0.0,0.0,0.0,0.0,0.0
25.857245,0.0,0.0,0.0,0.0,0.0
25.907248,0.0,0.0,0.0,0.0,0.0
25.9587755,0.0,0.0,0.0,0.0,0.0
26.0091648,0.0,0.0,0.0,0.0,0.0
26.0593033,0.0,0.0,0.0,0.0,0.0
26.1094263,0.0,0.0,0.0,0.0,0.0
26.1613917,0.0,0.0,0.0,0.0,0.0
26.2116501,0.0,0.0,0.0,0.0,0.0
26.2625425,0.0,0.0,0.0,0.0,0.0
26.3132284,0.0,0.0,0.0,0.0,0.0
26.364099,0.0,0.0,0.0,0.0,0.0
26.4141712,0.0,0.0,0.0,0.0,0.0
26.4654326,0.0,0.0,0.0,0.0,0.0
26.5157278,0.0,0.0,0.0,0.0,0.0
26.5669544,0.0,0.0,0.0,0.0,0.0
26.617085,0.0,0.0,0.0,0.0,0.0
26.6673458,0.0,0.0,0.0,0.0,0.0
26.7179317,0.0,0.0,0.0,0.0,0.0
26.7693241,0.0,0.0,0.0,0.0,0.0
26.8197026,0.0,0.0,0.0,0.0,0.0
26.8705516,0.0,0.0,0.0,0.0,0.0
26.9206619,0.0,0.0,0.0,0.0,0.0
26.9718888,0.0,0.0,0.0,0.0,0.0
27.021673,0.0,0.0,0.0,0.0,0.0
27.0726244,0.0,0.0,0.0,0.0,0.0
27.1232812,0.0,0.0,0.0,0.3777778,0.0
27.1742566,0.0,0.0,0.0,0.7466667,0.0
27.2249284,0.0,0.0,0.1666667,0.7977778,0.0
27.2754314,0.0,0.0,0.6155556,0.8044444,0.0
27.3259928,0.0,0.3688889,0.78,0.8044444,0.0
27.3769939,0.0,0.7444444,0.8,0.8044444,0.0
27.4276335,0.0,0.7977778,0.8022223,0.8066667,0.0
27.4784856,0.1977778,0.8044444,0.8022223,0.8066667,0.0
27.5288773,0.5977778,0.8044444,0.8044444,0.8066667,0.0
27.5798821,0.76,0.8044444,0.8044444,0.7888889,0.0
27.6303723,0.78,0.8066667,0.8044444,0.4733333,0.0
27.6807413,0.7822222,0.8066667,0.8044444,0.1288889,0.0
27.7317238,0.7822222,0.8066667,0.8044444,0.0,0.0
27.7827232,0.7844445,0.8066667,0.8044444,0.0,0.0
27.8332739,0.7844445,0.7666667,0.8044444,0.0,0.0
27.8837938,0.7844445,0.2644444,0.38,0.0,0.0
27.9353008,0.7844445,0.0,0.0,0.0,0.0
27.9853785,0.1866667,0.0,0.0,0.0,0.0
28.0367041,0.0,0.0,0.0,0.0,0.0
28.0867057,0.0,0.0,0.0,0.0,0.0
28.1374385,0.0,0.0,0.0,0.0,0.0
28.1883075,0.0,0.0,0.0,0.0,0.0
28.238363,0.0,0.0,0.0,0.0,0.0
28.2896521,0.0,0.0,0.0,0.0,0.0
28.339623,0.0,0.0,0.0,0.0,0.0
28.3905766,0.0,0.0,0.0,0.0,0.0
28.4405942,0.0,0.0,0.0,0.0,0.0
28.4913967,0.0,0.0,0.0,0.0,0.0
28.5421259,0.0,0.0,0.0,0.0,0.0
28.5931883,0.0,0.0,0.0,0.0,0.0
28.644088,0.0,0.0,0.0,0.0,0.0
28.6943674,0.0,0.0,0.0,0.0,0.0
28.7446911,0.0,0.0,0.0,0.0,0.0
28.7957027,0.0,0.0,0.0,0.0,0.0
28.8463268,0.0,0.0,0.0,0.0,0.0
28.8972602,0.0,0.0,0.0,0.0,0.0
28.9475567,0.0,0.0,0.0,0.0,0.0
28.9985728,0.0,0.0,0.0,0.0,0.0
29.0491066,0.0,0.0,0.0,0.0,0.0
29.0991306,0.0,0.0,0.0,0.0,0.0
29.1496644,0.0,0.0,0.0,0.0,0.0
29.2006769,0.0,0.0,0.0,0.0,0.0
29.2516761,0.0,0.0,0.0,0.1555556,0.0
29.3025444,0.0,0.0,0.1266667,0.3466667,0.0
29.3531685,0.0,0.0,0.4266667,0.5222222,0.0
29.4031241,0.0,0.0,0.7511111,0.6866667,0.0
29.4539833,0.0,0.0,0.7977778,0.7888889,0.0
29.5048547,0.0,0.1288889,0.8022223,0.8044444,0.0
29.5555515,0.0,0.3688889,0.8022223,0.8044444,0.0
29.6061139,0.1644444,0.6711111,0.8022223,0.6977777,0.0
29.6571441,0.6511111,0.7777778,0.8044444,0.2111111,0.0
29.7081714,0.7666667,0.7711111,0.8044444,0.0,0.0
29.7580826,0.7822222,0.5311111,0.8044444,0.0,0.0
29.8093295,0.7822222,0.1466667,0.7377778,0.0,0.0
29.859477,0.7822222,0.0,0.1533333,0.0,0.0
29.9106131,0.2644444,0.0,0.0,0.0,0.0
29.9601822,0.0,0.0,0.0,0.0,0.0
30.0122914,0.0,0.0,0.0,0.0,0.0
30.0626893,0.0,0.0,0.0,0.0,0.0
30.1133754,0.0,0.0,0.0,0.0,0.0
30.1640565,0.0,0.0,0.0,0.0,0.0
30.2145839,0.0,0.0,0.0,0.0,0.0
30.2646413,0.0,0.0,0.0,0.0,0.0
30.3153276,0.0,0.0,0.0,0.0,0.0
30.36708,0.0,0.0,0.0,0.0,0.0
30.4171991,0.0,0.0,0.0,0.0,0.0
30.4682009,0.0,0.0,0.0,0.0,0.0
30.5178239,0.0,0.0,0.0,0.0,0.0
30.5689285,0.0,0.0,0.0,0.0,0.0
30.6196909,0.0,0.0,0.0,0.0,0.0
30.6699643,0.0,0.0,0.0,0.0,0.0
30.7206039,0.0,0.0,0.0,0.0,0.0
30.7715554,0.0,0.0,0.0,0.0,0.0
30.8222129,0.0,0.0,0.0,0.0,0.0
30.872669,0.0,0.0,0.0,0.0,0.0
30.9236057,0.0,0.0,0.0,0.0,0.0
30.9738405,0.0,0.0,0.0,0.0,0.0
31.0253851,0.0,0.0,0.0,0.0,0.0
31.0753813,0.0,0.0,0.0,0.0,0.0
31.1258774,0.0,0.0,0.0,0.0,0.0
31.1770062,0.0,0.0,0.0,0.0,0.0
31.2275336,0.0,0.0,0.0,0.0,0.0
31.2778006,0.0,0.0,0.0,0.0,0.0
31.3288894,0.0,0.0,0.0,0.4466667,0.0
31.3793216,0.0,0.0,0.0,0.76,0.0
31.4295974,0.0,0.0,0.0,0.8,0.0
31.480597,0.0,0.3733333,0.2933333,0.8044444,0.0
31.5314565,0.0,0.7422222,0.7222222,0.8044444,0.0
31.5821593,0.0,0.7977778,0.7933334,0.8044444,0.0
31.6325788,0.1266667,0.8044444,0.8022223,0.8066667,0.0
31.6831746,0.4377778,0.8044444,0.8022223,0.8066667,0.0
31.7341745,0.74,0.8044444,0.8022223,0.7333333,0.0
31.7845356,0.7777778,0.8066667,0.8044444,0.1622222,0.0
31.8356121,0.7822222,0.7088889,0.8044444,0.0,0.0
31.8863497,0.7822222,0.1711111,0.4911111,0.0,0.0
31.9371099,0.7822222,0.0,0.0911111,0.0,0.0
31.9871814,0.2377778,0.0,0.0,0.0,0.0
32.0380671,0.0,0.0,0.0,0.0,0.0
32.089072,0.0,0.0,0.0,0.0,0.0
32.1400015,0.0,0.0,0.0,0.0,0.0
32.1900856,0.0,0.0,0.0,0.0,0.0
32.2408593,0.0,0.0,0.0,0.0,0.0
32.2919374,0.0,0.0,0.0,0.0,0.0
32.3423002,0.0,0.0,0.0,0.0,0.0
32.3933017,0.0,0.0,0.0,0.0,0.0
32.4437785,0.0,0.0,0.0,0.0,0.0
32.4943047,0.0,0.0,0.0,0.0,0.0
32.5465715,0.0,0.0,0.0,0.0,0.0
32.5960646,0.0,0.0,0.0,0.0,0.0
32.6467471,0.0,0.0,0.0,0.0,0.0
32.697053,0.0,0.0,0.0,0.0,0.0
32.747462,0.0,0.0,0.0,0.0,0.0
32.7986829,0.0,0.0,0.0,0.0,0.0
32.8484979,0.0,0.0,0.0,0.0,0.0
32.8998082,0.0,0.0,0.0,0.0,0.0
32.9502597,0.0,0.0,0.0,0.0,0.0
33.0004616,0.0,0.0,0.0,0.0,0.0
33.0511575,0.0,0.0,0.0,0.0,0.0
33.1021101,0.0,0.0,0.0,0.0,0.0
33.1523268,0.0,0.0,0.0,0.0,0.0
33.2030845,0.0,0.0,0.0,0.0,0.0
33.2541628,0.0,0.0,0.0,0.0,0.0
33.3047841,0.0,0.0,0.0,0.0,0.0
33.3553293,0.0,0.0,0.0,0.0,0.0
33.4060552,0.0,0.0,0.0,0.0,0.0
33.4563992,0.0,0.0,0.0,0.0,0.0
33.5071709,0.0,0.0,0.0,0.1333333,0.0
33.5578156,0.0,0.0,0.0,0.34,0.0
33.6088293,0.0,0.0,0.0,0.7155555,0.0
33.659518,0.0,0.0,0.0,0.7933334,0.0
33.7101536,0.0,0.1088889,0.0,0.8044444,0.0
33.7606287,0.0,0.4844444,0.0933333,0.8044444,0.0
33.8115437,0.0,0.7644445,0.26,0.8044444,0.1177778
33.8610895,0.0,0.8,0.4822222,0.8066667,0.2733333
33.912302,0.1444445,0.8044444,0.7266667,0.8066667,0.4844444
33.9639635,0.6111111,0.8044444,0.7933334,0.8066667,0.6355556
34.0140927,0.7622222,0.8044444,0.8022223,0.7844445,0.6755555
34.0646787,0.78,0.8066667,0.8022223,0.22,0.4977778
34.1158185,0.7822222,0.8066667,0.7822222,0.0,0.2511111
34.1669581,0.7822222,0.6355556,0.4022222,0.0,0.0
34.2176275,0.7844445,0.1155556,0.0755556,0.0,0.0
34.2678726,0.3711111,0.0,0.0,0.0,0.0
34.3183062,0.0,0.0,0.0,0.0,0.0
34.3695929,0.0,0.0,0.0,0.0,0.0
34.4196076,0.0,0.0,0.0,0.0,0.0
34.4703066,0.0,0.0,0.0,0.0,0.0
34.5208061,0.0,0.0,0.0,0.0,0.0
34.5719759,0.0,0.0,0.0,0.0,0.0
34.6225626,0.0,0.0,0.0,0.0,0.0
34.6731853,0.0,0.0,0.0,0.0,0.0
34.7236824,0.0,0.0,0.0,0.0,0.0
34.7749877,0.0,0.0,0.0,0.0,0.0
34.8248053,0.0,0.0,0.0,0.0,0.0
34.8762686,0.0,0.0,0.0,0.0,0.0
34.9261432,0.0,0.0,0.0,0.0,0.0
34.9766376,0.0,0.0,0.0,0.0,0.0
35.0274079,0.0,0.0,0.0,0.0,0.0
35.0786309,0.0,0.0,0.0,0.0,0.0
35.1294777,0.0,0.0,0.0,0.0,0.0
35.1797931,0.0,0.0,0.0,0.0,0.0
35.2304769,0.0,0.0,0.0,0.0,0.0
35.2811196,0.0,0.0,0.0,0.0,0.0
35.3317118,0.0,0.0,0.0,0.0,0.0
35.3822126,0.0,0.0,0.0,0.0,0.0
35.4330735,0.0,0.0,0.0,0.0,0.0
35.4834776,0.0,0.0,0.0,0.0,0.0
35.5341296,0.0,0.0,0.0,0.0,0.0
35.5847678,0.0,0.0,0.0,0.0,0.0
35.6358378,0.0,0.0,0.0,0.0733333,0.0
35.6867445,0.0,0.0,0.0,0.3333333,0.0
35.7367902,0.0,0.0,0.0,0.7222222,0.0
35.7878764,0.0,0.0,0.3533333,0.7977778,0.0
35.8382268,0.0,0.1622222,0.74,0.8066667,0.0
35.8886869,0.0,0.6755555,0.7955555,0.8066667,0.0
35.9399042,0.0,0.7888889,0.8022223,0.8066667,0.0
35.9909365,0.1911111,0.8044444,0.8022223,0.8088889,0.0
36.0410867,0.6666667,0.8044444,0.8022223,0.8066667,0.0
36.091742,0.7688889,0.8044444,0.8044444,0.3133333,0.0
36.1421897,0.7822222,0.8066667,0.8044444,0.0,0.0
36.1928961,0.7822222,0.3555556,0.8,0.0,0.0
36.2434986,0.7822222,0.0,0.22,0.0,0.0
36.2944987,0.2088889,0.0,0.0,0.0,0.0
36.34571,0.0,0.0,0.0,0.0,0.0
36.3957927,0.0,0.0,0.0,0.0,0.0
36.4468141,0.0,0.0,0.0,0.0,0.0
36.4971826,0.0,0.0,0.0,0.0,0.0
36.5482957,0.0,0.0,0.0,0.0,0.0
36.5986094,0.0,0.0,0.0,0.0,0.0
36.6493285,0.0,0.0,0.0,0.0,0.0
36.7002192,0.0,0.0,0.0,0.0,0.0
36.7501197,0.0,0.0,0.0,0.0,0.0
36.8013809,0.0,0.0,0.0,0.0,0.0
36.8517222,0.0,0.0,0.0,0.0,0.0
36.9023247,0.0,0.0,0.0,0.0,0.0
36.9530642,0.0,0.0,0.0,0.0,0.0
37.0039132,0.0,0.0,0.0,0.0,0.0
37.0545321,0.0,0.0,0.0,0.0,0.0
37.1046515,0.0,0.0,0.0,0.0,0.0
37.1559391,0.0,0.0,0.0,0.0,0.0
37.2061367,0.0,0.0,0.0,0.0,0.0
37.2573915,0.0,0.0,0.0,0.0,0.0
37.3076007,0.0,0.0,0.0,0.0,0.0
37.3578031,0.0,0.0,0.0,0.0,0.0
37.4086556,0.0,0.0,0.0,0.0,0.0
37.4592745,0.0,0.0,0.0,0.0,0.0
37.510381,0.0,0.0,0.0,0.0,0.0
37.5612097,0.0,0.0,0.0,0.0,0.0
37.6112733,0.0,0.0,0.0,0.0,0.0
37.6619401,0.0,0.0,0.0,0.3444445,0.0
37.7124875,0.0,0.0,0.0,0.7466667,0.0
37.7636266,0.0,0.0,0.0977778,0.8,0.0
37.8136897,0.0,0.4822222,0.4422222,0.8066667,0.0
37.8654437,0.0,0.7644445,0.7555556,0.8066667,0.0
37.9155586,0.12,0.8,0.7977778,0.8066667,0.0
37.9669585,0.6511111,0.8044444,0.8022223,0.8022223,0.0
38.0171397,0.7666667,0.8044444,0.8022223,0.2066667,0.0
38.0680702,0.7822222,0.8044444,0.8022223,0.0,0.0
38.1181827,0.7822222,0.2644444,0.2688889,0.0,0.0
38.1694262,0.7822222,0.0,0.0,0.0,0.0
38.2193944,0.2133333,0.0,0.0,0.0,0.0
38.2707908,0.0,0.0,0.0,0.0,0.0
38.3208766,0.0,0.0,0.0,0.0,0.0
38.3716698,0.0,0.0,0.0,0.0,0.0
38.4226847,0.0,0.0,0.0,0.0,0.0
38.4730949,0.0,0.0,0.0,0.0,0.0
38.5233934,0.0,0.0,0.0,0.0,0.0
38.5742931,0.0,0.0,0.0,0.0,0.0
38.6250803,0.0,0.0,0.0,0.0,0.0
38.6760607,0.0,0.0,0.0,0.0,0.0
38.7267063,0.0,0.0,0.0,0.0,0.0
38.7767661,0.0,0.0,0.0,0.0,0.0
38.8272512,0.0,0.0,0.0,0.0,0.0
38.8780406,0.0,0.0,0.0,0.0,0.0
38.9290643,0.0,0.0,0.0,0.0,0.0
38.9794896,0.0,0.0,0.0,0.0,0.0
39.0303543,0.0,0.0,0.0,0.0,0.0
39.0806637,0.0,0.0,0.0,0.0,0.0
39.1318233,0.0,0.0,0.0,0.0,0.0
39.1818693,0.0,0.0,0.0,0.0,0.0
39.2328851,0.0,0.0,0.0,0.0,0.0
39.2835431,0.0,0.0,0.0,0.0,0.0
39.3343313,0.0,0.0,0.0,0.0,0.0
39.3848753,0.0,0.0,0.0,0.0,0.0
39.4354234,0.0,0.0,0.0,0.0,0.0
39.4857891,0.0,0.0,0.0,0.0,0.0
39.5370405,0.0,0.0,0.0,0.0,0.0
39.587868,0.0,0.0,0.0,0.0,0.0
39.6377916,0.0,0.0,0.0,0.0,0.0
39.689105,0.0,0.0,0.0,0.0,0.0
39.7398632,0.0,0.0,0.0,0.0,0.0
39.7898915,0.0,0.0,0.0,0.0,0.0
39.8408754,0.0,0.0,0.0,0.0,0.0
39.8915799,0.0,0.0,0.0,0.0,0.0
39.9423356,0.0,0.0,0.08,0.5355555,0.0
39.9921796,0.0,0.0,0.5088889,0.7733333,0.0
40.0429335,0.0,0.0866667,0.7688889,0.8044444,0.0
40.0941942,0.0,0.5244445,0.8,0.8066667,0.0
40.1444812,0.0,0.7688889,0.8044444,0.8066667,0.0
40.1954863,0.3355556,0.8,0.8044444,0.8088889,0.0
40.2461228,0.7244444,0.8044444,0.8044444,0.4844444,0.0
40.2971098,0.7755556,0.8044444,0.8066667,0.0844444,0.0
40.3479362,0.7822222,0.3955556,0.8066667,0.0,0.0
40.398428,0.7822222,0.0666667,0.3888889,0.0,0.0
40.4490685,0.2088889,0.0,0.0,0.0,0.0
40.4994154,0.0,0.0,0.0,0.0,0.0
40.5505192,0.0,0.0,0.0,0.0,0.0
40.6006703,0.0,0.0,0.0,0.0,0.0
40.6514957,0.0,0.0,0.0,0.0,0.0
40.7024555,0.0,0.0,0.0,0.0,0.0
40.7531652,0.0,0.0,0.0,0.0,0.0
40.8041196,0.0,0.0,0.0,0.0,0.0
40.8540721,0.0,0.0,0.0,0.0,0.0
40.9050345,0.0,0.0,0.0,0.0,0.0
40.9554152,0.0,0.0,0.0,0.0,0.0
41.0064859,0.0,0.0,0.0,0.0,0.0
41.0563207,0.0,0.0,0.0,0.0,0.0
41.1076455,0.0,0.0,0.0,0.0,0.0
41.1580303,0.0,0.0,0.0,0.0,0.0
41.2089031,0.0,0.0,0.0,0.0,0.0
41.259464,0.0,0.0,0.0,0.0,0.0
41.3099597,0.0,0.0,0.0,0.0,0.0
41.3606637,0.0,0.0,0.0,0.0,0.0
41.4116919,0.0,0.0,0.0,0.0,0.0
41.4614513,0.0,0.0,0.0,0.0,0.0
41.5123804,0.0,0.0,0.0,0.0,0.0
41.5626936,0.0,0.0,0.0,0.0,0.0
41.6136062,0.0,0.0,0.0,0.0,0.0
41.6640365,0.0,0.0,0.0,0.0,0.0
41.715091,0.0,0.0,0.0,0.0,0.0
41.7655914,0.0,0.0,0.0,0.0711111,0.0
41.8161325,0.0,0.0,0.0,0.5155556,0.0
41.8668466,0.0,0.0,0.0,0.7711111,0.0
41.9172213,0.0,0.0866667,0.0,0.8022223,0.0
41.9680068,0.0,0.5977778,0.08,0.8066667,0.1688889
42.0188985,0.0,0.78,0.3,0.8066667,0.4422222
42.0699837,0.1288889,0.8022223,0.6755555,0.8066667,0.6444445
42.1205814,0.6733333,0.8044444,0.7866667,0.8088889,0.8444445
42.1717777,0.7688889,0.8044444,0.8022223,0.3511111,0.68
42.2221699,0.7822222,0.8066667,0.7688889,0.0,0.3044444
42.2726097,0.7822222,0.3822222,0.2177778,0.0,0.0
42.3237126,0.4977778,0.0,0.0,0.0,0.0
42.3738773,0.0777778,0.0,0.0,0.0,0.0
42.4255428,0.0,0.0,0.0,0.0,0.0
42.4759598,0.0,0.0,0.0,0.0,0.0
42.5264027,0.0,0.0,0.0,0.0,0.0
42.5768569,0.0,0.0,0.0,0.0,0.0
42.6271088,0.0,0.0,0.0,0.0,0.0
42.6786816,0.0,0.0,0.0,0.0,0.0
42.7287672,0.0,0.0,0.0,0.0,0.0
42.7793946,0.0,0.0,0.0,0.0,0.0
42.8299184,0.0,0.0,0.0,0.0,0.0
42.8804443,0.0,0.0,0.0,0.0,0.0
42.931905,0.0,0.0,0.0,0.0,0.0
42.9824731,0.0,0.0,0.0,0.0,0.0
43.0325131,0.0,0.0,0.0,0.0,0.0
43.0835347,0.0,0.0,0.0,0.0,0.0
43.134491,0.0,0.0,0.0,0.0,0.0
43.185051,0.0,0.0,0.0,0.0,0.0
43.235137,0.0,0.0,0.0,0.0,0.0
43.2857866,0.0,0.0,0.0,0.0,0.0
43.3371196,0.0,0.0,0.0,0.0,0.0
43.3871036,0.0,0.0,0.0,0.0,0.0
43.4380684,0.0,0.0,0.0,0.0,0.0
43.4887085,0.0,0.0,0.0,0.0,0.0
43.5394092,0.0,0.0,0.0,0.0,0.0
43.5898321,0.0,0.0,0.0,0.0,0.0
43.6410191,0.0,0.0,0.0,0.0,0.0
43.6911039,0.0,0.0,0.0,0.0,0.0
43.7423544,0.0,0.0,0.0,0.0,0.0
43.7922764,0.0,0.0,0.1111111,0.4955555,0.0
43.8428049,0.0,0.0,0.68,0.7688889,0.0
43.8938103,0.0,0.3955556,0.7888889,0.8022223,0.0
43.9449494,0.1911111,0.7533333,0.8044444,0.8066667,0.0
43.9959514,0.7088889,0.8,0.8044444,0.2622222,0.0
44.0459876,0.7733333,0.26,0.7933334,0.0,0.0
44.0971324,0.62,0.0,0.1555556,0.0,0.0
44.1477063,0.1155556,0.0,0.0,0.0,0.0
44.1977596,0.0,0.0,0.0,0.0,0.0
44.2484066,0.0,0.0,0.0,0.0,0.0
44.2998357,0.0,0.0,0.0,0.0,0.0
44.3504069,0.0,0.0,0.0,0.0,0.0
44.4005299,0.0,0.0,0.0,0.0,0.0
44.4511681,0.0,0.0,0.0,0.0,0.0
44.50227,0.0,0.0,0.0,0.0,0.0
44.5531282,0.0,0.0,0.0,0.0,0.0
44.6034455,0.0,0.0,0.0,0.0,0.0
44.6541517,0.0,0.0,0.0,0.0,0.0
44.7051425,0.0,0.0,0.0,0.0,0.0
44.7553906,0.0,0.0,0.0,0.0,0.0
44.8064094,0.0,0.0,0.0,0.0,0.0
44.8569112,0.0,0.0,0.0,0.0,0.0
44.9079046,0.0,0.0,0.0,0.0,0.0
44.958349,0.0,0.0,0.0,0.0,0.0
45.0086911,0.0,0.0,0.0,0.0,0.0
45.0587692,0.0,0.0,0.0,0.0,0.0
45.1103575,0.0,0.0,0.0,0.0,0.0
45.1609168,0.0,0.0,0.0,0.0,0.0
45.2114255,0.0,0.0,0.0,0.0,0.0
45.2624452,0.0,0.0,0.0,0.0,0.0
45.3122165,0.0,0.0,0.0,0.0,0.0
45.3629115,0.0,0.0,0.0,0.0,0.0
45.414326,0.0,0.0,0.0,0.0,0.0
45.4643703,0.0,0.0,0.0,0.0,0.0
45.5149121,0.0,0.0,0.0,0.0,0.0
45.5655508,0.0,0.0,0.0,0.0,0.0
45.6165066,0.0,0.0,0.2488889,0.5822222,0.0
45.6672707,0.0,0.0,0.7266667,0.78,0.0
45.7178919,0.0,0.4177778,0.7955555,0.8044444,0.0
45.7684281,0.1133333,0.7577778,0.8044444,0.8066667,0.0
45.8194411,0.6777778,0.8,0.8044444,0.6066667,0.0
45.8704796,0.7711111,0.8044444,0.8044444,0.0933333,0.0
45.9209564,0.7822222,0.1822222,0.2844445,0.0,0.0
45.9717081,0.1777778,0.0,0.0,0.0,0.0
46.0223494,0.0,0.0,0.0,0.0,0.0
46.0729201,0.0,0.0,0.0,0.0,0.0
46.1229057,0.0,0.0,0.0,0.0,0.0
46.1740921,0.0,0.0,0.0,0.0,0.0
46.2243104,0.0,0.0,0.0,0.0,0.0
46.2752345,0.0,0.0,0.0,0.0,0.0
46.3257847,0.0,0.0,0.0,0.0,0.0
46.3762171,0.0,0.0,0.0,0.0,0.0
46.4270911,0.0,0.0,0.0,0.0,0.0
46.4777982,0.0,0.0,0.0,0.0,0.0
46.5283186,0.0,0.0,0.0,0.0,0.0
46.5787439,0.0,0.0,0.0,0.0,0.0
46.6298389,0.0,0.0,0.0,0.0,0.0
46.6803632,0.0,0.0,0.0,0.0,0.0
46.7307315,0.0,0.0,0.0,0.0,0.0
46.7820096,0.0,0.0,0.0,0.0,0.0
46.8326967,0.0,0.0,0.0,0.0,0.0
46.8830731,0.0,0.0,0.0,0.0,0.0
46.9336684,0.0,0.0,0.0,0.0,0.0
46.984586,0.0,0.0,0.0,0.0,0.0
47.034811,0.0,0.0,0.0,0.0,0.0
47.0861254,0.0,0.0,0.0,0.0,0.0
47.1358073,0.0,0.0,0.0,0.0,0.0
47.1866307,0.0,0.0,0.0,0.0,0.0
47.2376795,0.0,0.0,0.0,0.0,0.0
47.2881095,0.0,0.0,0.0,0.1688889,0.0
47.3386629,0.0,0.0,0.0,0.6822222,0.0
47.3897548,0.0,0.0644444,0.0,0.7911111,0.0
47.4403145,0.0,0.6333333,0.3444445,0.8044444,0.0
47.4908891,0.0,0.7844445,0.7333333,0.8044444,0.1644444
47.5420482,0.1222222,0.8022223,0.7955555,0.8044444,0.36
47.5927548,0.5844445,0.8044444,0.8022223,0.8066667,0.5155556
47.6439753,0.7577778,0.8044444,0.8022223,0.4311111,0.3622222
47.6940603,0.78,0.7044445,0.7666667,0.0,0.0844444
47.7443609,0.4911111,0.1,0.1266667,0.0,0.0
47.7955163,0.0711111,0.0,0.0,0.0,0.0
47.8464553,0.0,0.0,0.0,0.0,0.0
47.8971579,0.0,0.0,0.0,0.0,0.0
47.9477761,0.0,0.0,0.0,0.0,0.0
47.9980962,0.0,0.0,0.0,0.0,0.0
48.0490208,0.0,0.0,0.0,0.0,0.0
48.0993409,0.0,0.0,0.0,0.0,0.0
48.1503673,0.0,0.0,0.0,0.0,0.0
48.2003574,0.0,0.0,0.0,0.0,0.0
48.2510033,0.0,0.0,0.0,0.0,0.0
48.3020036,0.0,0.0,0.0,0.0,0.0
48.3526683,0.0,0.0,0.0,0.0,0.0
48.4030509,0.0,0.0,0.0,0.0,0.0
48.4541531,0.0,0.0,0.0,0.0,0.0
48.5052466,0.0,0.0,0.0,0.0,0.0
48.554908,0.0,0.0,0.0,0.0,0.0
48.605921,0.0,0.0,0.0,0.0,0.0
48.6567404,0.0,0.0,0.0,0.0,0.0
48.707258,0.0,0.0,0.0,0.0,0.0
48.7575705,0.0,0.0,0.0,0.0,0.0
48.8089323,0.0,0.0,0.0,0.0,0.0
48.859617,0.0,0.0,0.0,0.0,0.0
48.9106519,0.0,0.0,0.0,0.0,0.0
48.9601874,0.0,0.0,0.0,0.0,0.0
49.0114751,0.0,0.0,0.0,0.0,0.0
49.0618827,0.0,0.0,0.0,0.0,0.0
49.1128733,0.0,0.0,0.0,0.0,0.0
49.1632793,0.0,0.0,0.0,0.1511111,0.0
49.2141743,0.0,0.0,0.1,0.7111111,0.0
49.2643061,0.0,0.1422222,0.6755555,0.7933334,0.0
49.3151143,0.0,0.7066666,0.7866667,0.8044444,0.0
49.3660727,0.4088889,0.7933334,0.8022223,0.8044444,0.0
49.416703,0.7377778,0.8044444,0.8022223,0.3088889,0.0
49.4674411,0.7777778,0.8044444,0.8022223,0.0,0.0
49.5183377,0.7822222,0.2577778,0.7866667,0.0,0.0
49.5690544,0.4844444,0.0,0.1333333,0.0,0.0
49.6193924,0.0733333,0.0,0.0,0.0,0.0
49.6699731,0.0,0.0,0.0,0.0,0.0
49.7208288,0.0,0.0,0.0,0.0,0.0
49.771673,0.0,0.0,0.0,0.0,0.0
49.8216057,0.0,0.0,0.0,0.0,0.0
49.8722322,0.0,0.0,0.0,0.0,0.0
49.9231608,0.0,0.0,0.0,0.0,0.0
49.974324,0.0,0.0,0.0,0.0,0.0
50.0242879,0.0,0.0,0.0,0.0,0.0
50.0753543,0.0,0.0,0.0,0.0,0.0
50.1257701,0.0,0.0,0.0,0.0,0.0
50.1766648,0.0,0.0,0.0,0.0,0.0
50.2275643,0.0,0.0,0.0,0.0,0.0
50.2779598,0.0,0.0,0.0,0.0,0.0
50.3282919,0.0,0.0,0.0,0.0,0.0
50.3789375,0.0,0.0,0.0,0.0,0.0
50.4301851,0.0,0.0,0.0,0.0,0.0
50.4801142,0.0,0.0,0.0,0.0,0.0
50.5311155,0.0,0.0,0.0,0.0,0.0
50.5817964,0.0,0.0,0.0,0.0,0.0
50.6318128,0.0,0.0,0.0,0.0,0.0
50.683023,0.0,0.0,0.0,0.0,0.0
50.733906,0.0,0.0,0.0,0.0,0.0
50.7843573,0.0,0.0,0.0,0.0,0.0
50.8344705,0.0,0.0,0.0,0.0,0.0
50.8856444,0.0,0.0,0.0,0.0,0.0
50.93606,0.0,0.0,0.0,0.0,0.0
50.9868248,0.0,0.0,0.0,0.0,0.0
51.037329,0.0,0.0,0.0,0.0,0.0
51.0879447,0.0,0.0,0.0,0.0,0.0
51.1391203,0.0,0.0,0.0,0.0,0.0
51.1897752,0.0,0.0,0.0,0.0,0.0
51.2399013,0.0,0.0,0.0,0.1311111,0.0
51.2906179,0.0,0.0,0.0,0.5377778,0.0
51.3412247,0.0,0.0,0.0,0.7711111,0.0
51.3915393,0.0,0.0,0.0,0.8022223,0.0
51.4426029,0.0,0.0,0.1444445,0.8066667,0.0
51.493753,0.0,0.2377778,0.4511111,0.8066667,0.0
51.5439942,0.0,0.6222222,0.7333333,0.8066667,0.0
51.5947363,0.0,0.7822222,0.7955555,0.8088889,0.0
51.6457813,0.0,0.8022223,0.8022223,0.8088889,0.0
51.6969318,0.0,0.8044444,0.8022223,0.8088889,0.0
51.7475054,0.1466667,0.8044444,0.8022223,0.8088889,0.0
51.7976687,0.4266667,0.8066667,0.8044444,0.8088889,0.0
51.8488748,0.7133333,0.8066667,0.8044444,0.8088889,0.0
51.8994031,0.7755556,0.8066667,0.8044444,0.6911111,0.0
51.9497914,0.7822222,0.8066667,0.8044444,0.1977778,0.0
52.001225,0.7822222,0.8066667,0.8044444,0.0,0.0
52.0517933,0.7822222,0.8066667,0.8044444,0.0,0.0
52.1016963,0.7844445,0.3555556,0.4111111,0.0,0.0
52.1526258,0.7844445,0.0,0.0,0.0,0.0
52.2036674,0.1777778,0.0,0.0,0.0,0.0
52.2540822,0.0,0.0,0.0,0.0,0.0
52.3050406,0.0,0.0,0.0,0.0,0.0
52.3554847,0.0,0.0,0.0,0.0,0.0
52.4057243,0.0,0.0,0.0,0.0,0.0
52.457135,0.0,0.0,0.0,0.0,0.0
52.507627,0.0,0.0,0.0,0.0,0.0
52.5579333,0.0,0.0,0.0,0.0,0.0
52.6088088,0.0,0.0,0.0,0.0,0.0
52.6596694,0.0,0.0,0.0,0.0,0.0
52.7096579,0.0,0.0,0.0,0.0,0.0
52.7609837,0.0,0.0,0.0,0.0,0.0
52.8113387,0.0,0.0,0.0,0.0,0.0
52.8614392,0.0,0.0,0.0,0.0,0.0
52.9128339,0.0,0.0,0.0,0.0,0.0
52.9630964,0.0,0.0,0.0,0.0,0.0
53.0140769,0.0,0.0,0.0,0.0,0.0
53.0648668,0.0,0.0,0.0,0.0,0.0
53.1149604,0.0,0.0,0.0,0.0,0.0
53.1655619,0.0,0.0,0.0,0.0,0.0
53.2168348,0.0,0.0,0.0,0.0,0.0
53.2669094,0.0,0.0,0.0,0.0,0.0
53.3180213,0.0,0.0,0.0,0.0,0.0
53.3678381,0.0,0.0,0.0,0.0,0.0
53.419343,0.0,0.0,0.0,0.0,0.0
53.4692237,0.0,0.0,0.0,0.0,0.0
53.5201335,0.0,0.0,0.0,0.0,0.0
53.570874,0.0,0.0,0.0,0.0,0.0
53.6220407,0.0,0.0,0.0,0.0,0.0
53.6719012,0.0,0.0,0.0,0.0,0.0
53.7228737,0.0,0.0,0.0,0.0977778,0.0
53.7731299,0.0,0.0,0.0,0.42,0.0
53.824152,0.0,0.0,0.38,0.7577778,0.0
53.8752377,0.0,0.0,0.7422222,0.8022223,0.0
53.9255965,0.0,0.16,0.7977778,0.8066667,0.0
53.9762869,0.0,0.6022222,0.8044444,0.8066667,0.0
54.0273051,0.0,0.78,0.8044444,0.8066667,0.0
54.0783176,0.1666667,0.8022223,0.8044444,0.8088889,0.0
54.1282613,0.5533333,0.8044444,0.8066667,0.8088889,0.0
54.1790905,0.7555556,0.8044444,0.8066667,0.6755555,0.0
54.2300119,0.78,0.8066667,0.8066667,0.2555556,0.0
54.2808404,0.7822222,0.8066667,0.8066667,0.0,0.0
54.3318427,0.7822222,0.4888889,0.8066667,0.0,0.0
54.3824787,0.7844445,0.0866667,0.4133333,0.0,0.0
54.4330039,0.5377778,0.0,0.0,0.0,0.0
54.4837134,0.0888889,0.0,0.0,0.0,0.0
54.5337081,0.0,0.0,0.0,0.0,0.0
54.5846136,0.0,0.0,0.0,0.0,0.0
54.6355822,0.0,0.0,0.0,0.0,0.0
54.6862509,0.0,0.0,0.0,0.0,0.0
54.7372899,0.0,0.0,0.0,0.0,0.0
54.7873471,0.0,0.0,0.0,0.0,0.0
54.8374383,0.0,0.0,0.0,0.0,0.0
54.8884671,0.0,0.0,0.0,0.0,0.0
54.9387915,0.0,0.0,0.0,0.0,0.0
54.9900441,0.0,0.0,0.0,0.0,0.0
55.0410368,0.0,0.0,0.0,0.0,0.0
55.09165,0.0,0.0,0.0,0.0,0.0
55.1418326,0.0,0.0,0.0,0.0,0.0
55.1923892,0.0,0.0,0.0,0.0,0.0
55.2431879,0.0,0.0,0.0,0.0,0.0
55.2937973,0.0,0.0,0.0,0.0,0.0
55.3448339,0.0,0.0,0.0,0.0,0.0
55.3951707,0.0,0.0,0.0,0.0,0.0
55.4461327,0.0,0.0,0.0,0.0,0.0
55.4964232,0.0,0.0,0.0,0.0,0.0
55.5474703,0.0,0.0,0.0,0.0,0.0
55.5980947,0.0,0.0,0.0,0.0,0.0
55.6481106,0.0,0.0,0.0,0.0,0.0
55.6986763,0.0,0.0,0.0,0.0,0.0
55.7496867,0.0,0.0,0.0,0.0,0.0
55.800694,0.0,0.0,0.0,0.0,0.0
55.8511236,0.0,0.0,0.0,0.0,0.0
55.9022818,0.0,0.0,0.0,0.3111111,0.0
55.9526141,0.0,0.0,0.0,0.7066666,0.0
56.0026898,0.0,0.0,0.0,0.7955555,0.0
56.0535529,0.0,0.0,0.0,0.8066667,0.0
56.1042993,0.0,0.1444445,0.0822222,0.8066667,0.0
56.1546602,0.0,0.3044444,0.1288889,0.8066667,0.0
56.2057979,0.0,0.6733333,0.3422222,0.8088889,0.0
56.2558968,0.0,0.7888889,0.7155555,0.8088889,0.0666667
56.3075285,0.0,0.8044444,0.7933334,0.8088889,0.1155556
56.35712,0.2088889,0.8044444,0.8044444,0.8088889,0.1288889
56.4087434,0.5288889,0.8044444,0.8044444,0.8088889,0.1244444
56.4594657,0.7511111,0.8066667,0.8044444,0.8088889,0.0844444
56.5105674,0.78,0.8066667,0.8066667,0.4955555,0.0
56.5613182,0.7822222,0.8066667,0.8066667,0.12,0.0
56.6121614,0.7822222,0.8066667,0.8066667,0.0,0.0
56.6627398,0.7844445,0.8066667,0.8066667,0.0,0.0
56.7130144,0.7844445,0.5044444,0.6377778,0.0,0.0
56.7637792,0.7844445,0.0888889,0.1288889,0.0,0.0
56.8150237,0.3933333,0.0,0.0,0.0,0.0
56.8646448,0.0,0.0,0.0,0.0,0.0
56.9155295,0.0,0.0,0.0,0.0,0.0
56.9666748,0.0,0.0,0.0,0.0,0.0
57.016737,0.0,0.0,0.0,0.0,0.0
57.0682952,0.0,0.0,0.0,0.0,0.0
57.1183143,0.0,0.0,0.0,0.0,0.0
57.1690121,0.0,0.0,0.0,0.0,0.0
57.2195032,0.0,0.0,0.0,0.0,0.0
57.2702394,0.0,0.0,0.0,0.0,0.0
57.3212729,0.0,0.0,0.0,0.0,0.0
57.371501,0.0,0.0,0.0,0.0,0.0
57.4226034,0.0,0.0,0.0,0.0,0.0
57.4732087,0.0,0.0,0.0,0.0,0.0
57.5231693,0.0,0.0,0.0,0.0,0.0
57.5738871,0.0,0.0,0.0,0.0,0.0
57.6245749,0.0,0.0,0.0,0.0,0.0
57.6757448,0.0,0.0,0.0,0.0,0.0
57.7264748,0.0,0.0,0.0,0.0,0.0
57.7775171,0.0,0.0,0.0,0.0,0.0
57.8278196,0.0,0.0,0.0,0.0,0.0
57.8779089,0.0,0.0,0.0,0.0,0.0
57.9291084,0.0,0.0,0.0,0.0,0.0
57.9797361,0.0,0.0,0.0,0.0,0.0
58.030287,0.0,0.0,0.0,0.0977778,0.0
58.0807745,0.0,0.0,0.0,0.4022222,0.0
58.1310964,0.0,0.0,0.0,0.7488889,0.0
58.1821003,0.0,0.0,0.1511111,0.8022223,0.0
58.2329929,0.0,0.0,0.44,0.8088889,0.0
58.2832482,0.0,0.0,0.7444444,0.8088889,0.0
58.3345048,0.0,0.3644444,0.7977778,0.8088889,0.0
58.3852794,0.0,0.7111111,0.8044444,0.8111111,0.0
58.435504,0.0,0.7933334,0.8044444,0.8111111,0.0
58.4864199,0.0,0.8044444,0.8044444,0.8111111,0.0
58.5374804,0.32,0.8044444,0.8066667,0.8111111,0.0
58.5879672,0.6688889,0.8044444,0.8066667,0.8111111,0.0
58.6380417,0.7688889,0.8066667,0.8066667,0.8111111,0.0
58.6898115,0.7822222,0.8066667,0.8066667,0.5666667,0.0
58.7400661,0.7822222,0.8066667,0.8066667,0.18,0.0
58.7908037,0.7822222,0.8066667,0.8066667,0.0,0.0
58.8414855,0.7844445,0.8022223,0.8044444,0.0,0.0
58.8924065,0.7844445,0.2711111,0.2244444,0.0,0.0
58.9430554,0.7844445,0.0,0.0,0.0,0.0
58.9935856,0.1755556,0.0,0.0,0.0,0.0
59.0444026,0.0,0.0,0.0,0.0,0.0
59.0942392,0.0,0.0,0.0,0.0,0.0
59.1457915,0.0,0.0,0.0,0.0,0.0
59.1966026,0.0,0.0,0.0,0.0,0.0
59.2469273,0.0,0.0,0.0,0.0,0.0
59.2972941,0.0,0.0,0.0,0.0,0.0
59.3479972,0.0,0.0,0.0,0.0,0.0
59.3984585,0.0,0.0,0.0,0.0,0.0
59.4490488,0.0,0.0,0.0,0.0,0.0
59.5001917,0.0,0.0,0.0,0.0,0.0
59.5509686,0.0,0.0,0.0,0.0,0.0
59.6013823,0.0,0.0,0.0,0.0,0.0
59.6523407,0.0,0.0,0.0,0.0,0.0
59.7029843,0.0,0.0,0.0,0.0,0.0
59.7529607,0.0,0.0,0.0,0.0,0.0
59.8043547,0.0,0.0,0.0,0.0,0.0
59.8540778,0.0,0.0,0.0,0.0,0.0
59.9056137,0.0,0.0,0.0,0.0,0.0
59.9557092,0.0,0.0,0.0,0.0,0.0
60.0061116,0.0,0.0,0.0,0.0,0.0
60.0574987,0.0,0.0,0.0,0.0,0.0
60.1073639,0.0,0.0,0.0,0.0,0.0
60.1587257,0.0,0.0,0.0,0.0,0.0
60.2091846,0.0,0.0,0.0,0.0,0.0
60.25911,0.0,0.0,0.0,0.0,0.0
60.3103025,0.0,0.0,0.0,0.0,0.0
60.3609095,0.0,0.0,0.0,0.0,0.0
60.4112253,0.0,0.0,0.0,0.0,0.0
60.4621346,0.0,0.0,0.0,0.0,0.0
60.5128007,0.0,0.0,0.0,0.0,0.0
60.5633733,0.0,0.0,0.0,0.0,0.0
60.6147316,0.0,0.0,0.0,0.1311111,0.0
60.6641662,0.0,0.0,0.0755556,0.5866666,0.0
60.7158856,0.0,0.0,0.4311111,0.7777778,0.0
60.7657473,0.0,0.0,0.7577778,0.8044444,0.0
60.8173213,0.0,0.0911111,0.8,0.8066667,0.0
60.8682029,0.0,0.3888889,0.8044444,0.8066667,0.0
60.9187937,0.0,0.56,0.8044444,0.8088889,0.0
60.968971,0.0,0.7333333,0.8044444,0.8088889,0.0
61.0197632,0.1155556,0.7955555,0.8066667,0.8088889,0.0
61.0707116,0.5622222,0.8044444,0.8066667,0.8022223,0.0
61.1216784,0.7555556,0.8044444,0.8066667,0.3844444,0.0
61.1720111,0.78,0.8044444,0.8066667,0.0733333,0.0
61.2223442,0.7822222,0.5333334,0.8066667,0.0,0.0
61.2733767,0.7822222,0.1066667,0.5733333,0.0,0.0
61.3244233,0.7177778,0.0,0.0955556,0.0,0.0
61.3750582,0.1355556,0.0,0.0,0.0,0.0
61.4250362,0.0,0.0,0.0,0.0,0.0
61.4765823,0.0,0.0,0.0,0.0,0.0
61.5265501,0.0,0.0,0.0,0.0,0.0
61.5772336,0.0,0.0,0.0,0.0,0.0
61.627743,0.0,0.0,0.0,0.0,0.0
61.6788294,0.0,0.0,0.0,0.0,0.0
61.7290711,0.0,0.0,0.0,0.0,0.0
61.7797401,0.0,0.0,0.0,0.0,0.0
61.8304567,0.0,0.0,0.0,0.0,0.0
61.8812563,0.0,0.0,0.0,0.0,0.0
61.9322679,0.0,0.0,0.0,0.0,0.0
61.9821219,0.0,0.0,0.0,0.0,0.0
62.0331936,0.0,0.0,0.0,0.0,0.0
62.0837791,0.0,0.0,0.0,0.0,0.0
62.134769,0.0,0.0,0.0,0.0,0.0
62.1854215,0.0,0.0,0.0,0.0,0.0
62.2364395,0.0,0.0,0.0,0.0,0.0
62.286896,0.0,0.0,0.0,0.0,0.0
62.3372581,0.0,0.0,0.0,0.0,0.0
62.3872244,0.0,0.0,0.0,0.0,0.0
62.4381237,0.0,0.0,0.0,0.0,0.0
62.4890654,0.0,0.0,0.0,0.0,0.0
62.5397499,0.0,0.0,0.0,0.0,0.0
62.5906367,0.0,0.0,0.0,0.0,0.0
62.6412423,0.0,0.0,0.0,0.0,0.0
62.6916952,0.0,0.0,0.0,0.0,0.0
62.7420645,0.0,0.0,0.0,0.0,0.0
62.7931905,0.0,0.0,0.0,0.0,0.0
62.8435268,0.0,0.0,0.0,0.0,0.0
62.8944397,0.0,0.0,0.0,0.0,0.0
62.9452846,0.0,0.0,0.0,0.1555556,0.0
62.9956264,0.0,0.0,0.0,0.6711111,0.0
63.0464246,0.0,0.0,0.4066667,0.7911111,0.0
63.0963058,0.0,0.0,0.7511111,0.8066667,0.0
63.1470094,0.0,0.1755556,0.7977778,0.8066667,0.0
63.1989636,0.0,0.4244444,0.8022223,0.8066667,0.0
63.2492192,0.0,0.7533333,0.8022223,0.8088889,0.0
63.299433,0.0,0.8,0.8022223,0.8088889,0.0
63.350244,0.2955556,0.8044444,0.8044444,0.8088889,0.1266667
63.4014046,0.6377778,0.8044444,0.8044444,0.8088889,0.2066667
63.4524484,0.7644445,0.8044444,0.8044444,0.8088889,0.2066667
63.502593,0.78,0.8066667,0.8044444,0.3577778,0.2666667
63.5536544,0.7822222,0.8066667,0.8044444,0.0,0.24
63.6042871,0.7822222,0.8066667,0.6955556,0.0,0.0866667
63.6550386,0.7844445,0.2333333,0.1466667,0.0,0.0
63.7055225,0.2955556,0.0,0.0,0.0,0.0
63.7558904,0.0,0.0,0.0,0.0,0.0
63.8071868,0.0,0.0,0.0,0.0,0.0
63.8577359,0.0,0.0,0.0,0.0,0.0
63.9084854,0.0,0.0,0.0,0.0,0.0
63.9590945,0.0,0.0,0.0,0.0,0.0
64.0097427,0.0,0.0,0.0,0.0,0.0
64.0599873,0.0,0.0,0.0,0.0,0.0
64.1104774,0.0,0.0,0.0,0.0,0.0
64.1609683,0.0,0.0,0.0,0.0,0.0
64.2116084,0.0,0.0,0.0,0.0,0.0
64.2627161,0.0,0.0,0.0,0.0,0.0
64.3129573,0.0,0.0,0.0,0.0,0.0
64.3642941,0.0,0.0,0.0,0.0,0.0
64.4150414,0.0,0.0,0.0,0.0,0.0
64.4652731,0.0,0.0,0.0,0.0,0.0
64.5160072,0.0,0.0,0.0,0.0,0.0
64.5669477,0.0,0.0,0.0,0.0,0.0
64.6171093,0.0,0.0,0.0,0.0,0.0
64.6682277,0.0,0.0,0.0,0.0,0.0
64.7188089,0.0,0.0,0.0,0.0,0.0
64.7694807,0.0,0.0,0.0,0.0,0.0
64.8202672,0.0,0.0,0.0,0.0,0.0
64.8703582,0.0,0.0,0.0,0.0,0.0
64.9208004,0.0,0.0,0.0,0.0,0.0
64.9715075,0.0,0.0,0.0,0.0,0.0
65.0224316,0.0,0.0,0.0,0.0,0.0
65.072927,0.0,0.0,0.0,0.0,0.0
65.1237888,0.0,0.0,0.0,0.0,0.0
65.173981,0.0,0.0,0.0,0.0,0.0
65.224905,0.0,0.0,0.0,0.0,0.0
65.2751012,0.0,0.0,0.0,0.0,0.0
65.3267226,0.0,0.0,0.0,0.0,0.0
65.3769689,0.0,0.0,0.0,0.0,0.0
65.4270821,0.0,0.0,0.0,0.1511111,0.0
65.4784002,0.0,0.0,0.0,0.5777778,0.0
65.5288379,0.0,0.0,0.0,0.78,0.0
65.5795047,0.0,0.0,0.4155556,0.8044444,0.0
65.6296968,0.0,0.0688889,0.7533333,0.8066667,0.0
65.6808219,0.0,0.4355555,0.7977778,0.8066667,0.0
65.7314656,0.0,0.7266667,0.8022223,0.8088889,0.0
65.7820473,0.0,0.7955555,0.8022223,0.8088889,0.0
65.8328409,0.4866667,0.8044444,0.8022223,0.8088889,0.0
65.8839014,0.7488889,0.8044444,0.8044444,0.3933333,0.0
65.9339483,0.78,0.8044444,0.8044444,0.0,0.0
65.9847744,0.7844445,0.1755556,0.1622222,0.0,0.0
66.0360909,0.2355556,0.0,0.0,0.0,0.0
66.0862451,0.0,0.0,0.0,0.0,0.0
66.1365316,0.0,0.0,0.0,0.0,0.0
66.1872678,0.0,0.0,0.0,0.0,0.0
66.2381029,0.0,0.0,0.0,0.0,0.0
66.2888029,0.0,0.0,0.0,0.0,0.0
66.3395038,0.0,0.0,0.0,0.0,0.0
66.3896513,0.0,0.0,0.0,0.0,0.0
66.4401481,0.0,0.0,0.0,0.0,0.0
66.4908903,0.0,0.0,0.0,0.0,0.0
66.5422781,0.0,0.0,0.0,0.0,0.0
66.5930054,0.0,0.0,0.0,0.0,0.0
66.6436632,0.0,0.0,0.0,0.0,0.0
66.6934628,0.0,0.0,0.0,0.0,0.0
66.7446849,0.0,0.0,0.0,0.0,0.0
66.7956073,0.0,0.0,0.0,0.0,0.0
66.8459404,0.0,0.0,0.0,0.0,0.0
66.895997,0.0,0.0,0.0,0.0,0.0
66.9474308,0.0,0.0,0.0,0.0,0.0
66.9980237,0.0,0.0,0.0,0.0,0.0
67.0484018,0.0,0.0,0.0,0.0,0.0
67.0995049,0.0,0.0,0.0,0.0,0.0
67.1493378,0.0,0.0,0.0,0.0,0.0
67.2001081,0.0,0.0,0.0,0.0,0.0
67.2507198,0.0,0.0,0.0,0.0,0.0
67.3011167,0.0,0.0,0.0,0.0,0.0
67.3519087,0.0,0.0,0.0,0.0,0.0
67.4034874,0.0,0.0,0.0,0.0644444,0.0
67.4532061,0.0,0.0,0.0,0.0911111,0.0
67.5041845,0.0,0.0,0.0,0.2044444,0.0
67.5551236,0.0,0.0,0.0,0.6422222,0.0
67.6057656,0.0,0.0,0.0,0.7866667,0.0
67.6559064,0.0,0.0,0.2377778,0.8044444,0.0
67.707283,0.0,0.0,0.38,0.8066667,0.0
67.7575061,0.0,0.0,0.7133333,0.8066667,0.0
67.808315,0.0,0.5133333,0.7911111,0.8088889,0.0
67.8586032,0.0,0.7688889,0.8022223,0.8088889,0.0
67.9092145,0.0666667,0.8,0.8022223,0.8088889,0.0
67.9605803,0.1733333,0.8044444,0.8022223,0.8088889,0.0
68.0114994,0.5533333,0.8044444,0.8044444,0.8088889,0.1044444
68.061414,0.7555556,0.8044444,0.8044444,0.7244444,0.1044444
68.1121807,0.78,0.8066667,0.8044444,0.2111111,0.1311111
68.1632438,0.7822222,0.8066667,0.8044444,0.0,0.0955556
68.2142642,0.7822222,0.7666667,0.7466667,0.0,0.0
68.2642953,0.7844445,0.1755556,0.1577778,0.0,0.0
68.3153741,0.4311111,0.0,0.0,0.0,0.0
68.3655119,0.0711111,0.0,0.0,0.0,0.0
68.416568,0.0,0.0,0.0,0.0,0.0
68.4669743,0.0,0.0,0.0,0.0,0.0
68.517755,0.0,0.0,0.0,0.0,0.0
68.568049,0.0,0.0,0.0,0.0,0.0
68.6189561,0.0,0.0,0.0,0.0,0.0
68.6701832,0.0,0.0,0.0,0.0,0.0
68.7202468,0.0,0.0,0.0,0.0,0.0
68.7713876,0.0,0.0,0.0,0.0,0.0
68.8221753,0.0,0.0,0.0,0.0,0.0
68.8727648,0.0,0.0,0.0,0.0,0.0
68.9227791,0.0,0.0,0.0,0.0,0.0
68.9741521,0.0,0.0,0.0,0.0,0.0
69.0246592,0.0,0.0,0.0,0.0,0.0
69.074666,0.0,0.0,0.0,0.0,0.0
69.1260743,0.0,0.0,0.0,0.0,0.0
69.1759496,0.0,0.0,0.0,0.0,0.0
69.2273347,0.0,0.0,0.0,0.0,0.0
69.2771513,0.0,0.0,0.0,0.0,0.0
69.328511,0.0,0.0,0.0,0.0,0.0
69.3791597,0.0,0.0,0.0,0.0,0.0
69.4298017,0.0,0.0,0.0,0.0,0.0
69.4803474,0.0,0.0,0.0,0.0,0.0
69.5304286,0.0,0.0,0.0,0.0,0.0
69.580745,0.0,0.0,0.0,0.0,0.0
69.6316459,0.0,0.0,0.0,0.0,0.0
69.6822877,0.0,0.0,0.0,0.0,0.0
69.7332156,0.0,0.0,0.0,0.0,0.0
69.7840192,0.0,0.0,0.0,0.0,0.0
69.8342826,0.0,0.0,0.0,0.18,0.0
69.8848071,0.0,0.0,0.0,0.6866667,0.0
69.9358499,0.0,0.0,0.2866667,0.7933334,0.0
69.986706,0.0,0.0,0.7266667,0.8066667,0.0
70.0377016,0.0,0.3066667,0.7933334,0.8066667,0.0
70.0875201,0.0,0.5822222,0.8022223,0.8066667,0.0
70.1389079,0.0,0.7688889,0.8022223,0.8088889,0.0
70.189631,0.0,0.8,0.8022223,0.8088889,0.0
70.2399333,0.3466667,0.8044444,0.8044444,0.8088889,0.0
70.290518,0.7177778,0.8044444,0.8044444,0.5155556,0.0
70.3409083,0.7755556,0.8044444,0.8044444,0.1,0.0
70.3920765,0.7822222,0.7955555,0.8044444,0.0,0.0
70.4431584,0.7822222,0.2311111,0.8044444,0.0,0.0
70.493367,0.7822222,0.0,0.2244444,0.0,0.0
70.5439348,0.1688889,0.0,0.0,0.0,0.0
70.5946863,0.0,0.0,0.0,0.0,0.0
70.6457417,0.0,0.0,0.0,0.0,0.0
70.6960857,0.0,0.0,0.0,0.0,0.0
70.7463913,0.0,0.0,0.0,0.0,0.0
70.797791,0.0,0.0,0.0,0.0,0.0
70.8483658,0.0,0.0,0.0,0.0,0.0
70.898767,0.0,0.0,0.0,0.0,0.0
70.9490275,0.0,0.0,0.0,0.0,0.0
71.0003927,0.0,0.0,0.0,0.0,0.0
71.05056,0.0,0.0,0.0,0.0,0.0
71.1011248,0.0,0.0,0.0,0.0,0.0
71.1517546,0.0,0.0,0.0,0.0,0.0
71.2021496,0.0,0.0,0.0,0.0,0.0
71.2530391,0.0,0.0,0.0,0.0,0.0
71.303865,0.0,0.0,0.0,0.0,0.0
71.3546252,0.0,0.0,0.0,0.0,0.0
71.4048295,0.0,0.0,0.0,0.0,0.0
71.4556246,0.0,0.0,0.0,0.0,0.0
71.5059865,0.0,0.0,0.0,0.0,0.0
71.5568655,0.0,0.0,0.0,0.0,0.0
71.6078751,0.0,0.0,0.0,0.0,0.0
71.6586652,0.0,0.0,0.0,0.0,0.0
71.7088609,0.0,0.0,0.0,0.0,0.0
71.759692,0.0,0.0,0.0,0.0,0.0
71.8099995,0.0,0.0,0.0,0.0,0.0
71.8609095,0.0,0.0,0.0,0.0,0.0
71.9115021,0.0,0.0,0.0,0.1244444,0.0
71.9623394,0.0,0.0,0.0,0.5377778,0.0
72.0132399,0.0,0.0,0.0688889,0.7733333,0.0
72.0634136,0.0,0.1133333,0.5844445,0.8044444,0.0
72.1145771,0.0,0.6733333,0.7755556,0.8066667,0.0
72.164891,0.0,0.7888889,0.8,0.8066667,0.0
72.2153976,0.1866667,0.8044444,0.8022223,0.8088889,0.0
72.266012,0.5977778,0.8044444,0.8022223,0.8088889,0.0
72.3169889,0.76,0.8044444,0.8044444,0.7622222,0.0
72.3678744,0.78,0.8066667,0.8044444,0.2711111,0.0
72.4185686,0.7822222,0.8066667,0.8044444,0.0,0.0
72.4689493,0.7822222,0.8066667,0.8044444,0.0,0.0
72.5188167,0.7844445,0.2888889,0.7311111,0.0,0.0
72.570246,0.7844445,0.0,0.1577778,0.0,0.0
72.6212988,0.1955556,0.0,0.0,0.0,0.0
72.6721852,0.0,0.0,0.0,0.0,0.0
72.7218666,0.0,0.0,0.0,0.0,0.0
72.7726696,0.0,0.0,0.0,0.0,0.0
72.823859,0.0,0.0,0.0,0.0,0.0
72.8741143,0.0,0.0,0.0,0.0,0.0
72.9244502,0.0,0.0,0.0,0.0,0.0
72.9759262,0.0,0.0,0.0,0.0,0.0
73.0262806,0.0,0.0,0.0,0.0,0.0
73.0770452,0.0,0.0,0.0,0.0,0.0
73.1270425,0.0,0.0,0.0,0.0,0.0
73.1782384,0.0,0.0,0.0,0.0,0.0
73.2286813,0.0,0.0,0.0,0.0,0.0
73.2798276,0.0,0.0,0.0,0.0,0.0
73.3305678,0.0,0.0,0.0,0.0,0.0
73.3809092,0.0,0.0,0.0,0.0,0.0
73.4309449,0.0,0.0,0.0,0.0,0.0
73.4818692,0.0,0.0,0.0,0.0,0.0
73.532548,0.0,0.0,0.0,0.0,0.0
73.5824702,0.0,0.0,0.0,0.0,0.0
73.6337709,0.0,0.0,0.0,0.0,0.0
73.6842639,0.0,0.0,0.0,0.0,0.0
73.7352457,0.0,0.0,0.0,0.0,0.0
73.7859931,0.0,0.0,0.0,0.0,0.0
73.8365932,0.0,0.0,0.0,0.0,0.0
73.886708,0.0,0.0,0.0,0.0,0.0
73.9378769,0.0,0.0,0.0,0.0,0.0
73.9887385,0.0,0.0,0.0,0.0,0.0
74.0394356,0.0,0.0,0.0711111,0.6222222,0.0
74.0896137,0.0,0.0,0.5711111,0.7844445,0.0
74.1400647,0.0,0.5955555,0.7733333,0.8044444,0.0
74.1907995,0.0711111,0.78,0.8,0.8066667,0.0
74.2418475,0.6555555,0.8022223,0.8022223,0.3266667,0.0
74.2922778,0.7666667,0.4933333,0.3133333,0.0,0.0
74.3437088,0.3933333,0.0688889,0.0,0.0,0.0
74.3938627,0.0,0.0,0.0,0.0,0.0
74.444355,0.0,0.0,0.0,0.0,0.0
74.4948454,0.0,0.0,0.0,0.0,0.0
74.5453081,0.0,0.0,0.0,0.0,0.0
74.5966828,0.0,0.0,0.0,0.0,0.0
74.6469316,0.0,0.0,0.0,0.0,0.0
74.6973763,0.0,0.0,0.0,0.0,0.0
74.7487962,0.0,0.0,0.0,0.0,0.0
74.798696,0.0,0.0,0.0,0.0,0.0
74.850071,0.0,0.0,0.0,0.0,0.0
74.9003434,0.0,0.0,0.0,0.0,0.0
74.950737,0.0,0.0,0.0,0.0,0.0
75.0019488,0.0,0.0,0.0,0.0,0.0
75.0525432,0.0,0.0,0.0,0.0,0.0
75.102809,0.0,0.0,0.0,0.0,0.0
75.1528926,0.0,0.0,0.0,0.0,0.0
75.2038329,0.0,0.0,0.0,0.0,0.0
75.2543442,0.0,0.0,0.0,0.0,0.0
75.3053579,0.0,0.0,0.0,0.0,0.0
75.3565419,0.0,0.0,0.0,0.0,0.0
75.4068909,0.0,0.0,0.0,0.0,0.0
75.457721,0.0,0.0,0.0,0.0,0.0
75.5080469,0.0,0.0,0.0,0.0,0.0
75.558573,0.0,0.0,0.0,0.0,0.0
75.6094847,0.0,0.0,0.0,0.0,0.0
75.6602659,0.0,0.0,0.0,0.0,0.0
75.7110479,0.0,0.0,0.0,0.0,0.0
75.7618458,0.0,0.0,0.0,0.0,0.0
75.8121953,0.0,0.0,0.0,0.1688889,0.0
75.8618703,0.0,0.0,0.0,0.6266667,0.0
75.9129734,0.0,0.1244444,0.1266667,0.7822222,0.0
75.9640472,0.0,0.7022222,0.6422222,0.8022223,0.0
76.0146351,0.5444444,0.7933334,0.7822222,0.5177778,0.0955556
76.0656288,0.7533333,0.8044444,0.6866667,0.0844444,0.0755556
76.1160147,0.78,0.3133333,0.1644444,0.0,0.0
76.1669102,0.4044445,0.0,0.0,0.0,0.0
76.2176638,0.0644444,0.0,0.0,0.0,0.0
76.2676442,0.0,0.0,0.0,0.0,0.0
76.3192604,0.0,0.0,0.0,0.0,0.0
76.369324,0.0,0.0,0.0,0.0,0.0
76.4191735,0.0,0.0,0.0,0.0,0.0
76.4706738,0.0,0.0,0.0,0.0,0.0
76.5210447,0.0,0.0,0.0,0.0,0.0
76.5716925,0.0,0.0,0.0,0.0,0.0
76.6221793,0.0,0.0,0.0,0.0,0.0
76.6731966,0.0,0.0,0.0,0.0,0.0
76.7240844,0.0,0.0,0.0,0.0,0.0
76.7746451,0.0,0.0,0.0,0.0,0.0
76.825258,0.0,0.0,0.0,0.0,0.0
76.8757589,0.0,0.0,0.0,0.0,0.0
76.9268506,0.0,0.0,0.0,0.0,0.0
76.9773397,0.0,0.0,0.0,0.0,0.0
77.0278809,0.0,0.0,0.0,0.0,0.0
77.0780597,0.0,0.0,0.0,0.0,0.0
77.1286695,0.0,0.0,0.0,0.0,0.0
77.1795156,0.0,0.0,0.0,0.0,0.0
77.2304037,0.0,0.0,0.0,0.0,0.0
77.2808068,0.0,0.0,0.0,0.0,0.0
77.3317771,0.0,0.0,0.0,0.0,0.0
77.3819489,0.0,0.0,0.0,0.0,0.0
77.4322374,0.0,0.0,0.0,0.0,0.0
77.4836843,0.0,0.0,0.0,0.0,0.0
77.5337656,0.0,0.0,0.0,0.0,0.0
77.5846629,0.0,0.0,0.0,0.0,0.0
77.6357286,0.0,0.0,0.0,0.0,0.0
77.6857793,0.0,0.0,0.0,0.2844445,0.0
77.7366436,0.0,0.0,0.0,0.7288889,0.0
77.7876229,0.0,0.0,0.2733333,0.7955555,0.0
77.8369753,0.0,0.1644444,0.72,0.8044444,0.0
77.8883901,0.0,0.7,0.7933334,0.8044444,0.0
77.9391696,0.2755556,0.7933334,0.8022223,0.8044444,0.0
77.990051,0.7155555,0.8044444,0.8022223,0.3311111,0.0
78.040422,0.7755556,0.6577778,0.6822222,0.0,0.0
78.0911906,0.6133333,0.0977778,0.1022222,0.0,0.0
78.1422818,0.0955556,0.0,0.0,0.0,0.0
78.1929982,0.0,0.0,0.0,0.0,0.0
78.2429266,0.0,0.0,0.0,0.0,0.0
78.2942791,0.0,0.0,0.0,0.0,0.0
78.3445551,0.0,0.0,0.0,0.0,0.0
78.3954015,0.0,0.0,0.0,0.0,0.0
78.4462202,0.0,0.0,0.0,0.0,0.0
78.4966676,0.0,0.0,0.0,0.0,0.0
78.5471027,0.0,0.0,0.0,0.0,0.0
78.5979557,0.0,0.0,0.0,0.0,0.0
78.6484675,0.0,0.0,0.0,0.0,0.0
78.6990538,0.0,0.0,0.0,0.0,0.0
78.7500837,0.0,0.0,0.0,0.0,0.0
78.8002486,0.0,0.0,0.0,0.0,0.0
78.851244,0.0,0.0,0.0,0.0,0.0
78.9013133,0.0,0.0,0.0,0.0,0.0
78.9522882,0.0,0.0,0.0,0.0,0.0
79.0032232,0.0,0.0,0.0,0.0,0.0
79.0534039,0.0,0.0,0.0,0.0,0.0
79.1044526,0.0,0.0,0.0,0.0,0.0
79.1552229,0.0,0.0,0.0,0.0,0.0
79.2055309,0.0,0.0,0.0,0.0,0.0
79.2562342,0.0,0.0,0.0,0.0,0.0
79.3064342,0.0,0.0,0.0,0.0,0.0
79.3576744,0.0,0.0,0.0,0.0,0.0
79.4084527,0.0,0.0,0.0,0.0,0.0
79.4587431,0.0,0.0,0.0,0.0,0.0
79.5092394,0.0,0.0,0.0,0.2866667,0.0
79.5598831,0.0,0.0,0.0,0.74,0.0955556
79.6104383,0.0,0.1866667,0.0,0.7977778,0.58
79.6617551,0.0,0.66,0.0,0.8044444,0.8844444
79.7123547,0.1222222,0.7866667,0.0,0.8044444,0.9355556
79.7630856,0.6533333,0.8022223,0.1,0.5022222,0.9422222
79.8136857,0.7666667,0.8044444,0.1755556,0.0888889,0.6155556
79.8647256,0.7822222,0.6444445,0.1133333,0.0,0.1511111
79.9152875,0.7822222,0.1155556,0.0,0.0,0.0
79.9659162,0.1822222,0.0,0.0,0.0,0.0
80.0168211,0.0,0.0,0.0,0.0,0.0
80.067117,0.0,0.0,0.0,0.0,0.0
80.1174309,0.0,0.0,0.0,0.0,0.0
80.1682458,0.0,0.0,0.0,0.0,0.0
80.21896,0.0,0.0,0.0,0.0,0.0
80.269834,0.0,0.0,0.0,0.0,0.0
80.3199849,0.0,0.0,0.0,0.0,0.0
80.3713036,0.0,0.0,0.0,0.0,0.0
80.4220228,0.0,0.0,0.0,0.0,0.0
80.4722745,0.0,0.0,0.0,0.0,0.0
80.5233386,0.0,0.0,0.0,0.0,0.0
80.5739062,0.0,0.0,0.0,0.0,0.0
80.6245828,0.0,0.0,0.0,0.0,0.0
80.6749401,0.0,0.0,0.0,0.0,0.0
80.7263825,0.0,0.0,0.0,0.0,0.0
80.7761977,0.0,0.0,0.0,0.0,0.0
80.8268514,0.0,0.0,0.0,0.0,0.0
80.8773057,0.0,0.0,0.0,0.0,0.0
80.9277766,0.0,0.0,0.0,0.0,0.0
80.9785638,0.0,0.0,0.0,0.0,0.0
81.0295804,0.0,0.0,0.0,0.0,0.0
81.08007,0.0,0.0,0.0,0.0,0.0
81.130883,0.0,0.0,0.0,0.0,0.0
81.1816473,0.0,0.0,0.0,0.0,0.0
81.2323303,0.0,0.0,0.0,0.0,0.0
81.2826743,0.0,0.0,0.0,0.0,0.0
81.3337657,0.0,0.0,0.0,0.0,0.0
81.3840175,0.0,0.0,0.0,0.0,0.0
81.434871,0.0,0.0,0.0,0.0,0.0
81.4856503,0.0,0.0,0.0977778,0.6,0.0
81.535929,0.0,0.0,0.6422222,0.78,0.0
81.5866363,0.0,0.5622222,0.7822222,0.8022223,0.0
81.6372406,0.4155556,0.7755556,0.8,0.6888889,0.0
81.6878889,0.7377778,0.8022223,0.8022223,0.1044444,0.0
81.7384627,0.7777778,0.1777778,0.2488889,0.0,0.0
81.7894642,0.1622222,0.0,0.0,0.0,0.0
81.8406277,0.0,0.0,0.0,0.0,0.0
81.8906024,0.0,0.0,0.0,0.0,0.0
81.941884,0.0,0.0,0.0,0.0,0.0
81.9917629,0.0,0.0,0.0,0.0,0.0
82.043047,0.0,0.0,0.0,0.0,0.0
82.0931823,0.0,0.0,0.0,0.0,0.0
82.1445048,0.0,0.0,0.0,0.0,0.0
82.1947005,0.0,0.0,0.0,0.0,0.0
82.2449822,0.0,0.0,0.0,0.0,0.0
82.2967861,0.0,0.0,0.0,0.0,0.0
82.3466072,0.0,0.0,0.0,0.0,0.0
82.3972428,0.0,0.0,0.0,0.0,0.0
82.4478123,0.0,0.0,0.0,0.0,0.0
82.4989502,0.0,0.0,0.0,0.0,0.0
82.5491178,0.0,0.0,0.0,0.0,0.0
82.6003988,0.0,0.0,0.0,0.0,0.0
82.6509621,0.0,0.0,0.0,0.0,0.0
82.7011888,0.0,0.0,0.0,0.0,0.0
82.7513936,0.0,0.0,0.0,0.0,0.0
82.8022602,0.0,0.0,0.0,0.0,0.0
82.852917,0.0,0.0,0.0,0.0,0.0
82.9041612,0.0,0.0,0.0,0.0,0.0
82.9547181,0.0,0.0,0.0,0.0,0.0
83.0048332,0.0,0.0,0.0,0.0,0.0
83.0552666,0.0,0.0,0.0,0.0,0.0
83.106246,0.0,0.0,0.0,0.0,0.0
83.1571224,0.0,0.0,0.0,0.0,0.0
83.207459,0.0,0.0,0.0,0.0,0.0
83.2581222,0.0,0.0,0.0,0.0,0.0
83.3095689,0.0,0.0,0.0,0.5111111,0.0
83.3602891,0.0,0.0,0.4533333,0.7688889,0.0
83.4100208,0.0,0.6466666,0.76,0.8,0.0
83.4615376,0.1022222,0.7866667,0.7977778,0.8044444,0.0
83.5124009,0.6755555,0.8022223,0.8022223,0.4355555,0.0
83.5621972,0.7688889,0.8044444,0.8022223,0.0,0.0
83.6134186,0.7822222,0.2355556,0.4,0.0,0.0
83.6642981,0.7288889,0.0,0.0666667,0.0,0.0
83.7148607,0.1377778,0.0,0.0,0.0,0.0
83.7653873,0.0,0.0,0.0,0.0,0.0
83.8158538,0.0,0.0,0.0,0.0,0.0
83.8670104,0.0,0.0,0.0,0.0,0.0
83.9174049,0.0,0.0,0.0,0.0,0.0
83.9684169,0.0,0.0,0.0,0.0,0.0
84.0191491,0.0,0.0,0.0,0.0,0.0
84.0691183,0.0,0.0,0.0,0.0,0.0
84.1201694,0.0,0.0,0.0,0.0,0.0
84.1704884,0.0,0.0,0.0,0.0,0.0
84.22118,0.0,0.0,0.0,0.0,0.0
84.2720854,0.0,0.0,0.0,0.0,0.0
84.3220778,0.0,0.0,0.0,0.0,0.0
84.3739781,0.0,0.0,0.0,0.0,0.0
84.4243729,0.0,0.0,0.0,0.0,0.0
84.4752071,0.0,0.0,0.0,0.0,0.0
84.5252943,0.0,0.0,0.0,0.0,0.0
84.5759451,0.0,0.0,0.0,0.0,0.0
84.6268456,0.0,0.0,0.0,0.0,0.0
84.6765442,0.0,0.0,0.0,0.0,0.0
84.7280815,0.0,0.0,0.0,0.0,0.0
84.7780261,0.0,0.0,0.0,0.0,0.0
84.8294222,0.0,0.0,0.0,0.0,0.0
84.8798275,0.0,0.0,0.0,0.0,0.0
84.9302888,0.0,0.0,0.0,0.0,0.0
84.9805365,0.0,0.0,0.0,0.0,0.0
85.0317075,0.0,0.0,0.0,0.0,0.0
85.081861,0.0,0.0,0.0,0.0,0.0
85.1328146,0.0,0.0,0.0,0.0,0.0
85.1836965,0.0,0.0,0.0,0.0,0.0
85.2343333,0.0,0.0,0.0,0.0,0.0
85.2851322,0.0,0.0,0.0,0.0,0.0
85.3354056,0.0,0.0,0.0,0.0,0.0
85.3862741,0.0,0.0,0.0,0.0,0.0
85.4368536,0.0,0.0,0.0,0.0,0.0
85.4869955,0.0,0.0,0.0,0.0,0.0
85.5383198,0.0,0.0,0.0,0.0,0.0
85.5884249,0.0,0.0,0.0,0.0,0.0
85.6395414,0.0,0.0,0.0,0.0,0.0
85.6906517,0.0,0.0,0.0,0.0,0.0
85.7402539,0.0,0.0,0.0,0.0,0.0
85.7915058,0.0,0.0,0.0,0.0,0.0
85.8421707,0.0,0.0,0.0,0.0,0.0
85.8922384,0.0,0.0,0.0,0.0,0.0
85.9431562,0.0,0.0,0.0,0.0,0.0
85.9944654,0.0,0.0,0.0,0.0,0.0
86.0439041,0.0,0.0,0.0,0.0,0.0
86.0955572,0.0,0.0,0.0,0.0,0.0
86.1462405,0.0,0.0,0.0,0.0,0.0
86.1963484,0.0,0.0,0.0,0.0,0.0
86.2474775,0.0,0.0,0.0,0.0,0.0
86.2977798,0.0,0.0,0.0,0.0,0.0
86.3487318,0.0,0.0,0.0,0.0,0.0
