# Time (seconds),f0
0.0078125,953.7826538085938
0.0234375,953.7305297851562
0.0390625,953.72998046875
0.0546875,953.729248046875
0.0703125,953.7342529296875
0.0859375,953.7283935546875
0.1015625,953.7353515625
0.1171875,953.7286376953125
0.1328125,953.7445678710938
0.1484375,953.7286987304688
0.1640625,953.7171630859375
0.1796875,953.7184448242188
0.1953125,953.7054443359375
0.2109375,953.727294921875
0.2265625,953.7210693359375
0.2421875,953.7236328125
0.2578125,953.7269287109375
0.2734375,953.7333984375
0.2890625,953.733154296875
0.3046875,953.7275390625
0.3203125,953.7274780273438
0.3359375,953.7447509765625
0.3515625,953.7532348632812
0.3671875,953.7303466796875
0.3828125,953.7571411132812
0.3984375,953.7344360351562
0.4140625,953.7579345703125
0.4296875,953.7421875
0.4453125,953.7539672851562
0.4609375,953.7684936523438
0.4765625,953.7542114257812
0.4921875,953.7713012695312
0.5078125,953.78271484375
0.5234375,953.788818359375
0.5390625,953.8397216796875
0.5546875,953.8306884765625
0.5703125,953.8638305664062
0.5859375,953.8441772460938
0.6015625,953.9866333007812
0.6171875,953.8975830078125
0.6328125,953.8638305664062
0.6484375,953.9336547851562
0.6640625,953.8720703125
0.6796875,953.9078979492188
0.6953125,953.841064453125
0.7109375,953.8814086914062
0.7265625,953.8948364257812
0.7421875,953.8870239257812
0.7578125,953.882568359375
0.7734375,953.8851318359375
0.7890625,953.8502807617188
0.8046875,953.908935546875
0.8203125,953.8663940429688
0.8359375,953.864990234375
0.8515625,953.874267578125
0.8671875,953.8753051757812
0.8828125,953.8756713867188
0.8984375,953.8463134765625
0.9140625,953.8875732421875
0.9296875,953.9188842773438
0.9453125,953.9027709960938
0.9609375,953.8438720703125
0.9765625,953.9110717773438
0.9921875,953.8966064453125
1.0078125,953.8829345703125
1.0234375,953.9132080078125
1.0390625,953.9407348632812
1.0546875,953.9318237304688
1.0703125,953.9534301757812
1.0859375,953.9361572265625
1.1015625,953.9710693359375
1.1171875,953.9068603515625
1.1328125,953.91748046875
1.1484375,953.91748046875
1.1640625,953.8930053710938
1.1796875,953.8897705078125
1.1953125,953.8633422851562
1.2109375,953.9129638671875
1.2265625,953.912109375
1.2421875,953.9308471679688
1.2578125,953.8896484375
1.2734375,953.8727416992188
1.2890625,953.8896484375
1.3046875,953.8988037109375
1.3203125,953.9270629882812
1.3359375,953.9415893554688
1.3515625,953.9164428710938
1.3671875,953.913818359375
1.3828125,953.9224243164062
1.3984375,953.969970703125
1.4140625,953.896240234375
1.4296875,953.9470825195312
1.4453125,953.8907470703125
1.4609375,953.967529296875
1.4765625,953.9127807617188
1.4921875,953.8917846679688
1.5078125,954.0428466796875
1.5234375,953.9029541015625
1.5390625,953.9107055664062
1.5546875,954.01904296875
1.5703125,953.9797973632812
1.5859375,953.9797973632812
1.6015625,953.9166259765625
1.6171875,953.958740234375
1.6328125,953.9143676757812
1.6484375,954.1495971679688
1.6640625,954.1817626953125
1.6796875,954.0416870117188
1.6953125,953.9668579101562
1.7109375,953.9607543945312
1.7265625,954.1028442382812
1.7421875,954.0219116210938
1.7578125,954.0365600585938
1.7734375,954.1517944335938
1.7890625,954.0572509765625
1.8046875,953.9708251953125
1.8203125,953.9567260742188
1.8359375,954.0350341796875
1.8515625,953.9478149414062
1.8671875,953.9531860351562
1.8828125,954.0744018554688
1.8984375,954.0249633789062
1.9140625,954.0106201171875
1.9296875,953.9494018554688
1.9453125,953.9755249023438
1.9609375,954.0059814453125
1.9765625,953.9292602539062
1.9921875,953.9571533203125
2.0078125,953.9788818359375
2.0234375,953.9852294921875
2.0390625,953.9624633789062
2.0546875,954.0582885742188
2.0703125,953.9828491210938
2.0859375,954.0858154296875
2.1015625,953.92919921875
2.1171875,954.0980224609375
2.1328125,954.0478515625
2.1484375,953.9707641601562
2.1640625,953.9639892578125
2.1796875,953.9534301757812
2.1953125,953.953857421875
2.2109375,953.955078125
2.2265625,953.9359741210938
2.2421875,953.9490966796875
2.2578125,954.0056762695312
2.2734375,954.0492553710938
2.2890625,953.9808959960938
2.3046875,953.9482421875
2.3203125,953.9078979492188
2.3359375,953.9295654296875
2.3515625,953.9231567382812
2.3671875,953.9833984375
2.3828125,953.9287109375
2.3984375,953.9163818359375
2.4140625,953.9083862304688
2.4296875,953.9393310546875
2.4453125,953.890380859375
2.4609375,953.9076538085938
2.4765625,953.9371948242188
2.4921875,953.9569091796875
2.5078125,953.9044189453125
2.5234375,953.9931640625
2.5390625,953.96044921875
2.5546875,953.9939575195312
2.5703125,953.9661254882812
2.5859375,953.9354248046875
2.6015625,953.9445190429688
2.6171875,953.9283447265625
2.6328125,953.9114379882812
2.6484375,953.8988647460938
2.6640625,953.8731689453125
2.6796875,953.8815307617188
2.6953125,953.8826293945312
2.7109375,953.8751831054688
2.7265625,953.8745727539062
2.7421875,953.8742065429688
2.7578125,953.874267578125
2.7734375,953.8722534179688
2.7890625,953.8753662109375
2.8046875,953.859130859375
2.8203125,953.861328125
2.8359375,953.8858642578125
2.8515625,953.87109375
2.8671875,953.8671875
2.8828125,953.845458984375
2.8984375,953.8676147460938
2.9140625,953.8695678710938
2.9296875,953.8814697265625
2.9453125,953.8665161132812
2.9609375,953.8753051757812
2.9765625,953.8656616210938
2.9921875,953.863037109375
3.0078125,953.8865966796875
3.0234375,953.875
3.0390625,953.8706665039062
3.0546875,953.8812255859375
3.0703125,953.8550415039062
3.0859375,953.86669921875
3.1015625,953.8580932617188
3.1171875,953.8592529296875
3.1328125,953.8579711914062
3.1484375,953.8780517578125
3.1640625,953.8680419921875
3.1796875,953.8575439453125
3.1953125,953.8661499023438
3.2109375,953.8546142578125
3.2265625,953.8565673828125
3.2421875,953.8504638671875
3.2578125,953.8621826171875
3.2734375,953.8599853515625
3.2890625,953.8561401367188
3.3046875,953.847412109375
3.3203125,953.8533935546875
3.3359375,953.8734130859375
3.3515625,953.8533935546875
3.3671875,953.8511352539062
3.3828125,953.8497924804688
3.3984375,953.8505249023438
3.4140625,953.8616333007812
3.4296875,953.8614501953125
3.4453125,953.8687133789062
3.4609375,953.8595581054688
3.4765625,953.8577880859375
3.4921875,953.8576049804688
3.5078125,953.8497924804688
3.5234375,953.8528442382812
3.5390625,953.8458251953125
3.5546875,953.8457641601562
3.5703125,953.8519287109375
3.5859375,953.868896484375
3.6015625,953.849609375
3.6171875,953.8618774414062
3.6328125,953.8692016601562
3.6484375,953.8461303710938
3.6640625,953.8438110351562
3.6796875,953.8619384765625
3.6953125,953.8583374023438
3.7109375,953.8641357421875
3.7265625,953.8480834960938
3.7421875,953.8442993164062
3.7578125,953.8424682617188
3.7734375,953.8455810546875
3.7890625,953.8461303710938
3.8046875,953.8754272460938
3.8203125,953.8494262695312
3.8359375,953.846435546875
3.8515625,953.8438720703125
3.8671875,953.8553466796875
3.8828125,953.8579711914062
3.8984375,953.8474731445312
3.9140625,953.84326171875
3.9296875,953.8540649414062
3.9453125,953.858642578125
3.9609375,953.8648071289062
3.9765625,953.8522338867188
3.9921875,953.8528442382812
4.0078125,953.8613891601562
4.0234375,953.8565673828125
4.0390625,953.8579711914062
4.0546875,953.8493041992188
4.0703125,953.8572998046875
4.0859375,953.8505859375
4.1015625,953.8629760742188
4.1171875,953.8568725585938
4.1328125,953.854248046875
4.1484375,953.8594360351562
4.1640625,953.8424682617188
4.1796875,953.8561401367188
4.1953125,953.85107421875
4.2109375,953.8553466796875
4.2265625,953.8487548828125
4.2421875,953.8374633789062
4.2578125,953.8521728515625
4.2734375,953.8411254882812
4.2890625,953.8460083007812
4.3046875,953.846923828125
4.3203125,953.8395385742188
4.3359375,953.8392944335938
4.3515625,953.8396606445312
4.3671875,953.8529663085938
4.3828125,953.8451538085938
4.3984375,953.8521118164062
4.4140625,953.8361206054688
4.4296875,953.8524780273438
4.4453125,953.856201171875
4.4609375,953.8663940429688
4.4765625,953.8676147460938
4.4921875,953.854736328125
4.5078125,953.8466796875
4.5234375,953.8330078125
4.5390625,953.8948974609375
4.5546875,953.8451538085938
4.5703125,953.8956909179688
4.5859375,953.8803100585938
4.6015625,953.8783569335938
4.6171875,953.9907836914062
4.6328125,953.8722534179688
4.6484375,953.8807373046875
4.6640625,953.874267578125
4.6796875,953.9190673828125
4.6953125,953.862548828125
4.7109375,953.9358520507812
4.7265625,953.905517578125
4.7421875,953.923828125
4.7578125,953.9071044921875
4.7734375,953.9282836914062
4.7890625,953.8612060546875
4.8046875,953.9093627929688
4.8203125,953.94091796875
4.8359375,953.8801879882812
4.8515625,953.8612060546875
4.8671875,953.9119262695312
4.8828125,953.9373779296875
4.8984375,953.9144897460938
4.9140625,953.9158935546875
4.9296875,953.8911743164062
4.9453125,953.8719482421875
4.9609375,953.8884887695312
4.9765625,953.9406127929688
4.9921875,953.9098510742188
5.0078125,953.9440307617188
5.0234375,953.9312133789062
5.0390625,953.948974609375
5.0546875,953.9861450195312
5.0703125,953.9303588867188
5.0859375,953.96875
5.1015625,953.9573364257812
5.1171875,953.9464111328125
5.1328125,953.9454956054688
5.1484375,953.9939575195312
5.1640625,953.9085693359375
5.1796875,953.9701538085938
5.1953125,953.90234375
5.2109375,953.9585571289062
5.2265625,953.935302734375
5.2421875,953.909912109375
5.2578125,953.8987426757812
5.2734375,953.92578125
5.2890625,953.9789428710938
5.3046875,953.9153442382812
5.3203125,953.9453735351562
5.3359375,953.8867797851562
5.3515625,953.9192504882812
5.3671875,953.9381713867188
5.3828125,953.9360961914062
5.3984375,953.9741821289062
5.4140625,953.9622192382812
5.4296875,953.9217529296875
5.4453125,953.9150390625
5.4609375,953.9171142578125
5.4765625,953.9320068359375
5.4921875,953.909912109375
5.5078125,953.94921875
5.5234375,953.9605102539062
5.5390625,953.95068359375
5.5546875,953.9205322265625
5.5703125,953.8985595703125
5.5859375,953.9243774414062
5.6015625,953.9384765625
5.6171875,953.8988647460938
5.6328125,953.91748046875
5.6484375,953.9255981445312
5.6640625,953.9581909179688
5.6796875,953.9269409179688
5.6953125,953.9119873046875
5.7109375,953.9326171875
5.7265625,953.9161987304688
5.7421875,953.9055786132812
5.7578125,953.9473266601562
5.7734375,953.9230346679688
5.7890625,953.8988647460938
5.8046875,953.892333984375
5.8203125,953.88037109375
5.8359375,953.8864135742188
5.8515625,953.8993530273438
5.8671875,953.8771362304688
5.8828125,953.893798828125
5.8984375,953.8887329101562
5.9140625,953.8973999023438
5.9296875,953.8870239257812
5.9453125,953.8801879882812
5.9609375,953.8865966796875
5.9765625,953.8834228515625
5.9921875,953.8832397460938
6.0078125,953.9174194335938
6.0234375,953.8856811523438
6.0390625,953.8931274414062
6.0546875,953.9046020507812
6.0703125,953.90576171875
6.0859375,953.8945922851562
6.1015625,953.9088134765625
6.1171875,953.91357421875
6.1328125,953.8800048828125
6.1484375,953.9022216796875
6.1640625,953.888427734375
6.1796875,953.8861694335938
6.1953125,953.8942260742188
6.2109375,953.8895874023438
6.2265625,953.884033203125
6.2421875,953.8952026367188
6.2578125,953.88818359375
6.2734375,953.8858642578125
6.2890625,953.8814086914062
6.3046875,953.8797607421875
6.3203125,953.8829956054688
6.3359375,953.8845825195312
6.3515625,953.885498046875
6.3671875,953.8871459960938
6.3828125,953.8781127929688
6.3984375,953.8840942382812
6.4140625,953.8733520507812
6.4296875,953.8764038085938
6.4453125,953.8712158203125
6.4609375,953.8833618164062
6.4765625,953.8825073242188
6.4921875,953.8771362304688
6.5078125,953.8814697265625
6.5234375,953.8828125
6.5390625,953.8729248046875
6.5546875,953.8736572265625
6.5703125,953.884033203125
6.5859375,953.8800048828125
6.6015625,953.8790893554688
6.6171875,953.8792114257812
6.6328125,953.8795166015625
6.6484375,953.8776245117188
6.6640625,953.892578125
6.6796875,953.8951416015625
6.6953125,953.8775634765625
6.7109375,953.8828735351562
6.7265625,953.8810424804688
6.7421875,953.8753662109375
6.7578125,953.88232421875
6.7734375,953.8931274414062
6.7890625,953.893310546875
6.8046875,953.8768310546875
6.8203125,953.8720092773438
6.8359375,953.8807373046875
6.8515625,953.8712768554688
6.8671875,953.8737182617188
6.8828125,953.8723754882812
6.8984375,953.8800659179688
6.9140625,953.8771362304688
6.9296875,953.8761596679688
6.9453125,953.8887329101562
6.9609375,953.8721923828125
6.9765625,953.8765258789062
6.9921875,953.8882446289062
7.0078125,953.8826904296875
7.0234375,953.8723754882812
7.0390625,953.8751831054688
7.0546875,953.8659057617188
7.0703125,953.8744506835938
7.0859375,953.8805541992188
7.1015625,953.8780517578125
7.1171875,953.890625
7.1328125,953.890625
7.1484375,953.878662109375
7.1640625,953.8792724609375
7.1796875,953.8803100585938
7.1953125,953.8787231445312
7.2109375,953.8766479492188
7.2265625,953.8798828125
7.2421875,953.8760986328125
7.2578125,953.88671875
7.2734375,953.8843383789062
7.2890625,953.8817749023438
7.3046875,953.8876953125
7.3203125,953.8723754882812
7.3359375,953.8828735351562
7.3515625,953.8846435546875
7.3671875,953.8834838867188
7.3828125,953.873779296875
7.3984375,953.8746948242188
7.4140625,953.8811645507812
7.4296875,953.8682861328125
7.4453125,953.8726196289062
7.4609375,953.866455078125
7.4765625,953.8698120117188
7.4921875,953.8851318359375
7.5078125,953.8748779296875
7.5234375,953.8892211914062
7.5390625,953.872802734375
7.5546875,953.87109375
7.5703125,953.8803100585938
7.5859375,953.8643798828125
7.6015625,953.8748779296875
7.6171875,953.8745727539062
7.6328125,953.8731689453125
7.6484375,953.863037109375
7.6640625,953.8731689453125
7.6796875,953.8628540039062
7.6953125,953.8807373046875
7.7109375,953.8681640625
7.7265625,953.868408203125
7.7421875,953.8775634765625
7.7578125,953.8706665039062
7.7734375,953.8775634765625
7.7890625,953.8714599609375
7.8046875,953.8641967773438
7.8203125,953.8635864257812
7.8359375,953.8609008789062
7.8515625,953.88232421875
7.8671875,953.8812866210938
7.8828125,953.86083984375
7.8984375,953.8594360351562
7.9140625,953.8805541992188
7.9296875,953.8784790039062
7.9453125,953.8775634765625
7.9609375,953.8709106445312
7.9765625,953.862060546875
7.9921875,953.8614501953125
8.0078125,953.8451538085938
8.0234375,953.8556518554688
8.0390625,953.8533325195312
8.0546875,953.845458984375
8.0703125,953.8530883789062
8.0859375,953.8539428710938
8.1015625,953.8381958007812
8.1171875,953.8400268554688
8.1328125,953.8402099609375
8.1484375,953.8624267578125
8.1640625,953.852783203125
8.1796875,953.8505859375
8.1953125,953.864501953125
8.2109375,953.8475341796875
8.2265625,953.8468017578125
8.2421875,953.8377075195312
8.2578125,953.8462524414062
8.2734375,953.8572387695312
8.2890625,953.8504638671875
8.3046875,953.8680419921875
8.3203125,953.8443603515625
8.3359375,953.8533935546875
8.3515625,953.8868408203125
8.3671875,953.885986328125
8.3828125,953.857421875
8.3984375,953.8858642578125
8.4140625,953.8654174804688
8.4296875,953.8817138671875
8.4453125,953.8563232421875
8.4609375,953.8887939453125
8.4765625,953.8682861328125
8.4921875,953.8558959960938
8.5078125,953.8682861328125
8.5234375,953.8536987304688
8.5390625,953.859375
8.5546875,953.8683471679688
8.5703125,953.8735961914062
8.5859375,953.8702392578125
8.6015625,953.870849609375
8.6171875,953.8603515625
8.6328125,953.866455078125
8.6484375,953.894287109375
8.6640625,953.8787841796875
8.6796875,953.8560791015625
8.6953125,953.8613891601562
8.7109375,953.873779296875
8.7265625,953.8590698242188
8.7421875,953.8685913085938
8.7578125,953.9020385742188
8.7734375,953.862060546875
8.7890625,953.87255859375
8.8046875,953.8615112304688
8.8203125,953.8759155273438
8.8359375,953.8818359375
8.8515625,953.86474609375
8.8671875,953.8790283203125
8.8828125,953.857177734375
8.8984375,953.8938598632812
8.9140625,953.8846435546875
8.9296875,953.8839111328125
8.9453125,953.874755859375
8.9609375,953.8839111328125
8.9765625,953.8652954101562
8.9921875,953.8670654296875
9.0078125,953.8750610351562
9.0234375,953.8614501953125
9.0390625,953.8888549804688
9.0546875,953.8892822265625
9.0703125,953.8652954101562
9.0859375,953.8775024414062
9.1015625,953.8684692382812
9.1171875,953.8621826171875
9.1328125,953.8471069335938
9.1484375,953.86669921875
9.1640625,953.8748779296875
9.1796875,953.8609008789062
9.1953125,953.8717651367188
9.2109375,953.8728637695312
9.2265625,953.8795776367188
9.2421875,953.8823852539062
9.2578125,953.8820190429688
9.2734375,953.8515625
9.2890625,953.8616333007812
9.3046875,953.8733520507812
9.3203125,953.8567504882812
9.3359375,953.858642578125
9.3515625,953.852294921875
9.3671875,953.8609008789062
9.3828125,953.8681640625
9.3984375,953.892333984375
9.4140625,953.8709106445312
9.4296875,953.8462524414062
9.4453125,953.8690185546875
9.4609375,953.8733520507812
9.4765625,953.8490600585938
9.4921875,953.8742065429688
9.5078125,953.8781127929688
9.5234375,953.8563232421875
9.5390625,953.8776245117188
9.5546875,953.8627319335938
9.5703125,953.8856811523438
9.5859375,953.8768310546875
9.6015625,953.8770141601562
9.6171875,953.880615234375
9.6328125,953.880126953125
9.6484375,953.8720092773438
9.6640625,953.8659057617188
9.6796875,953.866943359375
9.6953125,953.8643798828125
9.7109375,953.8642578125
9.7265625,953.875732421875
9.7421875,953.8864135742188
9.7578125,953.8756713867188
9.7734375,953.8727416992188
9.7890625,953.8800659179688
9.8046875,953.8781127929688
9.8203125,953.856201171875
9.8359375,953.8589477539062
9.8515625,953.8733520507812
9.8671875,953.86279296875
9.8828125,953.8745727539062
9.8984375,953.8619995117188
9.9140625,953.8865966796875
9.9296875,953.8820190429688
9.9453125,953.8712158203125
9.9609375,953.8674926757812
9.9765625,953.8665161132812
9.9921875,953.8793334960938
10.0078125,953.8787231445312
10.0234375,953.8772583007812
10.0390625,953.8764038085938
10.0546875,953.8680419921875
10.0703125,953.8711547851562
10.0859375,953.8748779296875
10.1015625,953.8792114257812
10.1171875,953.8659057617188
10.1328125,953.8734741210938
10.1484375,953.8723754882812
10.1640625,953.8741455078125
10.1796875,953.8695678710938
10.1953125,953.8789672851562
10.2109375,953.8750610351562
10.2265625,953.874755859375
10.2421875,953.8716430664062
10.2578125,953.877685546875
10.2734375,953.8739013671875
10.2890625,953.9014892578125
10.3046875,953.8645629882812
10.3203125,953.878173828125
10.3359375,953.8848266601562
10.3515625,953.8680419921875
10.3671875,953.8831176757812
10.3828125,953.889892578125
10.3984375,953.8960571289062
10.4140625,953.8690185546875
10.4296875,953.865234375
10.4453125,953.870361328125
10.4609375,953.882080078125
10.4765625,953.8658447265625
10.4921875,953.8904418945312
10.5078125,953.879638671875
10.5234375,953.8689575195312
10.5390625,953.8653564453125
10.5546875,953.88037109375
10.5703125,953.8760986328125
10.5859375,953.8597412109375
10.6015625,953.8762817382812
10.6171875,953.8859252929688
10.6328125,953.874755859375
10.6484375,953.8728637695312
10.6640625,953.8692626953125
10.6796875,953.8826293945312
10.6953125,953.8707885742188
10.7109375,953.8671875
10.7265625,953.8876953125
10.7421875,953.8703002929688
10.7578125,953.8692626953125
10.7734375,953.8629760742188
10.7890625,953.8712768554688
10.8046875,953.8639526367188
10.8203125,953.8572387695312
10.8359375,953.8673095703125
10.8515625,953.8634643554688
10.8671875,953.8555297851562
10.8828125,953.8549194335938
10.8984375,953.8655395507812
10.9140625,953.856201171875
10.9296875,953.8611450195312
10.9453125,953.8501586914062
10.9609375,953.8743286132812
10.9765625,953.8502807617188
10.9921875,953.8564453125
11.0078125,953.8589477539062
11.0234375,953.8572387695312
11.0390625,953.8517456054688
11.0546875,953.8572387695312
11.0703125,953.8561401367188
11.0859375,953.8676147460938
11.1015625,953.868896484375
11.1171875,953.8596801757812
11.1328125,953.8438110351562
11.1484375,953.8374633789062
11.1640625,953.8541259765625
11.1796875,953.8524780273438
11.1953125,953.8572387695312
11.2109375,953.8446044921875
11.2265625,953.8558959960938
11.2421875,953.8412475585938
11.2578125,953.8638916015625
11.2734375,953.8546142578125
11.2890625,953.8634033203125
11.3046875,953.8512573242188
11.3203125,953.857177734375
11.3359375,953.837890625
11.3515625,953.8535766601562
11.3671875,953.8499145507812
11.3828125,953.8421630859375
11.3984375,953.8477783203125
11.4140625,953.8615112304688
11.4296875,953.837158203125
11.4453125,953.8342895507812
11.4609375,953.8364868164062
11.4765625,953.8313598632812
11.4921875,953.8312377929688
11.5078125,953.833251953125
11.5234375,953.8434448242188
11.5390625,953.8303833007812
11.5546875,953.8428955078125
11.5703125,953.8359375
11.5859375,953.831787109375
11.6015625,953.836669921875
11.6171875,953.8359375
11.6328125,953.8671875
11.6484375,953.8849487304688
11.6640625,953.8611450195312
11.6796875,953.878173828125
11.6953125,953.8906860351562
11.7109375,953.9161376953125
11.7265625,953.9214477539062
11.7421875,953.9192504882812
11.7578125,953.919677734375
11.7734375,953.947021484375
11.7890625,953.8909912109375
11.8046875,953.9015502929688
11.8203125,953.9286499023438
11.8359375,953.9331665039062
11.8515625,953.9392700195312
11.8671875,953.9528198242188
11.8828125,953.9255981445312
11.8984375,953.9822387695312
11.9140625,953.943115234375
11.9296875,953.9585571289062
11.9453125,953.9379272460938
11.9609375,953.9431762695312
11.9765625,953.9685668945312
11.9921875,953.9503173828125
12.0078125,954.0192260742188
12.0234375,953.9943237304688
12.0390625,954.0114135742188
12.0546875,953.9757080078125
12.0703125,954.0599975585938
12.0859375,954.0516967773438
12.1015625,954.0322265625
12.1171875,953.9639892578125
12.1328125,953.9556884765625
12.1484375,954.0216064453125
12.1640625,953.9819946289062
12.1796875,953.9860229492188
12.1953125,954.0435180664062
12.2109375,954.005615234375
12.2265625,954.0022583007812
12.2421875,953.9852905273438
12.2578125,953.9694213867188
12.2734375,953.9715576171875
12.2890625,953.969482421875
12.3046875,953.9697265625
12.3203125,954.0025634765625
12.3359375,954.0020141601562
12.3515625,954.0115356445312
12.3671875,953.9906005859375
12.3828125,953.9771118164062
12.3984375,953.9849853515625
12.4140625,953.9782104492188
12.4296875,953.966064453125
12.4453125,953.9973754882812
12.4609375,953.9729614257812
12.4765625,953.9673461914062
12.4921875,953.955810546875
12.5078125,953.9721069335938
12.5234375,953.9826049804688
12.5390625,953.9669189453125
12.5546875,953.982421875
12.5703125,953.9867553710938
12.5859375,953.9552612304688
12.6015625,953.9585571289062
12.6171875,953.9456787109375
12.6328125,953.9616088867188
12.6484375,953.9512329101562
12.6640625,953.9288330078125
12.6796875,953.9298095703125
12.6953125,953.9411010742188
12.7109375,953.9442138671875
12.7265625,953.9298706054688
12.7421875,953.9197387695312
12.7578125,953.9208374023438
12.7734375,953.907958984375
12.7890625,953.9152221679688
12.8046875,953.9105224609375
12.8203125,953.9055786132812
12.8359375,953.9087524414062
12.8515625,953.8888549804688
12.8671875,953.8912963867188
12.8828125,953.877685546875
12.8984375,953.89599609375
12.9140625,953.8956298828125
12.9296875,953.878662109375
12.9453125,953.8778686523438
12.9609375,953.8884887695312
12.9765625,953.8682861328125
12.9921875,953.8724975585938
13.0078125,953.8712158203125
13.0234375,953.8778076171875
13.0390625,953.884765625
13.0546875,953.87451171875
13.0703125,953.864990234375
13.0859375,953.8760986328125
13.1015625,953.85546875
13.1171875,953.8756713867188
13.1328125,953.8741455078125
13.1484375,953.8702392578125
13.1640625,953.8729248046875
13.1796875,953.8776245117188
13.1953125,953.8705444335938
13.2109375,953.873046875
13.2265625,953.8719482421875
13.2421875,953.8716430664062
13.2578125,953.8685913085938
13.2734375,953.8812255859375
13.2890625,953.8687133789062
13.3046875,953.8756713867188
13.3203125,953.8634643554688
13.3359375,953.8668823242188
13.3515625,953.8932495117188
13.3671875,953.8768310546875
13.3828125,953.881591796875
13.3984375,953.8857421875
13.4140625,953.8862915039062
13.4296875,953.8776245117188
13.4453125,953.8784790039062
13.4609375,953.8978881835938
13.4765625,953.8870849609375
13.4921875,953.887939453125
13.5078125,953.8885498046875
13.5234375,953.8770141601562
13.5390625,953.8973388671875
13.5546875,953.87255859375
13.5703125,953.8781127929688
13.5859375,953.8820190429688
13.6015625,953.8759765625
13.6171875,953.8803100585938
13.6328125,953.88232421875
13.6484375,953.8712158203125
13.6640625,953.8699951171875
13.6796875,953.877685546875
13.6953125,953.8742065429688
13.7109375,953.8727416992188
13.7265625,953.8833618164062
13.7421875,953.8951416015625
13.7578125,953.88232421875
13.7734375,953.8731079101562
13.7890625,953.8924560546875
13.8046875,953.877685546875
13.8203125,953.8726196289062
13.8359375,953.8770141601562
13.8515625,953.8819580078125
13.8671875,953.8839111328125
13.8828125,953.8792114257812
13.8984375,953.8786010742188
13.9140625,953.8861694335938
13.9296875,953.8779296875
13.9453125,953.8661499023438
13.9609375,953.869140625
13.9765625,953.8720703125
13.9921875,953.8754272460938
14.0078125,953.8885498046875
14.0234375,953.8800048828125
14.0390625,953.8900756835938
14.0546875,953.8736572265625
14.0703125,953.8734741210938
14.0859375,953.870361328125
14.1015625,953.8828125
14.1171875,953.8651123046875
14.1328125,953.864990234375
14.1484375,953.87646484375
14.1640625,953.8680419921875
14.1796875,953.8783569335938
14.1953125,953.8719482421875
14.2109375,953.8770751953125
14.2265625,953.8931884765625
14.2421875,953.8765258789062
14.2578125,953.8781127929688
14.2734375,953.8767700195312
14.2890625,953.8700561523438
14.3046875,953.8740234375
14.3203125,953.8639526367188
14.3359375,953.8722534179688
14.3515625,953.8603515625
14.3671875,953.8901977539062
14.3828125,953.8603515625
14.3984375,953.8494873046875
14.4140625,953.8724975585938
14.4296875,953.8706665039062
14.4453125,953.8773193359375
14.4609375,953.8873901367188
14.4765625,953.8999633789062
14.4921875,953.8881225585938
14.5078125,953.9080200195312
14.5234375,953.9094848632812
14.5390625,953.912109375
14.5546875,953.9390258789062
14.5703125,953.9500732421875
14.5859375,954.0057373046875
14.6015625,954.01123046875
14.6171875,953.9657592773438
14.6328125,953.9024047851562
14.6484375,953.9656982421875
14.6640625,953.9986572265625
14.6796875,953.9746704101562
14.6953125,953.9811401367188
14.7109375,954.070068359375
14.7265625,953.9386596679688
14.7421875,954.0000610351562
14.7578125,953.9813842773438
14.7734375,954.0081787109375
14.7890625,954.09521484375
14.8046875,954.1329345703125
14.8203125,954.0435180664062
14.8359375,954.1193237304688
14.8515625,954.0972290039062
14.8671875,954.1686401367188
14.8828125,954.094970703125
14.8984375,954.09912109375
14.9140625,954.1422729492188
14.9296875,954.1705932617188
14.9453125,954.1273193359375
14.9609375,954.1315307617188
14.9765625,954.0852661132812
14.9921875,954.124755859375
15.0078125,954.1990356445312
15.0234375,954.1658325195312
15.0390625,954.1142578125
15.0546875,954.1607055664062
15.0703125,954.1715698242188
15.0859375,954.148193359375
15.1015625,954.1161499023438
15.1171875,954.1655883789062
15.1328125,954.16357421875
15.1484375,954.1666259765625
15.1640625,954.0776977539062
15.1796875,954.1029663085938
15.1953125,954.1973876953125
15.2109375,954.1354370117188
15.2265625,954.1912841796875
15.2421875,954.1509399414062
15.2578125,954.1297607421875
15.2734375,954.0936279296875
15.2890625,954.1072998046875
15.3046875,954.2305908203125
15.3203125,954.1737060546875
15.3359375,954.167236328125
15.3515625,954.1181030273438
15.3671875,954.090576171875
15.3828125,954.0453491210938
15.3984375,954.1925659179688
15.4140625,954.1174926757812
15.4296875,954.1219482421875
15.4453125,954.1106567382812
15.4609375,954.00927734375
15.4765625,954.1449584960938
15.4921875,954.0155029296875
15.5078125,954.0192260742188
15.5234375,953.9701538085938
15.5390625,954.0199584960938
15.5546875,954.0744018554688
15.5703125,954.0729370117188
15.5859375,954.0694580078125
15.6015625,954.06201171875
15.6171875,954.0252075195312
15.6328125,954.0743408203125
15.6484375,954.0407104492188
15.6640625,954.1223754882812
15.6796875,954.0907592773438
15.6953125,954.1663818359375
15.7109375,954.1152954101562
15.7265625,954.0588989257812
15.7421875,954.0526123046875
15.7578125,954.0799560546875
15.7734375,954.0938110351562
15.7890625,954.0216064453125
15.8046875,954.020263671875
15.8203125,954.0093383789062
15.8359375,953.9593505859375
15.8515625,953.8948364257812
15.8671875,953.9053955078125
15.8828125,953.8844604492188
15.8984375,953.87841796875
15.9140625,953.872802734375
15.9296875,953.8614501953125
15.9453125,953.8717041015625
15.9609375,953.87109375
15.9765625,953.8768310546875
15.9921875,953.8696899414062
16.0078125,953.8712158203125
16.0234375,953.8790283203125
16.0390625,953.861328125
16.0546875,953.8649291992188
16.0703125,953.8727416992188
16.0859375,953.8760986328125
16.1015625,953.870849609375
16.1171875,953.8751831054688
16.1328125,953.8734130859375
16.1484375,953.8754272460938
16.1640625,953.8942260742188
16.1796875,953.876708984375
16.1953125,953.866455078125
16.2109375,953.8829345703125
16.2265625,953.8821411132812
16.2421875,953.879638671875
16.2578125,953.9013671875
16.2734375,953.877685546875
16.2890625,953.8821411132812
16.3046875,953.8909912109375
16.3203125,953.8690185546875
16.3359375,953.8837280273438
16.3515625,953.8826293945312
16.3671875,953.885986328125
16.3828125,953.880859375
16.3984375,953.8845825195312
16.4140625,953.8829956054688
16.4296875,953.8727416992188
16.4453125,953.8887329101562
16.4609375,953.8737182617188
16.4765625,953.8907470703125
16.4921875,953.8762817382812
16.5078125,953.8721923828125
16.5234375,953.8867797851562
16.5390625,953.8839111328125
16.5546875,953.87451171875
16.5703125,953.872314453125
16.5859375,953.88232421875
16.6015625,953.889892578125
16.6171875,953.8684692382812
16.6328125,953.8695068359375
16.6484375,953.8754272460938
16.6640625,953.8660888671875
16.6796875,953.8726196289062
16.6953125,953.8721923828125
16.7109375,953.864501953125
16.7265625,953.8675537109375
16.7421875,953.8673095703125
16.7578125,953.8817138671875
16.7734375,953.8642578125
16.7890625,953.873779296875
16.8046875,953.8627319335938
16.8203125,953.8680419921875
16.8359375,953.8511352539062
16.8515625,953.8611450195312
16.8671875,953.861328125
16.8828125,953.8609008789062
16.8984375,953.8633422851562
16.9140625,953.85888671875
16.9296875,953.870361328125
16.9453125,953.8644409179688
16.9609375,953.8695068359375
16.9765625,953.8555908203125
16.9921875,953.853515625
17.0078125,953.8530883789062
17.0234375,953.8479614257812
17.0390625,953.856201171875
17.0546875,953.8497924804688
17.0703125,953.8480224609375
17.0859375,953.8564453125
17.1015625,953.8515625
17.1171875,953.8585205078125
17.1328125,953.8508911132812
17.1484375,953.8558959960938
17.1640625,953.8475341796875
17.1796875,953.844482421875
17.1953125,953.8533325195312
17.2109375,953.8486328125
17.2265625,953.8458862304688
17.2421875,953.8405151367188
17.2578125,953.8430786132812
17.2734375,953.8424682617188
17.2890625,953.8320922851562
17.3046875,953.8533935546875
17.3203125,953.84765625
17.3359375,953.85498046875
17.3515625,953.8834838867188
17.3671875,953.9104614257812
17.3828125,953.9334716796875
17.3984375,953.9253540039062
17.4140625,953.9540405273438
17.4296875,953.9503173828125
17.4453125,953.9998168945312
17.4609375,953.8948974609375
17.4765625,954.0078125
17.4921875,953.962890625
17.5078125,953.9202880859375
17.5234375,953.9884033203125
17.5390625,954.0888061523438
17.5546875,953.9549560546875
17.5703125,953.9430541992188
17.5859375,953.9321899414062
17.6015625,953.9231567382812
17.6171875,953.9746704101562
17.6328125,954.0167236328125
17.6484375,953.9349975585938
17.6640625,953.9122924804688
17.6796875,953.9907836914062
17.6953125,953.914794921875
17.7109375,953.8995971679688
17.7265625,953.9774780273438
17.7421875,953.9945068359375
17.7578125,953.9561767578125
17.7734375,953.964111328125
17.7890625,953.9573364257812
17.8046875,954.0330810546875
17.8203125,953.9160766601562
17.8359375,953.9857788085938
17.8515625,953.9574584960938
17.8671875,953.9537353515625
17.8828125,953.9097290039062
17.8984375,953.9581298828125
17.9140625,953.9708862304688
17.9296875,953.9307861328125
17.9453125,953.9262084960938
17.9609375,953.8993530273438
17.9765625,953.8829345703125
17.9921875,953.9444580078125
18.0078125,953.8989868164062
18.0234375,953.95654296875
18.0390625,953.9119262695312
18.0546875,953.9453125
18.0703125,953.977783203125
18.0859375,953.9481201171875
18.1015625,953.8961791992188
18.1171875,953.9518432617188
18.1328125,953.91357421875
18.1484375,953.964599609375
18.1640625,953.9652709960938
18.1796875,953.9420166015625
18.1953125,953.9400024414062
18.2109375,953.9806518554688
18.2265625,954.0011596679688
18.2421875,953.9654541015625
18.2578125,953.9630126953125
18.2734375,953.9288940429688
18.2890625,953.966796875
18.3046875,953.952392578125
18.3203125,953.9082641601562
18.3359375,953.9054565429688
18.3515625,953.9365234375
18.3671875,953.9473266601562
18.3828125,953.9425659179688
18.3984375,953.9880981445312
18.4140625,953.8928833007812
18.4296875,953.8909301757812
18.4453125,954.005859375
18.4609375,953.94482421875
18.4765625,953.9530029296875
18.4921875,953.9464111328125
18.5078125,953.9471435546875
18.5234375,953.9160766601562
18.5390625,953.966064453125
18.5546875,953.9151611328125
18.5703125,953.8671875
18.5859375,953.9661254882812
18.6015625,953.8817749023438
18.6171875,953.9392700195312
18.6328125,953.9739379882812
18.6484375,954.0160522460938
18.6640625,953.9506225585938
18.6796875,953.9328002929688
18.6953125,953.9339599609375
18.7109375,953.885986328125
18.7265625,953.919677734375
18.7421875,953.9015502929688
18.7578125,953.8909301757812
18.7734375,953.8973388671875
18.7890625,953.9523315429688
18.8046875,953.9255981445312
18.8203125,953.9323120117188
18.8359375,953.8875732421875
18.8515625,953.8764038085938
18.8671875,953.869873046875
18.8828125,953.8626098632812
18.8984375,953.8655395507812
18.9140625,953.86279296875
18.9296875,953.8688354492188
18.9453125,953.8722534179688
18.9609375,953.8634033203125
18.9765625,953.8794555664062
18.9921875,953.8819580078125
19.0078125,953.8815307617188
19.0234375,953.8809814453125
19.0390625,953.8616943359375
19.0546875,953.8682861328125
19.0703125,953.8673706054688
19.0859375,953.8810424804688
19.1015625,953.8695068359375
19.1171875,953.8709716796875
19.1328125,953.8701171875
19.1484375,953.8833618164062
19.1640625,953.8856811523438
19.1796875,953.869873046875
19.1953125,953.8690185546875
19.2109375,953.8614501953125
19.2265625,953.88818359375
19.2421875,953.8760986328125
19.2578125,953.8923950195312
19.2734375,953.8742065429688
19.2890625,953.8800659179688
19.3046875,953.8766479492188
19.3203125,953.8703002929688
19.3359375,953.8870849609375
19.3515625,953.8742065429688
19.3671875,953.8809814453125
19.3828125,953.8714599609375
19.3984375,953.8649291992188
19.4140625,953.8756103515625
19.4296875,953.8805541992188
19.4453125,953.8733520507812
19.4609375,953.8744506835938
19.4765625,953.8781127929688
19.4921875,953.871826171875
19.5078125,953.880615234375
19.5234375,953.878662109375
19.5390625,953.86865234375
19.5546875,953.8680419921875
19.5703125,953.8711547851562
19.5859375,953.8670654296875
19.6015625,953.8745727539062
19.6171875,953.8821411132812
19.6328125,953.8699951171875
19.6484375,953.8833618164062
19.6640625,953.8677368164062
19.6796875,953.8825073242188
19.6953125,953.864013671875
19.7109375,953.8638916015625
19.7265625,953.8775634765625
19.7421875,953.8658447265625
19.7578125,953.8756713867188
19.7734375,953.8663330078125
19.7890625,953.8624267578125
19.8046875,953.8624267578125
19.8203125,953.8832397460938
19.8359375,953.8778686523438
19.8515625,953.8619384765625
19.8671875,953.8612060546875
19.8828125,953.8753662109375
19.8984375,953.8851928710938
19.9140625,953.8724975585938
19.9296875,953.8755493164062
19.9453125,953.8519897460938
19.9609375,953.8775634765625
19.9765625,953.8675537109375
19.9921875,953.8682861328125
20.0078125,953.8638305664062
20.0234375,953.861083984375
20.0390625,953.8616943359375
20.0546875,953.8553466796875
20.0703125,953.8724975585938
20.0859375,953.8557739257812
20.1015625,953.8583984375
20.1171875,953.8610229492188
20.1328125,953.8696899414062
20.1484375,953.8379516601562
20.1640625,953.8649291992188
20.1796875,953.8521118164062
20.1953125,953.8569946289062
20.2109375,953.8482055664062
20.2265625,953.8588256835938
20.2421875,953.8598022460938
20.2578125,953.857177734375
20.2734375,953.8563842773438
20.2890625,953.850341796875
20.3046875,953.8482666015625
20.3203125,953.8621826171875
20.3359375,953.8619384765625
20.3515625,953.8538208007812
20.3671875,953.8500366210938
20.3828125,953.8727416992188
20.3984375,953.8507690429688
20.4140625,953.8480834960938
20.4296875,953.850341796875
20.4453125,953.8385620117188
20.4609375,953.8532104492188
20.4765625,953.8543701171875
20.4921875,953.8546752929688
20.5078125,953.8485717773438
20.5234375,953.8540649414062
20.5390625,953.8530883789062
20.5546875,953.847412109375
20.5703125,953.8541870117188
20.5859375,953.8505859375
20.6015625,953.8363647460938
20.6171875,953.8505249023438
20.6328125,953.84716796875
20.6484375,953.8510131835938
20.6640625,953.8658447265625
20.6796875,953.8618774414062
20.6953125,953.8418579101562
20.7109375,953.856201171875
20.7265625,953.8615112304688
20.7421875,953.8377685546875
20.7578125,953.8373413085938
20.7734375,953.8423461914062
20.7890625,953.8421020507812
20.8046875,953.8142700195312
20.8203125,953.8356323242188
20.8359375,953.8145751953125
20.8515625,953.8139038085938
20.8671875,953.8168334960938
20.8828125,953.8284912109375
20.8984375,953.813232421875
20.9140625,953.7882690429688
20.9296875,953.8162231445312
20.9453125,953.76953125
20.9609375,953.7824096679688
20.9765625,953.7801513671875
20.9921875,953.804443359375
21.0078125,953.8251953125
21.0234375,953.8209838867188
21.0390625,953.8292236328125
21.0546875,953.7933959960938
21.0703125,953.8119506835938
21.0859375,953.794189453125
21.1015625,953.7869873046875
21.1171875,953.8050537109375
21.1328125,953.8360595703125
21.1484375,953.8123168945312
21.1640625,953.8461303710938
21.1796875,953.8079223632812
21.1953125,953.8055419921875
21.2109375,953.8145751953125
21.2265625,953.8126831054688
21.2421875,953.8116455078125
21.2578125,953.8502197265625
21.2734375,953.8412475585938
21.2890625,953.8228759765625
21.3046875,953.8424072265625
21.3203125,953.8221435546875
21.3359375,953.8391723632812
21.3515625,953.822998046875
21.3671875,953.8502197265625
21.3828125,953.8512573242188
21.3984375,953.8421630859375
21.4140625,953.8313598632812
21.4296875,953.84521484375
21.4453125,953.8580322265625
21.4609375,953.8599243164062
21.4765625,953.83154296875
21.4921875,953.8714599609375
21.5078125,953.8536376953125
21.5234375,953.8355102539062
21.5390625,953.87890625
21.5546875,953.8916015625
21.5703125,953.839111328125
21.5859375,953.8900756835938
21.6015625,953.8075561523438
21.6171875,953.8665161132812
21.6328125,953.8721923828125
21.6484375,953.8458251953125
21.6640625,953.868896484375
21.6796875,953.8685913085938
21.6953125,953.8648071289062
21.7109375,953.8629760742188
21.7265625,953.8602294921875
21.7421875,953.8493041992188
21.7578125,953.8884887695312
21.7734375,953.8237915039062
21.7890625,953.8837890625
21.8046875,953.8507080078125
21.8203125,953.88037109375
21.8359375,953.8564453125
21.8515625,953.8351440429688
21.8671875,953.8814086914062
21.8828125,953.8513793945312
21.8984375,953.8773803710938
21.9140625,953.8641967773438
21.9296875,953.9068603515625
21.9453125,953.8720703125
21.9609375,953.8543701171875
21.9765625,953.841796875
21.9921875,953.8951416015625
22.0078125,953.8790283203125
22.0234375,953.9074096679688
22.0390625,953.9077758789062
22.0546875,953.9188232421875
22.0703125,953.9578857421875
22.0859375,953.9088134765625
22.1015625,953.873779296875
22.1171875,953.8734741210938
22.1328125,953.8680419921875
22.1484375,953.9143676757812
22.1640625,953.899169921875
22.1796875,953.8888549804688
22.1953125,953.8815307617188
22.2109375,953.8603515625
22.2265625,953.8790893554688
22.2421875,953.8761596679688
22.2578125,953.9266357421875
22.2734375,953.858154296875
22.2890625,953.8695678710938
22.3046875,953.8538818359375
22.3203125,953.8917236328125
22.3359375,953.8702392578125
22.3515625,953.8765258789062
22.3671875,953.8794555664062
22.3828125,953.8800048828125
22.3984375,953.8699951171875
22.4140625,953.8582763671875
22.4296875,953.878173828125
22.4453125,953.8745727539062
22.4609375,953.8773803710938
22.4765625,953.8741455078125
22.4921875,953.858642578125
22.5078125,953.8798828125
22.5234375,953.8792724609375
22.5390625,953.8731079101562
22.5546875,953.8793334960938
22.5703125,953.8783569335938
22.5859375,953.8585815429688
22.6015625,953.859375
22.6171875,953.8646850585938
22.6328125,953.8735961914062
22.6484375,953.8729248046875
22.6640625,953.8726196289062
22.6796875,953.8723754882812
22.6953125,953.8702392578125
22.7109375,953.870361328125
22.7265625,953.8756713867188
22.7421875,953.8793334960938
22.7578125,953.868408203125
22.7734375,953.8705444335938
22.7890625,953.873779296875
22.8046875,953.892578125
22.8203125,953.865966796875
22.8359375,953.8898315429688
22.8515625,953.8722534179688
22.8671875,953.8844604492188
22.8828125,953.8873291015625
22.8984375,953.8934936523438
22.9140625,953.8707885742188
22.9296875,953.8599853515625
22.9453125,953.8717041015625
22.9609375,953.8677368164062
22.9765625,953.8821411132812
22.9921875,953.8786010742188
23.0078125,953.8861694335938
23.0234375,953.865234375
23.0390625,953.8684692382812
23.0546875,953.8854370117188
23.0703125,953.8803100585938
23.0859375,953.8726196289062
23.1015625,953.8714599609375
23.1171875,953.8551635742188
23.1328125,953.8935546875
23.1484375,953.8755493164062
23.1640625,953.888427734375
23.1796875,953.8795166015625
23.1953125,953.8740234375
23.2109375,953.8707885742188
23.2265625,953.8831176757812
23.2421875,953.8783569335938
23.2578125,953.8751831054688
23.2734375,953.8821411132812
23.2890625,953.8782348632812
23.3046875,953.8703002929688
23.3203125,953.8823852539062
23.3359375,953.8644409179688
23.3515625,953.89404296875
23.3671875,953.8760986328125
23.3828125,953.8765258789062
23.3984375,953.8709716796875
23.4140625,953.8665161132812
23.4296875,953.888427734375
23.4453125,953.8755493164062
23.4609375,953.8751831054688
23.4765625,953.8720092773438
23.4921875,953.875
23.5078125,953.8707885742188
23.5234375,953.879638671875
23.5390625,953.8821411132812
23.5546875,953.8821411132812
23.5703125,953.8630981445312
23.5859375,953.8728637695312
23.6015625,953.8782348632812
23.6171875,953.8722534179688
23.6328125,953.8856811523438
23.6484375,953.8536376953125
23.6640625,953.871826171875
23.6796875,953.87060546875
23.6953125,953.8508911132812
23.7109375,953.8240356445312
23.7265625,953.8732299804688
23.7421875,953.8583374023438
23.7578125,953.8441162109375
23.7734375,953.83154296875
23.7890625,953.8529663085938
23.8046875,953.8473510742188
23.8203125,953.8419189453125
23.8359375,953.8460083007812
23.8515625,953.8316040039062
23.8671875,953.8469848632812
23.8828125,953.8721923828125
23.8984375,953.8525390625
23.9140625,953.8588256835938
23.9296875,953.8457641601562
23.9453125,953.8865356445312
23.9609375,953.8868408203125
23.9765625,953.9268798828125
23.9921875,953.86083984375
24.0078125,953.8977661132812
24.0234375,953.8406982421875
24.0390625,953.874267578125
24.0546875,953.8798828125
24.0703125,953.8231201171875
24.0859375,953.847412109375
24.1015625,953.8501586914062
24.1171875,953.8535766601562
24.1328125,953.8524169921875
24.1484375,953.8579711914062
24.1640625,953.8565673828125
24.1796875,953.8764038085938
24.1953125,953.8333129882812
24.2109375,953.8053588867188
24.2265625,953.8499145507812
24.2421875,953.8568725585938
24.2578125,953.8828125
24.2734375,953.8294067382812
24.2890625,953.82421875
24.3046875,953.8329467773438
24.3203125,953.83740234375
24.3359375,953.89208984375
24.3515625,953.8582763671875
24.3671875,953.8365478515625
24.3828125,953.83740234375
24.3984375,953.8123168945312
24.4140625,953.8655395507812
24.4296875,953.8181762695312
24.4453125,953.8405151367188
24.4609375,953.850830078125
24.4765625,953.8208618164062
24.4921875,953.8598022460938
24.5078125,953.8659057617188
24.5234375,953.8907470703125
24.5390625,953.8969116210938
24.5546875,953.9088745117188
24.5703125,953.9386596679688
24.5859375,953.8842163085938
24.6015625,953.8629760742188
24.6171875,953.920654296875
24.6328125,953.9255981445312
24.6484375,953.9127807617188
24.6640625,953.9252319335938
24.6796875,953.8926391601562
24.6953125,953.921875
24.7109375,953.9144287109375
24.7265625,953.9868774414062
24.7421875,953.9547729492188
24.7578125,953.9225463867188
24.7734375,953.90185546875
24.7890625,953.9093017578125
24.8046875,953.9161987304688
24.8203125,953.8844604492188
24.8359375,953.9115600585938
24.8515625,953.8946533203125
24.8671875,953.9006958007812
24.8828125,953.8595581054688
24.8984375,953.8338623046875
24.9140625,953.8873901367188
24.9296875,953.8931274414062
24.9453125,953.8325805664062
24.9609375,953.8773803710938
24.9765625,953.8527221679688
24.9921875,953.9364013671875
25.0078125,953.8636474609375
25.0234375,953.9169921875
25.0390625,953.86474609375
25.0546875,953.8917236328125
25.0703125,953.878662109375
25.0859375,953.8867797851562
25.1015625,953.9028930664062
25.1171875,953.8929443359375
25.1328125,953.891845703125
25.1484375,953.8927612304688
25.1640625,953.8653564453125
25.1796875,953.8872680664062
25.1953125,953.8858642578125
25.2109375,953.8662109375
25.2265625,953.8836669921875
25.2421875,953.8892822265625
25.2578125,953.8806762695312
25.2734375,953.8862915039062
25.2890625,953.8818359375
25.3046875,953.8666381835938
25.3203125,953.8700561523438
25.3359375,953.8829956054688
25.3515625,953.8974609375
25.3671875,953.8692016601562
25.3828125,953.8870239257812
25.3984375,953.8901977539062
25.4140625,953.8829956054688
25.4296875,953.86328125
25.4453125,953.8856811523438
25.4609375,953.8887329101562
25.4765625,953.8681640625
25.4921875,953.8859252929688
25.5078125,953.8789672851562
25.5234375,953.8667602539062
25.5390625,953.8834228515625
25.5546875,953.8778686523438
25.5703125,953.8671875
25.5859375,953.872802734375
25.6015625,953.8746948242188
25.6171875,953.8772583007812
25.6328125,953.8868408203125
25.6484375,953.879638671875
25.6640625,953.8768310546875
25.6796875,953.8829956054688
25.6953125,953.8812866210938
25.7109375,953.8702392578125
25.7265625,953.8734741210938
25.7421875,953.8734741210938
25.7578125,953.8759765625
25.7734375,953.8776245117188
25.7890625,953.8760986328125
25.8046875,953.8760986328125
25.8203125,953.868896484375
25.8359375,953.8826904296875
25.8515625,953.8657836914062
25.8671875,953.8703002929688
25.8828125,953.8834838867188
25.8984375,953.8700561523438
25.9140625,953.8683471679688
25.9296875,953.877685546875
25.9453125,953.8633422851562
25.9609375,953.8659057617188
25.9765625,953.8737182617188
25.9921875,953.8552856445312
26.0078125,953.8528442382812
26.0234375,953.8600463867188
26.0390625,953.874755859375
26.0546875,953.8674926757812
26.0703125,953.8751220703125
26.0859375,953.8630981445312
26.1015625,953.8688354492188
26.1171875,953.8637084960938
26.1328125,953.867919921875
26.1484375,953.8673095703125
26.1640625,953.873779296875
26.1796875,953.8541870117188
26.1953125,953.8602905273438
26.2109375,953.8536376953125
26.2265625,953.8487548828125
26.2421875,953.8552856445312
26.2578125,953.8501586914062
26.2734375,953.8569946289062
26.2890625,953.8574829101562
26.3046875,953.833740234375
26.3203125,953.8455810546875
26.3359375,953.8524169921875
26.3515625,953.8401489257812
26.3671875,953.8658447265625
26.3828125,953.8466796875
26.3984375,953.8567504882812
26.4140625,953.8582763671875
26.4296875,953.8458862304688
26.4453125,953.8519287109375
26.4609375,953.8511352539062
26.4765625,953.8451538085938
26.4921875,953.8500366210938
26.5078125,953.8480834960938
26.5234375,953.8482055664062
26.5390625,953.8430786132812
26.5546875,953.8426513671875
26.5703125,953.853271484375
26.5859375,953.830810546875
26.6015625,953.8348999023438
26.6171875,953.8516845703125
26.6328125,953.8382568359375
26.6484375,953.8413696289062
26.6640625,953.8423461914062
26.6796875,953.8521118164062
26.6953125,953.8527221679688
26.7109375,953.8604736328125
26.7265625,953.8599243164062
26.7421875,953.862060546875
26.7578125,953.8910522460938
26.7734375,953.8884887695312
26.7890625,953.8924560546875
26.8046875,953.8851928710938
26.8203125,953.8998413085938
26.8359375,953.8685913085938
26.8515625,953.9027709960938
26.8671875,953.9193725585938
26.8828125,953.9291381835938
26.8984375,953.8580322265625
26.9140625,953.9414672851562
26.9296875,953.940673828125
26.9453125,953.9517211914062
26.9609375,953.9700317382812
26.9765625,953.9169311523438
26.9921875,953.9535522460938
27.0078125,953.9425659179688
27.0234375,953.9609375
27.0390625,953.9684448242188
27.0546875,953.9835205078125
27.0703125,953.9072265625
27.0859375,953.94873046875
27.1015625,953.8963623046875
27.1171875,954.0076293945312
27.1328125,953.9674682617188
27.1484375,953.9379272460938
27.1640625,953.9037475585938
27.1796875,953.9694213867188
27.1953125,953.9599609375
27.2109375,953.938232421875
27.2265625,953.9301147460938
27.2421875,953.9169921875
27.2578125,953.9417114257812
27.2734375,953.9321899414062
27.2890625,953.946533203125
27.3046875,953.9495849609375
27.3203125,953.9132690429688
27.3359375,953.9275512695312
27.3515625,953.9444580078125
27.3671875,953.94873046875
27.3828125,953.9379272460938
27.3984375,953.958740234375
27.4140625,953.9769287109375
27.4296875,953.9308471679688
27.4453125,953.9409790039062
27.4609375,953.876708984375
27.4765625,953.8624267578125
27.4921875,953.83740234375
27.5078125,953.89599609375
27.5234375,953.9437866210938
27.5390625,953.9161376953125
27.5546875,953.9186401367188
27.5703125,953.9165649414062
27.5859375,953.891845703125
27.6015625,953.8956909179688
27.6171875,953.9356689453125
27.6328125,953.9650268554688
27.6484375,953.9235229492188
27.6640625,953.9098510742188
27.6796875,953.9283447265625
27.6953125,953.9705200195312
27.7109375,953.9629516601562
27.7265625,953.9855346679688
27.7421875,953.9493408203125
27.7578125,953.9654541015625
27.7734375,953.9273071289062
27.7890625,953.942138671875
27.8046875,953.919189453125
27.8203125,953.86279296875
27.8359375,953.9210205078125
27.8515625,953.914794921875
27.8671875,953.9208984375
27.8828125,953.8602294921875
27.8984375,953.8883666992188
27.9140625,953.90576171875
27.9296875,953.9049072265625
27.9453125,953.8591918945312
27.9609375,953.8595581054688
27.9765625,953.8839721679688
27.9921875,953.8477172851562
28.0078125,953.8809204101562
28.0234375,953.8812255859375
28.0390625,953.8764038085938
28.0546875,953.8622436523438
28.0703125,953.8732299804688
28.0859375,953.8909301757812
28.1015625,953.882568359375
28.1171875,953.8952026367188
28.1328125,953.887939453125
28.1484375,953.89794921875
28.1640625,953.8909912109375
28.1796875,953.907958984375
28.1953125,953.9094848632812
28.2109375,953.87060546875
28.2265625,953.8876342773438
28.2421875,953.8859252929688
28.2578125,953.88623046875
28.2734375,953.89599609375
28.2890625,953.887939453125
28.3046875,953.868408203125
28.3203125,953.8800659179688
28.3359375,953.8908081054688
28.3515625,953.8790893554688
28.3671875,953.880126953125
28.3828125,953.8761596679688
28.3984375,953.8826904296875
28.4140625,953.8898315429688
28.4296875,953.8790283203125
28.4453125,953.8821411132812
28.4609375,953.861083984375
28.4765625,953.8743286132812
28.4921875,953.8553466796875
28.5078125,953.8768310546875
28.5234375,953.8834838867188
28.5390625,953.8792724609375
28.5546875,953.8782348632812
28.5703125,953.8756103515625
28.5859375,953.8753051757812
28.6015625,953.8652954101562
28.6171875,953.8735961914062
28.6328125,953.864013671875
28.6484375,953.8712158203125
28.6640625,953.852783203125
28.6796875,953.8468627929688
28.6953125,953.86279296875
28.7109375,953.8566284179688
28.7265625,953.8615112304688
28.7421875,953.860107421875
28.7578125,953.8630981445312
28.7734375,953.8468627929688
28.7890625,953.8628540039062
28.8046875,953.8660888671875
28.8203125,953.8480224609375
28.8359375,953.8575439453125
28.8515625,953.8731689453125
28.8671875,953.8641967773438
28.8828125,953.8583984375
28.8984375,953.85302734375
28.9140625,953.8527221679688
28.9296875,953.8514404296875
28.9453125,953.8565673828125
28.9609375,953.8627319335938
28.9765625,953.8698120117188
28.9921875,953.8538818359375
29.0078125,953.8583984375
29.0234375,953.854736328125
29.0390625,953.8543701171875
29.0546875,953.8482055664062
29.0703125,953.8505859375
29.0859375,953.8512573242188
29.1015625,953.8439331054688
29.1171875,953.8594970703125
29.1328125,953.8540649414062
29.1484375,953.8427124023438
29.1640625,953.8533325195312
29.1796875,953.845458984375
29.1953125,953.853515625
29.2109375,953.8517456054688
29.2265625,953.8302612304688
29.2421875,953.8411254882812
29.2578125,953.8501586914062
29.2734375,953.84912109375
29.2890625,953.8421020507812
29.3046875,953.8441772460938
29.3203125,953.8517456054688
29.3359375,953.8434448242188
29.3515625,953.839111328125
29.3671875,953.8286743164062
29.3828125,953.8402099609375
29.3984375,953.8341064453125
29.4140625,953.8441772460938
29.4296875,953.8173828125
29.4453125,953.8379516601562
29.4609375,953.8377075195312
29.4765625,953.8396606445312
29.4921875,953.8359985351562
29.5078125,953.8439331054688
29.5234375,953.8321533203125
29.5390625,953.8513793945312
29.5546875,953.835205078125
29.5703125,953.8076171875
29.5859375,953.8356323242188
29.6015625,953.8004760742188
29.6171875,953.8145751953125
29.6328125,953.8053588867188
29.6484375,953.83203125
29.6640625,953.811279296875
29.6796875,953.8110961914062
29.6953125,953.8355102539062
29.7109375,953.805419921875
29.7265625,953.8262329101562
29.7421875,953.8145751953125
29.7578125,953.8274536132812
29.7734375,953.7777709960938
29.7890625,953.8203735351562
29.8046875,953.8413696289062
29.8203125,953.8256225585938
29.8359375,953.8370361328125
29.8515625,953.8268432617188
29.8671875,953.8451538085938
29.8828125,953.8045043945312
29.8984375,953.8322143554688
29.9140625,953.8239135742188
29.9296875,953.8168334960938
29.9453125,953.8196411132812
29.9609375,953.8603515625
29.9765625,953.8423461914062
29.9921875,953.8795166015625
30.0078125,953.8831176757812
30.0234375,953.8428955078125
30.0390625,953.8480834960938
30.0546875,953.8826293945312
30.0703125,953.8439331054688
30.0859375,953.864013671875
30.1015625,953.8941040039062
30.1171875,953.8466186523438
30.1328125,953.8740234375
30.1484375,953.9002075195312
30.1640625,953.8881225585938
30.1796875,953.8800048828125
30.1953125,953.8677368164062
30.2109375,953.8424072265625
30.2265625,953.8001098632812
30.2421875,953.8845825195312
30.2578125,953.8309936523438
30.2734375,953.8709716796875
30.2890625,953.8490600585938
30.3046875,953.864990234375
30.3203125,953.864501953125
30.3359375,953.856689453125
30.3515625,953.85107421875
30.3671875,953.8690185546875
30.3828125,953.864990234375
30.3984375,953.8797607421875
30.4140625,953.8873291015625
30.4296875,953.852783203125
30.4453125,953.8338012695312
30.4609375,953.8712158203125
30.4765625,953.8700561523438
30.4921875,953.8737182617188
30.5078125,953.8670043945312
30.5234375,953.8707885742188
30.5390625,953.8782348632812
30.5546875,953.8750610351562
30.5703125,953.8865966796875
30.5859375,953.8490600585938
30.6015625,953.8751220703125
30.6171875,953.827880859375
30.6328125,953.8745727539062
30.6484375,953.857177734375
30.6640625,953.8419189453125
30.6796875,953.8806762695312
30.6953125,953.8809204101562
30.7109375,953.862060546875
30.7265625,953.8989868164062
30.7421875,953.8619384765625
30.7578125,953.9028930664062
30.7734375,953.888671875
30.7890625,953.8571166992188
30.8046875,953.8696899414062
30.8203125,953.8689575195312
30.8359375,953.858642578125
30.8515625,953.8867797851562
30.8671875,953.8803100585938
30.8828125,953.864013671875
30.8984375,953.860595703125
30.9140625,953.8780517578125
30.9296875,953.8887329101562
30.9453125,953.8698120117188
30.9609375,953.8419799804688
30.9765625,953.8442993164062
30.9921875,953.8754272460938
31.0078125,953.87109375
31.0234375,953.8890380859375
31.0390625,953.848876953125
31.0546875,953.8682861328125
31.0703125,953.8810424804688
31.0859375,953.8758544921875
31.1015625,953.8932495117188
31.1171875,953.8740234375
31.1328125,953.87646484375
31.1484375,953.8934326171875
31.1640625,953.8924560546875
31.1796875,953.8786010742188
