# Time (seconds),f0
0.0078125,953.3110961914062
0.0234375,953.301513671875
0.0390625,953.3109130859375
0.0546875,953.3267822265625
0.0703125,953.3116455078125
0.0859375,953.3279418945312
0.1015625,953.3043823242188
0.1171875,953.3114624023438
0.1328125,953.305419921875
0.1484375,953.311279296875
0.1640625,953.315673828125
0.1796875,953.3068237304688
0.1953125,953.3067016601562
0.2109375,953.3289794921875
0.2265625,953.3157348632812
0.2421875,953.32177734375
0.2578125,953.305419921875
0.2734375,953.3106689453125
0.2890625,953.3051147460938
0.3046875,953.30224609375
0.3203125,953.3056640625
0.3359375,953.3050537109375
0.3515625,953.3110961914062
0.3671875,953.3037109375
0.3828125,953.3080444335938
0.3984375,953.3111572265625
0.4140625,953.3129272460938
0.4296875,953.3075561523438
0.4453125,953.3111572265625
0.4609375,953.3056640625
0.4765625,953.3158569335938
0.4921875,953.3079223632812
0.5078125,953.30859375
0.5234375,953.313232421875
0.5390625,953.3145751953125
0.5546875,953.317138671875
0.5703125,953.3112182617188
0.5859375,953.311279296875
0.6015625,953.3074951171875
0.6171875,953.318115234375
0.6328125,953.2992553710938
0.6484375,953.320068359375
0.6640625,953.2931518554688
0.6796875,953.305908203125
0.6953125,953.3064575195312
0.7109375,953.3053588867188
0.7265625,953.3102416992188
0.7421875,953.309814453125
0.7578125,953.3116455078125
0.7734375,953.3071899414062
0.7890625,953.3106079101562
0.8046875,953.2921752929688
0.8203125,953.3009033203125
0.8359375,953.3120727539062
0.8515625,953.312255859375
0.8671875,953.3045043945312
0.8828125,953.3270263671875
0.8984375,953.32373046875
0.9140625,953.3047485351562
0.9296875,953.3156127929688
0.9453125,953.2991333007812
0.9609375,953.3167724609375
0.9765625,953.3048706054688
0.9921875,953.353271484375
1.0078125,953.3606567382812
1.0234375,953.384765625
1.0390625,953.4012451171875
1.0546875,953.3792114257812
1.0703125,953.3948364257812
1.0859375,953.372314453125
1.1015625,953.3709716796875
1.1171875,953.3932495117188
1.1328125,953.4144897460938
1.1484375,953.368896484375
1.1640625,953.4239501953125
1.1796875,953.4260864257812
1.1953125,953.4006958007812
1.2109375,953.4163818359375
1.2265625,953.443359375
1.2421875,953.4393310546875
1.2578125,953.4094848632812
1.2734375,953.3544311523438
1.2890625,953.3970947265625
1.3046875,953.4389038085938
1.3203125,953.3873291015625
1.3359375,953.4389038085938
1.3515625,953.3998413085938
1.3671875,953.440185546875
1.3828125,953.4174194335938
1.3984375,953.4108276367188
1.4140625,953.4284057617188
1.4296875,953.4395141601562
1.4453125,953.474365234375
1.4609375,953.3908081054688
1.4765625,953.4353637695312
1.4921875,953.4405517578125
1.5078125,953.4571533203125
1.5234375,953.4133911132812
1.5390625,953.4818725585938
1.5546875,953.4447631835938
1.5703125,953.373046875
1.5859375,953.3954467773438
1.6015625,953.3995971679688
1.6171875,953.4725341796875
1.6328125,953.4122924804688
1.6484375,953.437255859375
1.6640625,953.423583984375
1.6796875,953.3943481445312
1.6953125,953.4152221679688
1.7109375,953.4397583007812
1.7265625,953.4405517578125
1.7421875,953.4650268554688
1.7578125,953.447265625
1.7734375,953.457763671875
1.7890625,953.5304565429688
1.8046875,953.456298828125
1.8203125,953.4075317382812
1.8359375,953.458984375
1.8515625,953.4567260742188
1.8671875,953.4071044921875
1.8828125,953.4256591796875
1.8984375,953.4540405273438
1.9140625,953.4169921875
1.9296875,953.4457397460938
1.9453125,953.3932495117188
1.9609375,953.3850708007812
1.9765625,953.4210815429688
1.9921875,953.38671875
2.0078125,953.3873291015625
2.0234375,953.400146484375
2.0390625,953.3860473632812
2.0546875,953.385986328125
2.0703125,953.3784790039062
2.0859375,953.3715209960938
2.1015625,953.3656005859375
2.1171875,953.3770751953125
2.1328125,953.360595703125
2.1484375,953.3656005859375
2.1640625,953.3612060546875
2.1796875,953.3650512695312
2.1953125,953.3627319335938
2.2109375,953.3697509765625
2.2265625,953.3568725585938
2.2421875,953.357421875
2.2578125,953.3501586914062
2.2734375,953.3488159179688
2.2890625,953.362548828125
2.3046875,953.3427124023438
2.3203125,953.3508911132812
2.3359375,953.3544311523438
2.3515625,953.3604736328125
2.3671875,953.3419189453125
2.3828125,953.345458984375
2.3984375,953.3519287109375
2.4140625,953.3504638671875
2.4296875,953.3579711914062
2.4453125,953.3441162109375
2.4609375,953.3462524414062
2.4765625,953.3599243164062
2.4921875,953.3405151367188
2.5078125,953.3408203125
2.5234375,953.3322143554688
2.5390625,953.346435546875
2.5546875,953.3340454101562
2.5703125,953.3557739257812
2.5859375,953.3543701171875
2.6015625,953.3388061523438
2.6171875,953.3243408203125
2.6328125,953.3505249023438
2.6484375,953.3427124023438
2.6640625,953.3403930664062
2.6796875,953.3428955078125
2.6953125,953.3543701171875
2.7109375,953.3475341796875
2.7265625,953.3363037109375
2.7421875,953.33349609375
2.7578125,953.3350830078125
2.7734375,953.3388671875
2.7890625,953.3370971679688
2.8046875,953.3422241210938
2.8203125,953.349365234375
2.8359375,953.3306274414062
2.8515625,953.3326416015625
2.8671875,953.341064453125
2.8828125,953.3475341796875
2.8984375,953.3452758789062
2.9140625,953.3313598632812
2.9296875,953.3306274414062
2.9453125,953.3424072265625
2.9609375,953.3403930664062
2.9765625,953.3236694335938
2.9921875,953.3262939453125
3.0078125,953.336669921875
3.0234375,953.3442993164062
3.0390625,953.3212280273438
3.0546875,953.3226318359375
3.0703125,953.3399047851562
3.0859375,953.3809204101562
3.1015625,953.4020385742188
3.1171875,953.3800659179688
3.1328125,953.3890991210938
3.1484375,953.3457641601562
3.1640625,953.419189453125
3.1796875,953.3878784179688
3.1953125,953.4348754882812
3.2109375,953.3959350585938
3.2265625,953.4036254882812
3.2421875,953.47412109375
3.2578125,953.3875732421875
3.2734375,953.4515380859375
3.2890625,953.4586791992188
3.3046875,953.4144287109375
3.3203125,953.4236450195312
3.3359375,953.408203125
3.3515625,953.4324951171875
3.3671875,953.42724609375
3.3828125,953.4202880859375
3.3984375,953.444580078125
3.4140625,953.396240234375
3.4296875,953.4049072265625
3.4453125,953.4183349609375
3.4609375,953.4210205078125
3.4765625,953.3905029296875
3.4921875,953.411865234375
3.5078125,953.46044921875
3.5234375,953.415771484375
3.5390625,953.4705200195312
3.5546875,953.4360961914062
3.5703125,953.4576416015625
3.5859375,953.4368286132812
3.6015625,953.4208374023438
3.6171875,953.4392700195312
3.6328125,953.4641723632812
3.6484375,953.43701171875
3.6640625,953.4546508789062
3.6796875,953.4381713867188
3.6953125,953.427490234375
3.7109375,953.4158935546875
3.7265625,953.4380493164062
3.7421875,953.4673461914062
3.7578125,953.4320678710938
3.7734375,953.435302734375
3.7890625,953.4356689453125
3.8046875,953.437255859375
3.8203125,953.4579467773438
3.8359375,953.4383544921875
3.8515625,953.4453125
3.8671875,953.4273071289062
3.8828125,953.4354248046875
3.8984375,953.4303588867188
3.9140625,953.4058227539062
3.9296875,953.408935546875
3.9453125,953.3938598632812
3.9609375,953.3906860351562
3.9765625,953.3865356445312
3.9921875,953.38623046875
4.0078125,953.3961791992188
4.0234375,953.3717041015625
4.0390625,953.3797607421875
4.0546875,953.3720092773438
4.0703125,953.3770141601562
4.0859375,953.3714599609375
4.1015625,953.36083984375
4.1171875,953.3541870117188
4.1328125,953.3668823242188
4.1484375,953.3592529296875
4.1640625,953.3583984375
4.1796875,953.3670654296875
4.1953125,953.3538208007812
4.2109375,953.3713989257812
4.2265625,953.3712768554688
4.2421875,953.352783203125
4.2578125,953.3746948242188
4.2734375,953.3391723632812
4.2890625,953.3622436523438
4.3046875,953.3624267578125
4.3203125,953.3433227539062
4.3359375,953.3577270507812
4.3515625,953.3540649414062
4.3671875,953.3491821289062
4.3828125,953.3690185546875
4.3984375,953.3483276367188
4.4140625,953.3515625
4.4296875,953.3478393554688
4.4453125,953.3460083007812
4.4609375,953.3524169921875
4.4765625,953.3585205078125
4.4921875,953.3535766601562
4.5078125,953.3403930664062
4.5234375,953.3556518554688
4.5390625,953.3416748046875
4.5546875,953.3399047851562
4.5703125,953.3449096679688
4.5859375,953.3289794921875
4.6015625,953.3569946289062
4.6171875,953.3416748046875
4.6328125,953.3299560546875
4.6484375,953.340576171875
4.6640625,953.3302001953125
4.6796875,953.3447265625
4.6953125,953.3546142578125
4.7109375,953.3264770507812
4.7265625,953.35107421875
4.7421875,953.3419189453125
4.7578125,953.3423461914062
4.7734375,953.3411254882812
4.7890625,953.32568359375
4.8046875,953.3413696289062
4.8203125,953.354248046875
4.8359375,953.3427734375
4.8515625,953.3377685546875
4.8671875,953.3512573242188
4.8828125,953.33349609375
4.8984375,953.3563842773438
4.9140625,953.3441772460938
4.9296875,953.3294067382812
4.9453125,953.3803100585938
4.9609375,953.3643798828125
4.9765625,953.3818359375
4.9921875,953.4072265625
5.0078125,953.390380859375
5.0234375,953.401611328125
5.0390625,953.3890991210938
5.0546875,953.4066162109375
5.0703125,953.4323120117188
5.0859375,953.4058227539062
5.1015625,953.4320678710938
5.1171875,953.421630859375
5.1328125,953.3858642578125
5.1484375,953.4810791015625
5.1640625,953.4590454101562
5.1796875,953.459716796875
5.1953125,953.4133911132812
5.2109375,953.4581909179688
5.2265625,953.4772338867188
5.2421875,953.3950805664062
5.2578125,953.4191284179688
5.2734375,953.4692993164062
5.2890625,953.4072265625
5.3046875,953.3988037109375
5.3203125,953.4632568359375
5.3359375,953.4423217773438
5.3515625,953.4620361328125
5.3671875,953.4494018554688
5.3828125,953.4217529296875
5.3984375,953.4046020507812
5.4140625,953.4503173828125
5.4296875,953.4470825195312
5.4453125,953.4439086914062
5.4609375,953.3881225585938
5.4765625,953.3993530273438
5.4921875,953.4171142578125
5.5078125,953.4661254882812
5.5234375,953.4197998046875
5.5390625,953.4342041015625
5.5546875,953.4549560546875
5.5703125,953.4007568359375
5.5859375,953.4623413085938
5.6015625,953.4049072265625
5.6171875,953.4476928710938
5.6328125,953.4347534179688
5.6484375,953.45703125
5.6640625,953.4356689453125
5.6796875,953.4036254882812
5.6953125,953.4462280273438
5.7109375,953.3973388671875
5.7265625,953.3947143554688
5.7421875,953.4454956054688
5.7578125,953.3966674804688
5.7734375,953.3823852539062
5.7890625,953.3919067382812
5.8046875,953.3881225585938
5.8203125,953.388671875
5.8359375,953.3872680664062
5.8515625,953.38818359375
5.8671875,953.3779296875
5.8828125,953.3778686523438
5.8984375,953.3787841796875
5.9140625,953.3889770507812
5.9296875,953.3684692382812
5.9453125,953.3524169921875
5.9609375,953.3683471679688
5.9765625,953.3487548828125
5.9921875,953.3497924804688
6.0078125,953.3662109375
6.0234375,953.3618774414062
6.0390625,953.3667602539062
6.0546875,953.3626098632812
6.0703125,953.350830078125
6.0859375,953.34765625
6.1015625,953.356689453125
6.1171875,953.3630981445312
6.1328125,953.3501586914062
6.1484375,953.3614501953125
6.1640625,953.3514404296875
6.1796875,953.3499755859375
6.1953125,953.3385620117188
6.2109375,953.3466796875
6.2265625,953.3518676757812
6.2421875,953.3413696289062
6.2578125,953.3556518554688
6.2734375,953.359375
6.2890625,953.3441162109375
6.3046875,953.339111328125
6.3203125,953.3394165039062
6.3359375,953.35498046875
6.3515625,953.3438110351562
6.3671875,953.3341064453125
6.3828125,953.3381958007812
6.3984375,953.3382568359375
6.4140625,953.3441162109375
6.4296875,953.3483276367188
6.4453125,953.3349609375
6.4609375,953.3511352539062
6.4765625,953.3529663085938
6.4921875,953.360107421875
6.5078125,953.3490600585938
6.5234375,953.3267211914062
6.5390625,953.3353881835938
6.5546875,953.3334350585938
6.5703125,953.3381958007812
6.5859375,953.336669921875
6.6015625,953.3262329101562
6.6171875,953.3372192382812
6.6328125,953.3410034179688
6.6484375,953.3381958007812
6.6640625,953.3406982421875
6.6796875,953.33984375
6.6953125,953.3441772460938
6.7109375,953.335205078125
6.7265625,953.3499755859375
6.7421875,953.3306274414062
6.7578125,953.3541259765625
6.7734375,953.3400268554688
6.7890625,953.337890625
6.8046875,953.3388671875
6.8203125,953.3380126953125
6.8359375,953.3296508789062
6.8515625,953.3307495117188
6.8671875,953.339111328125
6.8828125,953.3306274414062
6.8984375,953.338623046875
6.9140625,953.335693359375
6.9296875,953.330078125
6.9453125,953.343505859375
6.9609375,953.330810546875
6.9765625,953.338623046875
6.9921875,953.3643798828125
7.0078125,953.34716796875
7.0234375,953.34716796875
7.0390625,953.3911743164062
7.0546875,953.4295654296875
7.0703125,953.3734130859375
7.0859375,953.4367065429688
7.1015625,953.449951171875
7.1171875,953.448974609375
7.1328125,953.4575805664062
7.1484375,953.4500732421875
7.1640625,953.4620971679688
7.1796875,953.4127807617188
7.1953125,953.40234375
7.2109375,953.5147705078125
7.2265625,953.42333984375
7.2421875,953.4661254882812
7.2578125,953.5003051757812
7.2734375,953.4778442382812
7.2890625,953.473388671875
7.3046875,953.446533203125
7.3203125,953.4672241210938
7.3359375,953.4302368164062
7.3515625,953.4274291992188
7.3671875,953.4090576171875
7.3828125,953.4396362304688
7.3984375,953.4529418945312
7.4140625,953.3951416015625
7.4296875,953.4194946289062
7.4453125,953.4364013671875
7.4609375,953.443115234375
7.4765625,953.485595703125
7.4921875,953.4442749023438
7.5078125,953.450927734375
7.5234375,953.4451904296875
7.5390625,953.3872680664062
7.5546875,953.4124145507812
7.5703125,953.4342041015625
7.5859375,953.4451293945312
7.6015625,953.4423217773438
7.6171875,953.4048461914062
7.6328125,953.397216796875
7.6484375,953.424560546875
7.6640625,953.385498046875
7.6796875,953.3737182617188
7.6953125,953.3911743164062
7.7109375,953.395751953125
7.7265625,953.390625
7.7421875,953.3872680664062
7.7578125,953.4125366210938
7.7734375,953.3931274414062
7.7890625,953.4010009765625
7.8046875,953.4041137695312
7.8203125,953.439208984375
7.8359375,953.4105224609375
7.8515625,953.3817138671875
7.8671875,953.3908081054688
7.8828125,953.3812866210938
7.8984375,953.3831787109375
7.9140625,953.3697509765625
7.9296875,953.3768310546875
7.9453125,953.38427734375
7.9609375,953.3714599609375
7.9765625,953.3638916015625
7.9921875,953.3748779296875
8.0078125,953.3759765625
8.0234375,953.3663330078125
8.0390625,953.3732299804688
8.0546875,953.3643798828125
8.0703125,953.364990234375
8.0859375,953.3633422851562
8.1015625,953.3600463867188
8.1171875,953.3663330078125
8.1328125,953.3567504882812
8.1484375,953.3566284179688
8.1640625,953.3748779296875
8.1796875,953.3614501953125
8.1953125,953.3668823242188
8.2109375,953.3663330078125
8.2265625,953.3726196289062
8.2421875,953.3680419921875
8.2578125,953.363037109375
8.2734375,953.3782348632812
8.2890625,953.3638916015625
8.3046875,953.3668823242188
8.3203125,953.3650512695312
8.3359375,953.3602905273438
8.3515625,953.3756713867188
8.3671875,953.3666381835938
8.3828125,953.3634643554688
8.3984375,953.3756713867188
8.4140625,953.3580322265625
8.4296875,953.3673706054688
8.4453125,953.3626098632812
8.4609375,953.3612060546875
8.4765625,953.3546142578125
8.4921875,953.3466796875
8.5078125,953.3628540039062
8.5234375,953.3566284179688
8.5390625,953.3546142578125
8.5546875,953.3448486328125
8.5703125,953.3567504882812
8.5859375,953.3447265625
8.6015625,953.3505249023438
8.6171875,953.3524780273438
8.6328125,953.3447265625
8.6484375,953.3430786132812
8.6640625,953.3571166992188
8.6796875,953.3482055664062
8.6953125,953.3345947265625
8.7109375,953.3397216796875
8.7265625,953.3374633789062
8.7421875,953.3624267578125
8.7578125,953.3610229492188
8.7734375,953.3453979492188
8.7890625,953.3692626953125
8.8046875,953.3442993164062
8.8203125,953.348388671875
8.8359375,953.3695678710938
8.8515625,953.3567504882812
8.8671875,953.339599609375
8.8828125,953.3567504882812
8.8984375,953.3345947265625
8.9140625,953.3568725585938
8.9296875,953.35693359375
8.9453125,953.3561401367188
8.9609375,953.352294921875
8.9765625,953.3643798828125
8.9921875,953.3844604492188
9.0078125,953.415283203125
9.0234375,953.4219360351562
9.0390625,953.3937377929688
9.0546875,953.4099731445312
9.0703125,953.4090576171875
9.0859375,953.433349609375
9.1015625,953.4017944335938
9.1171875,953.3740234375
9.1328125,953.4651489257812
9.1484375,953.4216918945312
9.1640625,953.4683227539062
9.1796875,953.4561767578125
9.1953125,953.4830932617188
9.2109375,953.489990234375
9.2265625,953.488037109375
9.2421875,953.4653930664062
9.2578125,953.4657592773438
9.2734375,953.4354248046875
9.2890625,953.453125
9.3046875,953.4319458007812
9.3203125,953.447998046875
9.3359375,953.4253540039062
9.3515625,953.4474487304688
9.3671875,953.4252319335938
9.3828125,953.4739379882812
9.3984375,953.4241943359375
9.4140625,953.410888671875
9.4296875,953.4464721679688
9.4453125,953.4183959960938
9.4609375,953.4498901367188
9.4765625,953.4285888671875
9.4921875,953.4052124023438
9.5078125,953.4288330078125
9.5234375,953.43115234375
9.5390625,953.43359375
9.5546875,953.3950805664062
9.5703125,953.4362182617188
9.5859375,953.4395141601562
9.6015625,953.4078979492188
9.6171875,953.4454345703125
9.6328125,953.4260864257812
9.6484375,953.4258422851562
9.6640625,953.3970947265625
9.6796875,953.4108276367188
9.6953125,953.3882446289062
9.7109375,953.4327392578125
9.7265625,953.382080078125
9.7421875,953.4019165039062
9.7578125,953.3853759765625
9.7734375,953.3970336914062
9.7890625,953.3789672851562
9.8046875,953.4029541015625
9.8203125,953.4188232421875
9.8359375,953.3882446289062
9.8515625,953.3973999023438
9.8671875,953.3885498046875
9.8828125,953.3915405273438
9.8984375,953.3983154296875
9.9140625,953.40185546875
9.9296875,953.3892822265625
9.9453125,953.3909301757812
9.9609375,953.3834838867188
9.9765625,953.3941040039062
9.9921875,953.3845825195312
10.0078125,953.374755859375
10.0234375,953.401123046875
10.0390625,953.3890380859375
10.0546875,953.38232421875
10.0703125,953.3812255859375
10.0859375,953.3756103515625
10.1015625,953.375
10.1171875,953.3529663085938
10.1328125,953.3646850585938
10.1484375,953.38037109375
10.1640625,953.3751220703125
10.1796875,953.3680419921875
10.1953125,953.36865234375
10.2109375,953.3890991210938
10.2265625,953.373779296875
10.2421875,953.369873046875
10.2578125,953.3558959960938
10.2734375,953.3643798828125
10.2890625,953.3722534179688
10.3046875,953.3756713867188
10.3203125,953.3697509765625
10.3359375,953.354736328125
10.3515625,953.3675537109375
10.3671875,953.3650512695312
10.3828125,953.3580322265625
10.3984375,953.3636474609375
10.4140625,953.3555908203125
10.4296875,953.36083984375
10.4453125,953.3656616210938
10.4609375,953.3616333007812
10.4765625,953.3610229492188
10.4921875,953.3768310546875
10.5078125,953.3517456054688
10.5234375,953.3604736328125
10.5390625,953.3616333007812
10.5546875,953.3529663085938
10.5703125,953.3580322265625
10.5859375,953.3598022460938
10.6015625,953.3644409179688
10.6171875,953.3634033203125
10.6328125,953.356689453125
10.6484375,953.3547973632812
10.6640625,953.3565673828125
10.6796875,953.357177734375
10.6953125,953.3697509765625
10.7109375,953.3575439453125
10.7265625,953.3634643554688
10.7421875,953.345458984375
10.7578125,953.3713989257812
10.7734375,953.3403930664062
10.7890625,953.3489379882812
10.8046875,953.3585815429688
10.8203125,953.3585815429688
10.8359375,953.3466186523438
10.8515625,953.3583984375
10.8671875,953.344970703125
10.8828125,953.3489379882812
10.8984375,953.3639526367188
10.9140625,953.3723754882812
10.9296875,953.3546752929688
10.9453125,953.3477783203125
10.9609375,953.359130859375
10.9765625,953.3493041992188
10.9921875,953.3479614257812
11.0078125,953.3565673828125
11.0234375,953.3388671875
11.0390625,953.354736328125
11.0546875,953.3621826171875
11.0703125,953.3818359375
11.0859375,953.4227294921875
11.1015625,953.4221801757812
11.1171875,953.4322509765625
11.1328125,953.4283447265625
11.1484375,953.4749755859375
11.1640625,953.4671630859375
11.1796875,953.5034790039062
11.1953125,953.5347290039062
11.2109375,953.4378662109375
11.2265625,953.565185546875
11.2421875,953.4556274414062
11.2578125,953.4647216796875
11.2734375,953.48046875
11.2890625,953.4732055664062
11.3046875,953.53466796875
11.3203125,953.4308471679688
11.3359375,953.4528198242188
11.3515625,953.509765625
11.3671875,953.5548095703125
11.3828125,953.4581298828125
11.3984375,953.48583984375
11.4140625,953.5842895507812
11.4296875,953.5040893554688
11.4453125,953.4718627929688
11.4609375,953.4819946289062
11.4765625,953.4774780273438
11.4921875,953.4794311523438
11.5078125,953.4315185546875
11.5234375,953.455810546875
11.5390625,953.4601440429688
11.5546875,953.4685668945312
11.5703125,953.4894409179688
11.5859375,953.4376220703125
11.6015625,953.4375
11.6171875,953.4562377929688
11.6328125,953.4673461914062
11.6484375,953.4512329101562
11.6640625,953.4482421875
11.6796875,953.44482421875
11.6953125,953.44482421875
11.7109375,953.4732055664062
11.7265625,953.4324951171875
11.7421875,953.4849243164062
11.7578125,953.4302368164062
11.7734375,953.4605102539062
11.7890625,953.4515380859375
11.8046875,953.4216918945312
11.8203125,953.4262084960938
11.8359375,953.4526977539062
11.8515625,953.4273071289062
11.8671875,953.4302368164062
11.8828125,953.4237060546875
11.8984375,953.4093627929688
11.9140625,953.4212036132812
11.9296875,953.438232421875
11.9453125,953.399169921875
11.9609375,953.4133911132812
11.9765625,953.4002075195312
11.9921875,953.3963623046875
12.0078125,953.3836669921875
12.0234375,953.3995361328125
12.0390625,953.3865966796875
12.0546875,953.3970336914062
12.0703125,953.3842163085938
12.0859375,953.3853759765625
12.1015625,953.3797607421875
12.1171875,953.391357421875
12.1328125,953.3831176757812
12.1484375,953.3955078125
12.1640625,953.3768310546875
12.1796875,953.3900756835938
12.1953125,953.3944091796875
12.2109375,953.3955078125
12.2265625,953.3895874023438
12.2421875,953.3734741210938
12.2578125,953.3678588867188
12.2734375,953.3794555664062
12.2890625,953.3787841796875
12.3046875,953.3665161132812
12.3203125,953.3828735351562
12.3359375,953.3750610351562
12.3515625,953.3677368164062
12.3671875,953.3519897460938
12.3828125,953.3814697265625
12.3984375,953.3668823242188
12.4140625,953.3871459960938
12.4296875,953.3681640625
12.4453125,953.3626098632812
12.4609375,953.3684692382812
12.4765625,953.3677978515625
12.4921875,953.3792114257812
12.5078125,953.3740234375
12.5234375,953.374267578125
12.5390625,953.3614501953125
12.5546875,953.3516235351562
12.5703125,953.3743286132812
12.5859375,953.3728637695312
12.6015625,953.360595703125
12.6171875,953.3416748046875
12.6328125,953.3451538085938
12.6484375,953.3603515625
12.6640625,953.3614501953125
12.6796875,953.3741455078125
12.6953125,953.3638916015625
12.7109375,953.3469848632812
12.7265625,953.3592529296875
12.7421875,953.3606567382812
12.7578125,953.3674926757812
12.7734375,953.3508911132812
12.7890625,953.3427124023438
12.8046875,953.3604736328125
12.8203125,953.3441162109375
12.8359375,953.3681640625
12.8515625,953.3739624023438
12.8671875,953.3660888671875
12.8828125,953.3473510742188
12.8984375,953.3702392578125
12.9140625,953.3742065429688
12.9296875,953.3631591796875
12.9453125,953.3711547851562
12.9609375,953.3709716796875
12.9765625,953.384521484375
12.9921875,953.398193359375
13.0078125,953.4261474609375
13.0234375,953.4375
13.0390625,953.4780883789062
13.0546875,953.5287475585938
13.0703125,953.4909057617188
13.0859375,953.5235595703125
13.1015625,953.4454956054688
13.1171875,953.6189575195312
13.1328125,953.537841796875
13.1484375,953.5325317382812
13.1640625,953.5030517578125
13.1796875,953.5062255859375
13.1953125,953.4974975585938
13.2109375,953.5064697265625
13.2265625,953.524658203125
13.2421875,953.51513671875
13.2578125,953.4747314453125
13.2734375,953.4842529296875
13.2890625,953.4694213867188
13.3046875,953.4959716796875
13.3203125,953.5286254882812
13.3359375,953.5340576171875
13.3515625,953.4991455078125
13.3671875,953.5178833007812
13.3828125,953.475341796875
13.3984375,953.5201416015625
13.4140625,953.4390258789062
13.4296875,953.5078735351562
13.4453125,953.5000610351562
13.4609375,953.4608154296875
13.4765625,953.467529296875
13.4921875,953.4874877929688
13.5078125,953.5111694335938
13.5234375,953.4330444335938
13.5390625,953.4821166992188
13.5546875,953.4855346679688
13.5703125,953.4896850585938
13.5859375,953.4586791992188
13.6015625,953.4918823242188
13.6171875,953.4844360351562
13.6328125,953.4807739257812
13.6484375,953.4647216796875
13.6640625,953.4323120117188
13.6796875,953.46484375
13.6953125,953.4456176757812
13.7109375,953.4401245117188
13.7265625,953.45458984375
13.7421875,953.4459838867188
13.7578125,953.4618530273438
13.7734375,953.4588623046875
13.7890625,953.4768676757812
13.8046875,953.4490966796875
13.8203125,953.452880859375
13.8359375,953.4407348632812
13.8515625,953.4635009765625
13.8671875,953.4497680664062
13.8828125,953.4166870117188
13.8984375,953.411865234375
13.9140625,953.4059448242188
13.9296875,953.4317016601562
13.9453125,953.4140625
13.9609375,953.4002685546875
13.9765625,953.404052734375
13.9921875,953.3956298828125
14.0078125,953.3976440429688
14.0234375,953.3850708007812
14.0390625,953.3880004882812
14.0546875,953.387939453125
14.0703125,953.3878173828125
14.0859375,953.3798828125
14.1015625,953.3923950195312
14.1171875,953.3950805664062
14.1328125,953.3836669921875
14.1484375,953.37451171875
14.1640625,953.3685913085938
14.1796875,953.3690185546875
14.1953125,953.3822631835938
14.2109375,953.3685913085938
14.2265625,953.3839721679688
14.2421875,953.3717651367188
14.2578125,953.3720703125
14.2734375,953.3711547851562
14.2890625,953.3649291992188
14.3046875,953.3714599609375
14.3203125,953.3561401367188
14.3359375,953.3650512695312
14.3515625,953.364990234375
14.3671875,953.3626098632812
14.3828125,953.3857421875
14.3984375,953.3729248046875
14.4140625,953.3699951171875
14.4296875,953.3702392578125
14.4453125,953.3577270507812
14.4609375,953.3605346679688
14.4765625,953.3683471679688
14.4921875,953.3699951171875
14.5078125,953.3829345703125
14.5234375,953.3638305664062
14.5390625,953.3583374023438
14.5546875,953.348388671875
14.5703125,953.3486328125
14.5859375,953.3516235351562
14.6015625,953.359375
14.6171875,953.3430786132812
14.6328125,953.3568725585938
14.6484375,953.3512573242188
14.6640625,953.3776245117188
14.6796875,953.3578491210938
14.6953125,953.370361328125
14.7109375,953.3521728515625
14.7265625,953.3582763671875
14.7421875,953.3657836914062
14.7578125,953.3544921875
14.7734375,953.3571166992188
14.7890625,953.3582763671875
14.8046875,953.365234375
14.8203125,953.354248046875
14.8359375,953.3650512695312
14.8515625,953.3564453125
14.8671875,953.3488159179688
14.8828125,953.3460693359375
14.8984375,953.3444213867188
14.9140625,953.35693359375
14.9296875,953.3447265625
14.9453125,953.3662109375
14.9609375,953.343505859375
14.9765625,953.3544311523438
14.9921875,953.3541259765625
15.0078125,953.3597412109375
15.0234375,953.3518676757812
15.0390625,953.3505249023438
15.0546875,953.4259033203125
15.0703125,953.3897705078125
15.0859375,953.405029296875
15.1015625,953.4357299804688
15.1171875,953.4585571289062
15.1328125,953.4342041015625
15.1484375,953.427490234375
15.1640625,953.4595947265625
15.1796875,953.469970703125
15.1953125,953.4227294921875
15.2109375,953.493896484375
15.2265625,953.4262084960938
15.2421875,953.4315185546875
15.2578125,953.4494018554688
15.2734375,953.482177734375
15.2890625,953.4732666015625
15.3046875,953.4398803710938
15.3203125,953.4513549804688
15.3359375,953.435546875
15.3515625,953.4620361328125
15.3671875,953.46435546875
15.3828125,953.4637451171875
15.3984375,953.4495849609375
15.4140625,953.4535522460938
15.4296875,953.4821166992188
15.4453125,953.4963989257812
15.4609375,953.4617919921875
15.4765625,953.431640625
15.4921875,953.4746704101562
15.5078125,953.4640502929688
15.5234375,953.4360961914062
15.5390625,953.5100708007812
15.5546875,953.46435546875
15.5703125,953.4821166992188
15.5859375,953.460205078125
15.6015625,953.4785766601562
15.6171875,953.4799194335938
15.6328125,953.4923095703125
15.6484375,953.4715576171875
15.6640625,953.4732055664062
15.6796875,953.481689453125
15.6953125,953.4462890625
15.7109375,953.4281005859375
15.7265625,953.4251098632812
15.7421875,953.4249267578125
15.7578125,953.4534912109375
15.7734375,953.4509887695312
15.7890625,953.4476318359375
15.8046875,953.4512329101562
15.8203125,953.4285888671875
15.8359375,953.4384765625
15.8515625,953.430419921875
15.8671875,953.4401245117188
15.8828125,953.4201049804688
15.8984375,953.4253540039062
15.9140625,953.400146484375
15.9296875,953.4142456054688
15.9453125,953.4058227539062
15.9609375,953.3887329101562
15.9765625,953.3860473632812
15.9921875,953.393798828125
16.0078125,953.3876342773438
16.0234375,953.3815307617188
16.0390625,953.3862915039062
16.0546875,953.3890380859375
16.0703125,953.3760986328125
16.0859375,953.3815307617188
16.1015625,953.3871459960938
16.1171875,953.3811645507812
16.1328125,953.3676147460938
16.1484375,953.3846435546875
16.1640625,953.362060546875
16.1796875,953.3859252929688
16.1953125,953.3739624023438
16.2109375,953.370849609375
16.2265625,953.3636474609375
16.2421875,953.3577270507812
16.2578125,953.3580932617188
16.2734375,953.3600463867188
16.2890625,953.3594360351562
16.3046875,953.3499755859375
16.3203125,953.3617553710938
16.3359375,953.3612060546875
16.3515625,953.3630981445312
16.3671875,953.3560180664062
16.3828125,953.3505249023438
16.3984375,953.3500366210938
16.4140625,953.3458862304688
16.4296875,953.353271484375
16.4453125,953.3538208007812
16.4609375,953.3636474609375
16.4765625,953.3457641601562
16.4921875,953.3622436523438
16.5078125,953.3516235351562
16.5234375,953.3433227539062
16.5390625,953.331298828125
16.5546875,953.3541259765625
16.5703125,953.3511352539062
16.5859375,953.3341064453125
16.6015625,953.3535766601562
16.6171875,953.3374633789062
16.6328125,953.3399047851562
16.6484375,953.3489379882812
16.6640625,953.3466796875
16.6796875,953.3385620117188
16.6953125,953.3406982421875
16.7109375,953.341552734375
16.7265625,953.3606567382812
16.7421875,953.3518676757812
16.7578125,953.341796875
16.7734375,953.3519287109375
16.7890625,953.3388061523438
16.8046875,953.362060546875
16.8203125,953.3507080078125
16.8359375,953.3409423828125
16.8515625,953.3516845703125
16.8671875,953.354248046875
16.8828125,953.3580932617188
16.8984375,953.3411254882812
16.9140625,953.3414916992188
16.9296875,953.3263549804688
16.9453125,953.3538818359375
16.9609375,953.355224609375
16.9765625,953.3410034179688
16.9921875,953.3324584960938
17.0078125,953.3433227539062
17.0234375,953.3567504882812
17.0390625,953.3692626953125
17.0546875,953.3515625
17.0703125,953.3950805664062
17.0859375,953.3857421875
17.1015625,953.4027099609375
17.1171875,953.3916015625
17.1328125,953.42724609375
17.1484375,953.4203491210938
17.1640625,953.4337768554688
17.1796875,953.4186401367188
17.1953125,953.4197998046875
17.2109375,953.4197998046875
17.2265625,953.4166870117188
17.2421875,953.4049682617188
17.2578125,953.3970947265625
17.2734375,953.4298095703125
17.2890625,953.4482421875
17.3046875,953.4269409179688
17.3203125,953.3787841796875
17.3359375,953.4053955078125
17.3515625,953.4175415039062
17.3671875,953.3906860351562
17.3828125,953.4256591796875
17.3984375,953.392333984375
17.4140625,953.4182739257812
17.4296875,953.3973999023438
17.4453125,953.378662109375
17.4609375,953.4345092773438
17.4765625,953.4373779296875
17.4921875,953.3916015625
17.5078125,953.42529296875
17.5234375,953.40380859375
17.5390625,953.4049072265625
17.5546875,953.422607421875
17.5703125,953.4298706054688
17.5859375,953.396484375
17.6015625,953.3991088867188
17.6171875,953.396240234375
17.6328125,953.4334716796875
17.6484375,953.4063720703125
17.6640625,953.4037475585938
17.6796875,953.4127807617188
17.6953125,953.4376220703125
17.7109375,953.3892211914062
17.7265625,953.4180297851562
17.7421875,953.4107055664062
17.7578125,953.3930053710938
17.7734375,953.4181518554688
17.7890625,953.3966674804688
17.8046875,953.4529418945312
17.8203125,953.41748046875
17.8359375,953.4240112304688
17.8515625,953.4254760742188
17.8671875,953.362060546875
17.8828125,953.3882446289062
17.8984375,953.3890380859375
17.9140625,953.405517578125
17.9296875,953.3904418945312
17.9453125,953.3860473632812
17.9609375,953.3801879882812
17.9765625,953.3733520507812
17.9921875,953.3889770507812
18.0078125,953.3680419921875
18.0234375,953.3829345703125
18.0390625,953.3734130859375
18.0546875,953.3661499023438
18.0703125,953.3739013671875
18.0859375,953.3671875
18.1015625,953.3648071289062
18.1171875,953.3618774414062
18.1328125,953.3857421875
18.1484375,953.3677978515625
18.1640625,953.3572998046875
18.1796875,953.3602294921875
18.1953125,953.3477783203125
18.2109375,953.3671875
18.2265625,953.3649291992188
18.2421875,953.3720092773438
18.2578125,953.350830078125
18.2734375,953.3668823242188
18.2890625,953.3501586914062
18.3046875,953.3385620117188
18.3203125,953.3382568359375
18.3359375,953.3580932617188
18.3515625,953.3577880859375
18.3671875,953.3413696289062
18.3828125,953.3451538085938
18.3984375,953.3474731445312
18.4140625,953.3515625
18.4296875,953.3505859375
18.4453125,953.3432006835938
18.4609375,953.351318359375
18.4765625,953.366455078125
18.4921875,953.3411254882812
18.5078125,953.3550415039062
18.5234375,953.344482421875
18.5390625,953.3489379882812
18.5546875,953.351318359375
18.5703125,953.3472290039062
18.5859375,953.3427734375
18.6015625,953.3377075195312
18.6171875,953.3429565429688
18.6328125,953.354248046875
18.6484375,953.330810546875
18.6640625,953.357421875
18.6796875,953.3401489257812
18.6953125,953.3419189453125
18.7109375,953.340576171875
18.7265625,953.3547973632812
18.7421875,953.3309936523438
18.7578125,953.3597412109375
18.7734375,953.3499145507812
18.7890625,953.3375854492188
18.8046875,953.3375854492188
18.8203125,953.3302612304688
18.8359375,953.351318359375
18.8515625,953.3276977539062
18.8671875,953.3406982421875
18.8828125,953.346923828125
18.8984375,953.3517456054688
18.9140625,953.3416748046875
18.9296875,953.3447265625
18.9453125,953.3392944335938
18.9609375,953.3374633789062
18.9765625,953.34521484375
18.9921875,953.330810546875
19.0078125,953.3575439453125
19.0234375,953.3605346679688
19.0390625,953.3758544921875
19.0546875,953.3610229492188
19.0703125,953.3668823242188
19.0859375,953.44091796875
19.1015625,953.4656982421875
19.1171875,953.4182739257812
19.1328125,953.4157104492188
19.1484375,953.4546508789062
19.1640625,953.4468383789062
19.1796875,953.4920654296875
19.1953125,953.4805297851562
19.2109375,953.4754638671875
19.2265625,953.4632568359375
19.2421875,953.4969482421875
19.2578125,953.4547729492188
19.2734375,953.468017578125
19.2890625,953.4571533203125
19.3046875,953.4359741210938
19.3203125,953.4498901367188
19.3359375,953.4401245117188
19.3515625,953.4566040039062
19.3671875,953.4443359375
19.3828125,953.5092163085938
19.3984375,953.423095703125
19.4140625,953.4181518554688
19.4296875,953.4172973632812
19.4453125,953.4230346679688
19.4609375,953.4590454101562
19.4765625,953.4229736328125
19.4921875,953.4259033203125
19.5078125,953.410888671875
19.5234375,953.427001953125
19.5390625,953.4271850585938
19.5546875,953.4196166992188
19.5703125,953.4063720703125
19.5859375,953.4238891601562
19.6015625,953.3981323242188
19.6171875,953.4051513671875
19.6328125,953.4127807617188
19.6484375,953.4010009765625
19.6640625,953.4058227539062
19.6796875,953.4190673828125
19.6953125,953.4010620117188
19.7109375,953.4012451171875
19.7265625,953.3904418945312
19.7421875,953.3927612304688
19.7578125,953.3839111328125
19.7734375,953.3871459960938
19.7890625,953.384521484375
19.8046875,953.3797607421875
19.8203125,953.3765258789062
19.8359375,953.3731689453125
19.8515625,953.3870849609375
19.8671875,953.376953125
19.8828125,953.3773193359375
19.8984375,953.3717651367188
19.9140625,953.3746948242188
19.9296875,953.378173828125
19.9453125,953.3722534179688
19.9609375,953.3706665039062
19.9765625,953.3695678710938
19.9921875,953.3585205078125
20.0078125,953.3755493164062
20.0234375,953.3659057617188
20.0390625,953.3619995117188
20.0546875,953.3560791015625
20.0703125,953.3639526367188
20.0859375,953.353515625
20.1015625,953.3652954101562
20.1171875,953.366943359375
20.1328125,953.3677368164062
20.1484375,953.3461303710938
20.1640625,953.3613891601562
20.1796875,953.3536376953125
20.1953125,953.348388671875
20.2109375,953.327392578125
20.2265625,953.3446655273438
20.2421875,953.3413696289062
20.2578125,953.3536376953125
20.2734375,953.3394165039062
20.2890625,953.34716796875
20.3046875,953.349365234375
20.3203125,953.3447265625
20.3359375,953.3410034179688
20.3515625,953.3434448242188
20.3671875,953.3399658203125
20.3828125,953.3379516601562
20.3984375,953.359130859375
20.4140625,953.3275756835938
20.4296875,953.337158203125
20.4453125,953.3287353515625
20.4609375,953.3449096679688
20.4765625,953.3268432617188
20.4921875,953.3208618164062
20.5078125,953.349365234375
20.5234375,953.3423461914062
20.5390625,953.3284912109375
20.5546875,953.31982421875
20.5703125,953.3419799804688
20.5859375,953.3359375
20.6015625,953.3309936523438
20.6171875,953.343017578125
20.6328125,953.338623046875
20.6484375,953.3289794921875
20.6640625,953.3294067382812
20.6796875,953.3214111328125
20.6953125,953.3416137695312
20.7109375,953.327392578125
20.7265625,953.3450317382812
20.7421875,953.3507690429688
20.7578125,953.3312377929688
20.7734375,953.351318359375
20.7890625,953.343505859375
20.8046875,953.3240966796875
20.8203125,953.3421020507812
20.8359375,953.3242797851562
20.8515625,953.3385009765625
20.8671875,953.3416748046875
20.8828125,953.3597412109375
20.8984375,953.3776245117188
20.9140625,953.3488159179688
20.9296875,953.3670043945312
20.9453125,953.3756103515625
20.9609375,953.3846435546875
20.9765625,953.3762817382812
20.9921875,953.3720092773438
21.0078125,953.38232421875
21.0234375,953.3771362304688
21.0390625,953.3917846679688
21.0546875,953.3739013671875
21.0703125,953.365234375
21.0859375,953.3758544921875
21.1015625,953.4025268554688
21.1171875,953.3917236328125
21.1328125,953.382568359375
21.1484375,953.4310913085938
21.1640625,953.3817138671875
21.1796875,953.3870239257812
21.1953125,953.4163208007812
21.2109375,953.4002685546875
21.2265625,953.4252319335938
21.2421875,953.4288940429688
21.2578125,953.434326171875
21.2734375,953.3920288085938
21.2890625,953.4051513671875
21.3046875,953.443115234375
21.3203125,953.4240112304688
21.3359375,953.4610595703125
21.3515625,953.38818359375
21.3671875,953.4122924804688
21.3828125,953.425537109375
21.3984375,953.410888671875
21.4140625,953.4112548828125
21.4296875,953.4600830078125
21.4453125,953.4259033203125
21.4609375,953.4100341796875
21.4765625,953.4166259765625
21.4921875,953.4308471679688
21.5078125,953.4137573242188
21.5234375,953.4049072265625
21.5390625,953.4412841796875
21.5546875,953.4168701171875
21.5703125,953.39599609375
21.5859375,953.4201049804688
21.6015625,953.4078979492188
21.6171875,953.3903198242188
21.6328125,953.4205322265625
21.6484375,953.3950805664062
21.6640625,953.39990234375
21.6796875,953.3897705078125
21.6953125,953.3934326171875
21.7109375,953.3884887695312
21.7265625,953.3805541992188
21.7421875,953.38818359375
21.7578125,953.3878173828125
21.7734375,953.3848266601562
21.7890625,953.373779296875
21.8046875,953.369873046875
21.8203125,953.3768310546875
21.8359375,953.368896484375
21.8515625,953.3768310546875
21.8671875,953.3753662109375
21.8828125,953.3695678710938
21.8984375,953.3735961914062
21.9140625,953.3834838867188
21.9296875,953.37841796875
21.9453125,953.3728637695312
21.9609375,953.35498046875
21.9765625,953.3646850585938
21.9921875,953.3527221679688
22.0078125,953.3604736328125
22.0234375,953.3590698242188
22.0390625,953.3630981445312
22.0546875,953.3665161132812
22.0703125,953.3544921875
22.0859375,953.3567504882812
22.1015625,953.3673095703125
22.1171875,953.3550415039062
22.1328125,953.3656616210938
22.1484375,953.3574829101562
22.1640625,953.37109375
22.1796875,953.359130859375
22.1953125,953.3656616210938
22.2109375,953.3502807617188
22.2265625,953.362060546875
22.2421875,953.3582763671875
22.2578125,953.34716796875
22.2734375,953.3381958007812
22.2890625,953.3401489257812
22.3046875,953.3582763671875
22.3203125,953.3465576171875
22.3359375,953.361328125
22.3515625,953.3591918945312
22.3671875,953.3614501953125
22.3828125,953.3541870117188
22.3984375,953.33984375
22.4140625,953.3434448242188
22.4296875,953.3563232421875
22.4453125,953.3439331054688
22.4609375,953.3507690429688
22.4765625,953.3381958007812
22.4921875,953.3561401367188
22.5078125,953.3488159179688
22.5234375,953.3480834960938
22.5390625,953.3416137695312
22.5546875,953.3363647460938
22.5703125,953.3552856445312
22.5859375,953.345458984375
22.6015625,953.3463745117188
22.6171875,953.3524169921875
22.6328125,953.3370971679688
22.6484375,953.3455200195312
22.6640625,953.3458862304688
22.6796875,953.3490600585938
22.6953125,953.3402099609375
22.7109375,953.3427124023438
22.7265625,953.3499755859375
22.7421875,953.3502807617188
22.7578125,953.3382568359375
22.7734375,953.33984375
22.7890625,953.3427734375
22.8046875,953.3544921875
22.8203125,953.3427734375
22.8359375,953.3502807617188
22.8515625,953.371826171875
22.8671875,953.3693237304688
22.8828125,953.3673095703125
22.8984375,953.383544921875
22.9140625,953.3834228515625
22.9296875,953.3798828125
22.9453125,953.4418334960938
22.9609375,953.4739379882812
22.9765625,953.4284057617188
22.9921875,953.4291381835938
23.0078125,953.4297485351562
23.0234375,953.4425659179688
23.0390625,953.4739379882812
23.0546875,953.4423828125
23.0703125,953.42724609375
23.0859375,953.4180297851562
23.1015625,953.4375
23.1171875,953.4613647460938
23.1328125,953.4328002929688
23.1484375,953.4797973632812
23.1640625,953.4049682617188
23.1796875,953.4337768554688
23.1953125,953.4503173828125
23.2109375,953.4422607421875
23.2265625,953.4276123046875
23.2421875,953.4601440429688
23.2578125,953.444580078125
23.2734375,953.4423217773438
23.2890625,953.44140625
23.3046875,953.4517822265625
23.3203125,953.4214477539062
23.3359375,953.4461669921875
23.3515625,953.4180908203125
23.3671875,953.40966796875
23.3828125,953.4014892578125
23.3984375,953.4259643554688
23.4140625,953.4241943359375
23.4296875,953.4063110351562
23.4453125,953.4172973632812
23.4609375,953.418701171875
23.4765625,953.394287109375
23.4921875,953.4391479492188
23.5078125,953.392333984375
23.5234375,953.4204711914062
23.5390625,953.4322509765625
23.5546875,953.4196166992188
23.5703125,953.4132690429688
23.5859375,953.436279296875
23.6015625,953.4130249023438
23.6171875,953.4137573242188
23.6328125,953.4182739257812
23.6484375,953.4146118164062
23.6640625,953.395751953125
23.6796875,953.3951416015625
23.6953125,953.3895263671875
23.7109375,953.3839721679688
23.7265625,953.3826904296875
23.7421875,953.4009399414062
23.7578125,953.3734130859375
23.7734375,953.3890991210938
23.7890625,953.3831787109375
23.8046875,953.3786010742188
23.8203125,953.3770751953125
23.8359375,953.3795776367188
23.8515625,953.3779296875
23.8671875,953.3666381835938
23.8828125,953.3641967773438
23.8984375,953.3753662109375
23.9140625,953.3820190429688
23.9296875,953.373779296875
23.9453125,953.3775634765625
23.9609375,953.3739624023438
23.9765625,953.3734741210938
23.9921875,953.3739624023438
24.0078125,953.37109375
24.0234375,953.3670043945312
24.0390625,953.3745727539062
24.0546875,953.3648071289062
24.0703125,953.3663330078125
24.0859375,953.3668823242188
24.1015625,953.3594360351562
24.1171875,953.3782348632812
24.1328125,953.3579711914062
24.1484375,953.3529663085938
24.1640625,953.370849609375
24.1796875,953.3685913085938
24.1953125,953.3528442382812
24.2109375,953.3433227539062
24.2265625,953.3342895507812
24.2421875,953.3242797851562
24.2578125,953.3507690429688
24.2734375,953.3312377929688
24.2890625,953.3383178710938
24.3046875,953.3645629882812
24.3203125,953.3714599609375
24.3359375,953.3446655273438
24.3515625,953.370849609375
24.3671875,953.359130859375
24.3828125,953.359130859375
24.3984375,953.3775024414062
24.4140625,953.3410034179688
24.4296875,953.3773803710938
24.4453125,953.3574829101562
24.4609375,953.3712768554688
24.4765625,953.3350830078125
24.4921875,953.3465576171875
24.5078125,953.36083984375
24.5234375,953.349365234375
24.5390625,953.3250732421875
24.5546875,953.349609375
24.5703125,953.3595581054688
24.5859375,953.3446655273438
24.6015625,953.3603515625
24.6171875,953.3516235351562
24.6328125,953.34130859375
24.6484375,953.3263549804688
24.6640625,953.3482666015625
24.6796875,953.3394165039062
24.6953125,953.3311767578125
24.7109375,953.354248046875
24.7265625,953.3489379882812
24.7421875,953.3421630859375
24.7578125,953.3262329101562
24.7734375,953.3494873046875
24.7890625,953.3463745117188
24.8046875,953.36474609375
24.8203125,953.380126953125
24.8359375,953.3756103515625
24.8515625,953.383544921875
24.8671875,953.385986328125
24.8828125,953.3795776367188
24.8984375,953.3922729492188
24.9140625,953.4146728515625
24.9296875,953.4171142578125
24.9453125,953.3941040039062
24.9609375,953.4308471679688
24.9765625,953.4619140625
24.9921875,953.3980102539062
25.0078125,953.434326171875
25.0234375,953.4247436523438
25.0390625,953.4309692382812
25.0546875,953.4314575195312
25.0703125,953.4599609375
25.0859375,953.4334106445312
25.1015625,953.4361572265625
25.1171875,953.421630859375
25.1328125,953.4205932617188
25.1484375,953.430908203125
25.1640625,953.434814453125
25.1796875,953.4381713867188
25.1953125,953.4205322265625
25.2109375,953.4049682617188
25.2265625,953.4325561523438
25.2421875,953.4288940429688
25.2578125,953.427490234375
25.2734375,953.4698486328125
25.2890625,953.421630859375
25.3046875,953.4308471679688
25.3203125,953.4546508789062
25.3359375,953.4346923828125
25.3515625,953.4262084960938
25.3671875,953.4321899414062
25.3828125,953.4356079101562
25.3984375,953.4049682617188
25.4140625,953.442626953125
25.4296875,953.4325561523438
25.4453125,953.411865234375
25.4609375,953.4247436523438
25.4765625,953.4284057617188
25.4921875,953.4328002929688
25.5078125,953.4111328125
25.5234375,953.3884887695312
25.5390625,953.3857421875
25.5546875,953.4108276367188
25.5703125,953.3817138671875
25.5859375,953.3811645507812
25.6015625,953.4007568359375
25.6171875,953.39013671875
25.6328125,953.3839721679688
25.6484375,953.3800659179688
25.6640625,953.3795166015625
25.6796875,953.392333984375
25.6953125,953.3921508789062
25.7109375,953.3853759765625
25.7265625,953.3798217773438
25.7421875,953.380859375
25.7578125,953.3878173828125
25.7734375,953.3751831054688
25.7890625,953.38232421875
25.8046875,953.3649291992188
25.8203125,953.376953125
25.8359375,953.3784790039062
25.8515625,953.3673095703125
25.8671875,953.3709716796875
25.8828125,953.3682861328125
25.8984375,953.3817749023438
25.9140625,953.3579711914062
25.9296875,953.3619384765625
25.9453125,953.3709716796875
25.9609375,953.3638916015625
25.9765625,953.3812866210938
25.9921875,953.380615234375
26.0078125,953.3760986328125
26.0234375,953.3794555664062
26.0390625,953.3702392578125
26.0546875,953.3702392578125
26.0703125,953.36865234375
26.0859375,953.3702392578125
26.1015625,953.3612060546875
26.1171875,953.3670654296875
26.1328125,953.3701171875
26.1484375,953.3751831054688
26.1640625,953.3639526367188
26.1796875,953.3739013671875
26.1953125,953.3716430664062
26.2109375,953.3599853515625
26.2265625,953.360595703125
26.2421875,953.3744506835938
26.2578125,953.3600463867188
26.2734375,953.3646850585938
26.2890625,953.3709106445312
26.3046875,953.3529663085938
26.3203125,953.3595581054688
26.3359375,953.346435546875
26.3515625,953.3514404296875
26.3671875,953.35107421875
26.3828125,953.3494262695312
26.3984375,953.3488159179688
26.4140625,953.343505859375
26.4296875,953.3477172851562
26.4453125,953.3596801757812
26.4609375,953.3465576171875
26.4765625,953.348388671875
26.4921875,953.3427734375
26.5078125,953.359130859375
26.5234375,953.3614501953125
26.5390625,953.3507690429688
26.5546875,953.3434448242188
26.5703125,953.3568725585938
26.5859375,953.3524780273438
26.6015625,953.3463745117188
26.6171875,953.3460693359375
26.6328125,953.339111328125
26.6484375,953.34716796875
26.6640625,953.3597412109375
26.6796875,953.344482421875
26.6953125,953.3583374023438
26.7109375,953.34765625
26.7265625,953.351318359375
26.7421875,953.362060546875
26.7578125,953.33984375
26.7734375,953.331298828125
26.7890625,953.3342895507812
26.8046875,953.3578491210938
26.8203125,953.3677978515625
26.8359375,953.3709716796875
26.8515625,953.383544921875
26.8671875,953.3901977539062
26.8828125,953.4378662109375
26.8984375,953.4702758789062
26.9140625,953.501953125
26.9296875,953.5662841796875
26.9453125,953.4965209960938
26.9609375,953.6068725585938
26.9765625,953.5416259765625
26.9921875,953.5355834960938
27.0078125,953.5426635742188
27.0234375,953.5382690429688
27.0390625,953.5509643554688
27.0546875,953.5442504882812
27.0703125,953.5475463867188
27.0859375,953.59521484375
27.1015625,953.5568237304688
27.1171875,953.6222534179688
27.1328125,953.5043334960938
27.1484375,953.58349609375
27.1640625,953.4869384765625
27.1796875,953.5231323242188
27.1953125,953.5740966796875
27.2109375,953.5243530273438
27.2265625,953.5145874023438
27.2421875,953.5239868164062
27.2578125,953.4808349609375
27.2734375,953.4838256835938
27.2890625,953.4852905273438
27.3046875,953.470703125
27.3203125,953.4533081054688
27.3359375,953.4853515625
27.3515625,953.4607543945312
27.3671875,953.4788818359375
27.3828125,953.4872436523438
27.3984375,953.458740234375
27.4140625,953.48779296875
27.4296875,953.4833984375
27.4453125,953.5043334960938
27.4609375,953.5851440429688
27.4765625,953.5215454101562
27.4921875,953.493896484375
27.5078125,953.4494018554688
27.5234375,953.5224609375
27.5390625,953.4901123046875
27.5546875,953.4962158203125
27.5703125,953.469970703125
27.5859375,953.4998168945312
27.6015625,953.4847412109375
27.6171875,953.4425659179688
27.6328125,953.4747924804688
27.6484375,953.482421875
27.6640625,953.4448852539062
27.6796875,953.44873046875
27.6953125,953.4277954101562
27.7109375,953.411865234375
27.7265625,953.4292602539062
27.7421875,953.4213256835938
27.7578125,953.413818359375
27.7734375,953.40625
27.7890625,953.4053955078125
27.8046875,953.4057006835938
27.8203125,953.4139404296875
27.8359375,953.413818359375
27.8515625,953.405029296875
27.8671875,953.3914794921875
27.8828125,953.40380859375
27.8984375,953.3944091796875
27.9140625,953.3951416015625
27.9296875,953.4133911132812
27.9453125,953.409423828125
27.9609375,953.4041748046875
27.9765625,953.4098510742188
27.9921875,953.4036254882812
28.0078125,953.4004516601562
28.0234375,953.409423828125
28.0390625,953.3993530273438
28.0546875,953.4010009765625
28.0703125,953.411865234375
28.0859375,953.4053955078125
28.1015625,953.4057006835938
28.1171875,953.4014892578125
28.1328125,953.4094848632812
28.1484375,953.4093627929688
28.1640625,953.406005859375
28.1796875,953.3857421875
28.1953125,953.3934326171875
28.2109375,953.3873291015625
28.2265625,953.3839721679688
28.2421875,953.3876953125
28.2578125,953.4091186523438
28.2734375,953.4104614257812
28.2890625,953.3966674804688
28.3046875,953.3881225585938
28.3203125,953.3865356445312
28.3359375,953.3881225585938
28.3515625,953.3713989257812
28.3671875,953.3793334960938
28.3828125,953.3917236328125
28.3984375,953.391357421875
28.4140625,953.3966064453125
28.4296875,953.373779296875
28.4453125,953.3826904296875
28.4609375,953.3883666992188
28.4765625,953.3794555664062
28.4921875,953.3576049804688
28.5078125,953.374755859375
28.5234375,953.3943481445312
28.5390625,953.3798217773438
28.5546875,953.3819580078125
28.5703125,953.3882446289062
28.5859375,953.37255859375
28.6015625,953.3794555664062
28.6171875,953.3754272460938
28.6328125,953.3768310546875
28.6484375,953.3848876953125
28.6640625,953.3745727539062
28.6796875,953.389892578125
28.6953125,953.3814697265625
28.7109375,953.3992919921875
28.7265625,953.4517211914062
28.7421875,953.4217529296875
28.7578125,953.4630737304688
28.7734375,953.4569091796875
28.7890625,953.489013671875
28.8046875,953.4826049804688
28.8203125,953.48779296875
28.8359375,953.4669189453125
28.8515625,953.5037841796875
28.8671875,953.4959106445312
28.8828125,953.5162353515625
28.8984375,953.4548950195312
28.9140625,953.48779296875
28.9296875,953.528564453125
28.9453125,953.5452880859375
28.9609375,953.501708984375
28.9765625,953.5348510742188
28.9921875,953.5196533203125
29.0078125,953.4652099609375
29.0234375,953.525390625
29.0390625,953.4637451171875
29.0546875,953.55078125
29.0703125,953.468505859375
29.0859375,953.48974609375
29.1015625,953.4539794921875
29.1171875,953.4907836914062
29.1328125,953.4879760742188
29.1484375,953.52294921875
29.1640625,953.4926147460938
29.1796875,953.4735107421875
29.1953125,953.4697265625
29.2109375,953.4771118164062
29.2265625,953.4959106445312
29.2421875,953.5216064453125
29.2578125,953.4923706054688
29.2734375,953.4970703125
29.2890625,953.5311279296875
29.3046875,953.4816284179688
29.3203125,953.5011596679688
29.3359375,953.4635620117188
29.3515625,953.505126953125
29.3671875,953.4918823242188
29.3828125,953.4764404296875
29.3984375,953.5064086914062
29.4140625,953.4562377929688
29.4296875,953.4677124023438
29.4453125,953.4893798828125
29.4609375,953.47021484375
29.4765625,953.458251953125
29.4921875,953.4337158203125
29.5078125,953.4473876953125
29.5234375,953.463623046875
29.5390625,953.423828125
29.5546875,953.4183349609375
29.5703125,953.4415283203125
29.5859375,953.4180908203125
29.6015625,953.4267578125
29.6171875,953.4266967773438
29.6328125,953.4093017578125
29.6484375,953.399658203125
29.6640625,953.4049682617188
29.6796875,953.4072265625
29.6953125,953.4044189453125
29.7109375,953.4039916992188
29.7265625,953.4137573242188
29.7421875,953.4044799804688
29.7578125,953.3988037109375
29.7734375,953.401611328125
29.7890625,953.3978881835938
29.8046875,953.4090576171875
29.8203125,953.40234375
29.8359375,953.3969116210938
29.8515625,953.3921508789062
29.8671875,953.3974609375
29.8828125,953.3985595703125
29.8984375,953.4029541015625
29.9140625,953.3975830078125
29.9296875,953.3953857421875
29.9453125,953.3857421875
29.9609375,953.3910522460938
29.9765625,953.3895874023438
29.9921875,953.3873901367188
30.0078125,953.3884887695312
30.0234375,953.3914794921875
30.0390625,953.3771362304688
30.0546875,953.3911743164062
30.0703125,953.3931274414062
30.0859375,953.3795166015625
30.1015625,953.36865234375
30.1171875,953.3795166015625
30.1328125,953.38232421875
30.1484375,953.3727416992188
30.1640625,953.3907470703125
30.1796875,953.378173828125
30.1953125,953.3884887695312
30.2109375,953.3890380859375
30.2265625,953.37890625
30.2421875,953.380615234375
30.2578125,953.3853149414062
30.2734375,953.3746948242188
30.2890625,953.3697509765625
30.3046875,953.3888549804688
30.3203125,953.3851318359375
30.3359375,953.3885498046875
30.3515625,953.3842163085938
30.3671875,953.3892211914062
30.3828125,953.3795166015625
30.3984375,953.3809814453125
30.4140625,953.364990234375
30.4296875,953.3641967773438
30.4453125,953.3720703125
30.4609375,953.3876953125
30.4765625,953.3892211914062
30.4921875,953.365966796875
30.5078125,953.3734741210938
30.5234375,953.3571166992188
30.5390625,953.368896484375
30.5546875,953.3630981445312
30.5703125,953.3653564453125
30.5859375,953.3661499023438
30.6015625,953.3587036132812
30.6171875,953.3845825195312
30.6328125,953.4282836914062
30.6484375,953.4205932617188
30.6640625,953.464599609375
30.6796875,953.419921875
30.6953125,953.4407348632812
30.7109375,953.4337768554688
30.7265625,953.4593505859375
30.7421875,953.451904296875
30.7578125,953.6293334960938
30.7734375,953.561767578125
30.7890625,953.5606079101562
30.8046875,953.6293334960938
30.8203125,953.5364379882812
30.8359375,953.5335083007812
30.8515625,953.6676635742188
30.8671875,953.5114135742188
30.8828125,953.4891357421875
30.8984375,953.4861450195312
30.9140625,953.544921875
30.9296875,953.4568481445312
30.9453125,953.464599609375
30.9609375,953.4215698242188
30.9765625,953.4612426757812
30.9921875,953.449951171875
31.0078125,953.4242553710938
31.0234375,953.415771484375
31.0390625,953.4088134765625
31.0546875,953.4091796875
31.0703125,953.4105224609375
31.0859375,953.4026489257812
31.1015625,953.4078979492188
31.1171875,953.4027099609375
31.1328125,953.3984985351562
31.1484375,953.3997192382812
31.1640625,953.4104614257812
31.1796875,953.4067993164062
31.1953125,953.3921508789062
31.2109375,953.3984985351562
31.2265625,953.390380859375
31.2421875,953.3765258789062
31.2578125,953.38427734375
31.2734375,953.3865966796875
31.2890625,953.384765625
31.3046875,953.39599609375
31.3203125,953.385498046875
31.3359375,953.3986206054688
31.3515625,953.3949584960938
31.3671875,953.3828125
31.3828125,953.3839721679688
31.3984375,953.3946533203125
31.4140625,953.3872680664062
31.4296875,953.3873291015625
31.4453125,953.3744506835938
31.4609375,953.39208984375
31.4765625,953.380126953125
31.4921875,953.3870849609375
31.5078125,953.3705444335938
31.5234375,953.3848266601562
31.5390625,953.3908081054688
31.5546875,953.3733520507812
31.5703125,953.3778686523438
31.5859375,953.3634643554688
31.6015625,953.3800048828125
31.6171875,953.373046875
31.6328125,953.37841796875
31.6484375,953.3650512695312
31.6640625,953.3616943359375
31.6796875,953.3775024414062
31.6953125,953.3793334960938
31.7109375,953.3555908203125
31.7265625,953.3541259765625
31.7421875,953.3550415039062
31.7578125,953.3681640625
31.7734375,953.3709716796875
31.7890625,953.3684692382812
31.8046875,953.3825073242188
31.8203125,953.3662109375
31.8359375,953.3674926757812
31.8515625,953.3602294921875
31.8671875,953.3674926757812
31.8828125,953.3485717773438
31.8984375,953.363037109375
31.9140625,953.3482055664062
31.9296875,953.3591918945312
31.9453125,953.3627319335938
31.9609375,953.3776245117188
31.9765625,953.3544921875
31.9921875,953.3567504882812
32.0078125,953.3701171875
32.0234375,953.3673706054688
32.0390625,953.3596801757812
32.0546875,953.3599853515625
32.0703125,953.3544921875
32.0859375,953.3642578125
32.1015625,953.3591918945312
32.1171875,953.3684692382812
32.1328125,953.351318359375
32.1484375,953.3717651367188
32.1640625,953.3649291992188
32.1796875,953.354248046875
32.1953125,953.3447265625
32.2109375,953.3443603515625
32.2265625,953.365234375
32.2421875,953.3690185546875
32.2578125,953.3618774414062
32.2734375,953.3703002929688
32.2890625,953.3658447265625
32.3046875,953.3756103515625
32.3203125,953.3550415039062
32.3359375,953.3646850585938
32.3515625,953.3672485351562
32.3671875,953.3639526367188
32.3828125,953.3538818359375
32.3984375,953.365234375
32.4140625,953.3624877929688
32.4296875,953.3713989257812
32.4453125,953.3400268554688
32.4609375,953.3588256835938
32.4765625,953.36279296875
32.4921875,953.3475341796875
32.5078125,953.3615112304688
32.5234375,953.3461303710938
32.5390625,953.3513793945312
32.5546875,953.3656005859375
32.5703125,953.3536987304688
32.5859375,953.3507690429688
32.6015625,953.3522338867188
32.6171875,953.353271484375
32.6328125,953.3532104492188
32.6484375,953.3385620117188
32.6640625,953.351318359375
32.6796875,953.3610229492188
32.6953125,953.3502197265625
32.7109375,953.3577880859375
32.7265625,953.3527221679688
32.7421875,953.3618774414062
32.7578125,953.3585815429688
32.7734375,953.35302734375
32.7890625,953.3455200195312
32.8046875,953.3457641601562
32.8203125,953.3494873046875
32.8359375,953.3676147460938
32.8515625,953.3551635742188
32.8671875,953.3446655273438
32.8828125,953.3597412109375
32.8984375,953.3667602539062
32.9140625,953.3423461914062
32.9296875,953.3514404296875
32.9453125,953.3514404296875
32.9609375,953.353271484375
32.9765625,953.334716796875
32.9921875,953.3468627929688
33.0078125,953.3430786132812
33.0234375,953.3563232421875
33.0390625,953.3541870117188
33.0546875,953.3424682617188
33.0703125,953.3597412109375
33.0859375,953.345703125
33.1015625,953.3646850585938
33.1171875,953.3525390625
33.1328125,953.3663940429688
33.1484375,953.3430786132812
33.1640625,953.3666381835938
33.1796875,953.3453979492188
33.1953125,953.3497924804688
33.2109375,953.3768310546875
33.2265625,953.3511352539062
33.2421875,953.3547973632812
33.2578125,953.3598022460938
33.2734375,953.3357543945312
33.2890625,953.365234375
33.3046875,953.3404541015625
33.3203125,953.3356323242188
33.3359375,953.3516235351562
33.3515625,953.357421875
33.3671875,953.3533325195312
33.3828125,953.3385009765625
33.3984375,953.3455200195312
33.4140625,953.3604736328125
33.4296875,953.3501586914062
33.4453125,953.3434448242188
33.4609375,953.3458251953125
33.4765625,953.351318359375
33.4921875,953.3546752929688
