# Time (seconds),f0
0.0078125,27.538108825683594
0.0234375,27.5296630859375
0.0390625,27.52745819091797
0.0546875,27.54875946044922
0.0703125,27.539939880371094
0.0859375,27.5303955078125
0.1015625,27.542144775390625
0.1171875,27.541046142578125
0.1328125,27.545822143554688
0.1484375,27.535903930664062
0.1640625,27.531494140625
0.1796875,27.541786193847656
0.1953125,27.531494140625
0.2109375,27.543624877929688
0.2265625,27.537002563476562
0.2421875,27.541412353515625
0.2578125,27.539939880371094
0.2734375,27.544349670410156
0.2890625,27.53369903564453
0.3046875,27.53186798095703
0.3203125,27.543624877929688
0.3359375,27.538108825683594
0.3515625,27.54875946044922
0.3671875,27.542892456054688
0.3828125,27.55060577392578
0.3984375,27.544349670410156
0.4140625,27.538841247558594
0.4296875,27.55060577392578
0.4453125,27.53186798095703
0.4609375,27.538108825683594
0.4765625,27.54840087890625
0.4921875,27.54875946044922
0.5078125,27.541412353515625
0.5234375,27.525611877441406
0.5390625,27.551712036132812
0.5546875,27.539939880371094
0.5703125,27.534072875976562
0.5859375,27.538108825683594
0.6015625,27.542518615722656
0.6171875,27.53369903564453
0.6328125,27.53186798095703
0.6484375,27.544349670410156
0.6640625,27.53369903564453
0.6796875,27.52745819091797
0.6953125,27.528182983398438
0.7109375,27.541412353515625
0.7265625,27.53112030029297
0.7421875,27.543624877929688
0.7578125,27.521575927734375
0.7734375,27.544723510742188
0.7890625,27.545822143554688
0.8046875,27.53186798095703
0.8203125,27.542518615722656
0.8359375,27.537002563476562
0.8515625,27.538108825683594
0.8671875,27.5296630859375
0.8828125,27.526351928710938
0.8984375,27.521942138671875
0.9140625,27.52928924560547
0.9296875,27.525611877441406
0.9453125,27.534805297851562
0.9609375,27.541412353515625
0.9765625,27.52928924560547
0.9921875,27.525611877441406
1.0078125,27.539581298828125
1.0234375,27.54875946044922
1.0390625,27.543991088867188
1.0546875,27.538108825683594
1.0703125,27.540687561035156
1.0859375,27.544723510742188
1.1015625,27.535171508789062
1.1171875,27.525985717773438
1.1328125,27.542144775390625
1.1484375,27.5303955078125
1.1640625,27.540313720703125
1.1796875,27.542892456054688
1.1953125,27.52745819091797
1.2109375,27.539581298828125
1.2265625,27.54803466796875
1.2421875,27.536277770996094
1.2578125,27.546554565429688
1.2734375,27.543624877929688
1.2890625,27.537376403808594
1.3046875,27.541046142578125
1.3203125,27.525253295898438
1.3359375,27.53443145751953
1.3515625,27.5322265625
1.3671875,27.53186798095703
1.3828125,27.537376403808594
1.3984375,27.539581298828125
1.4140625,27.53186798095703
1.4296875,27.52745819091797
1.4453125,27.546554565429688
1.4609375,27.53186798095703
1.4765625,27.541786193847656
1.4921875,27.528182983398438
1.5078125,27.5333251953125
1.5234375,27.53076171875
1.5390625,27.5296630859375
1.5546875,27.5296630859375
1.5703125,27.525985717773438
1.5859375,27.538841247558594
1.6015625,27.551712036132812
1.6171875,27.52855682373047
1.6328125,27.5325927734375
1.6484375,27.53369903564453
1.6640625,27.5333251953125
1.6796875,27.53296661376953
1.6953125,27.53369903564453
1.7109375,27.541412353515625
1.7265625,27.53002166748047
1.7421875,27.531494140625
1.7578125,27.52928924560547
1.7734375,27.5322265625
1.7890625,27.525611877441406
1.8046875,27.53443145751953
1.8203125,27.540313720703125
1.8359375,27.5296630859375
1.8515625,27.5296630859375
1.8671875,27.537376403808594
1.8828125,27.5333251953125
1.8984375,27.526710510253906
1.9140625,27.53443145751953
1.9296875,27.522674560546875
1.9453125,27.5303955078125
1.9609375,27.5322265625
1.9765625,27.535171508789062
1.9921875,27.541412353515625
2.0078125,27.537734985351562
2.0234375,27.522674560546875
2.0390625,27.53296661376953
2.0546875,27.51312255859375
2.0703125,27.526710510253906
2.0859375,27.5322265625
2.1015625,27.523048400878906
2.1171875,27.524147033691406
2.1328125,27.527084350585938
2.1484375,27.53076171875
2.1640625,27.526710510253906
2.1796875,27.51679229736328
2.1953125,27.521202087402344
2.2109375,27.517532348632812
2.2265625,27.51679229736328
2.2421875,27.521942138671875
2.2578125,27.508346557617188
2.2734375,27.51458740234375
2.2890625,27.51312255859375
2.3046875,27.517166137695312
2.3203125,27.511276245117188
2.3359375,27.504661560058594
2.3515625,27.499526977539062
2.3671875,27.523048400878906
2.3828125,27.510177612304688
2.3984375,27.50025177001953
2.4140625,27.516433715820312
2.4296875,27.491073608398438
2.4453125,27.51238250732422
2.4609375,27.505409240722656
2.4765625,27.503936767578125
2.4921875,27.506866455078125
2.5078125,27.491806030273438
2.5234375,27.51495361328125
2.5390625,27.510543823242188
2.5546875,27.49474334716797
2.5703125,27.510177612304688
2.5859375,27.49768829345703
2.6015625,27.509071350097656
2.6171875,27.500999450683594
2.6328125,27.507614135742188
2.6484375,27.489974975585938
2.6640625,27.509445190429688
2.6796875,27.510543823242188
2.6953125,27.502098083496094
2.7109375,27.503204345703125
2.7265625,27.492904663085938
2.7421875,27.490333557128906
2.7578125,27.49842071533203
2.7734375,27.498794555664062
2.7890625,27.503204345703125
2.8046875,27.489601135253906
2.8203125,27.492904663085938
2.8359375,27.489974975585938
2.8515625,27.509071350097656
2.8671875,27.502098083496094
2.8828125,27.503204345703125
2.8984375,27.51385498046875
2.9140625,27.511276245117188
2.9296875,27.504661560058594
2.9453125,27.502098083496094
2.9609375,27.507614135742188
2.9765625,27.49842071533203
2.9921875,27.49474334716797
3.0078125,27.492904663085938
3.0234375,27.507614135742188
3.0390625,27.491806030273438
3.0546875,27.51568603515625
3.0703125,27.506134033203125
3.0859375,27.509445190429688
3.1015625,27.491806030273438
3.1171875,27.511276245117188
3.1328125,27.4954833984375
3.1484375,27.49474334716797
3.1640625,27.49842071533203
3.1796875,27.502830505371094
3.1953125,27.501358032226562
3.2109375,27.49474334716797
3.2265625,27.51312255859375
3.2421875,27.51385498046875
3.2578125,27.51495361328125
3.2734375,27.507240295410156
3.2890625,27.51312255859375
3.3046875,27.51679229736328
3.3203125,27.510543823242188
3.3359375,27.508346557617188
3.3515625,27.510177612304688
3.3671875,27.51202392578125
3.3828125,27.505035400390625
3.3984375,27.510543823242188
3.4140625,27.519363403320312
3.4296875,27.511276245117188
3.4453125,27.51275634765625
3.4609375,27.51385498046875
3.4765625,27.517532348632812
3.4921875,27.51348114013672
3.5078125,27.520843505859375
3.5234375,27.518264770507812
3.5390625,27.521202087402344
3.5546875,27.527084350585938
3.5703125,27.522300720214844
3.5859375,27.511276245117188
3.6015625,27.52855682373047
3.6171875,27.527084350585938
3.6328125,27.518638610839844
3.6484375,27.52745819091797
3.6640625,27.518264770507812
3.6796875,27.51312255859375
3.6953125,27.51679229736328
3.7109375,27.516433715820312
3.7265625,27.523048400878906
3.7421875,27.51679229736328
3.7578125,27.51312255859375
3.7734375,27.523048400878906
3.7890625,27.520095825195312
3.8046875,27.5303955078125
3.8203125,27.520095825195312
3.8359375,27.5296630859375
3.8515625,27.523048400878906
3.8671875,27.525985717773438
3.8828125,27.52928924560547
3.8984375,27.511276245117188
3.9140625,27.53076171875
3.9296875,27.52928924560547
3.9453125,27.526710510253906
3.9609375,27.527084350585938
3.9765625,27.524879455566406
3.9921875,27.5333251953125
4.0078125,27.52855682373047
4.0234375,27.519363403320312
4.0390625,27.51348114013672
4.0546875,27.527084350585938
4.0703125,27.53186798095703
4.0859375,27.526710510253906
4.1015625,27.51458740234375
4.1171875,27.527084350585938
4.1328125,27.511276245117188
4.1484375,27.526710510253906
4.1640625,27.524147033691406
4.1796875,27.51091766357422
4.1953125,27.525253295898438
4.2109375,27.506507873535156
4.2265625,27.506507873535156
4.2421875,27.51679229736328
4.2578125,27.51385498046875
4.2734375,27.511276245117188
4.2890625,27.51312255859375
4.3046875,27.519363403320312
4.3203125,27.508346557617188
4.3359375,27.51312255859375
4.3515625,27.51165008544922
4.3671875,27.51385498046875
4.3828125,27.51568603515625
4.3984375,27.511276245117188
4.4140625,27.511276245117188
4.4296875,27.49842071533203
4.4453125,27.508712768554688
4.4609375,27.502830505371094
4.4765625,27.502456665039062
4.4921875,27.4954833984375
4.5078125,27.505767822265625
4.5234375,27.503204345703125
4.5390625,27.485191345214844
4.5546875,27.487770080566406
4.5703125,27.489227294921875
4.5859375,27.507614135742188
4.6015625,27.498046875
4.6171875,27.499526977539062
4.6328125,27.491806030273438
4.6484375,27.502456665039062
4.6640625,27.491073608398438
4.6796875,27.51275634765625
4.6953125,27.493637084960938
4.7109375,27.489974975585938
4.7265625,27.499526977539062
4.7421875,27.49768829345703
4.7578125,27.491806030273438
4.7734375,27.491806030273438
4.7890625,27.493637084960938
4.8046875,27.509445190429688
4.8203125,27.51348114013672
4.8359375,27.505409240722656
4.8515625,27.508712768554688
4.8671875,27.505035400390625
4.8828125,27.501358032226562
4.8984375,27.510177612304688
4.9140625,27.493637084960938
4.9296875,27.500625610351562
4.9453125,27.501724243164062
4.9609375,27.49842071533203
4.9765625,27.501358032226562
4.9921875,27.499526977539062
5.0078125,27.504661560058594
5.0234375,27.511276245117188
5.0390625,27.519363403320312
5.0546875,27.51312255859375
5.0703125,27.51091766357422
5.0859375,27.510543823242188
5.1015625,27.507614135742188
5.1171875,27.4954833984375
5.1328125,27.49842071533203
5.1484375,27.511276245117188
5.1640625,27.506134033203125
5.1796875,27.497314453125
5.1953125,27.508712768554688
5.2109375,27.507614135742188
5.2265625,27.504661560058594
5.2421875,27.506866455078125
5.2578125,27.505409240722656
5.2734375,27.51385498046875
5.2890625,27.49474334716797
5.3046875,27.505409240722656
5.3203125,27.49915313720703
5.3359375,27.49842071533203
5.3515625,27.492904663085938
5.3671875,27.497314453125
5.3828125,27.505035400390625
5.3984375,27.502456665039062
5.4140625,27.51202392578125
5.4296875,27.509445190429688
5.4453125,27.501358032226562
5.4609375,27.50025177001953
5.4765625,27.49842071533203
5.4921875,27.492904663085938
5.5078125,27.507614135742188
5.5234375,27.502456665039062
5.5390625,27.50025177001953
5.5546875,27.51495361328125
5.5703125,27.508346557617188
5.5859375,27.500999450683594
5.6015625,27.505409240722656
5.6171875,27.507614135742188
5.6328125,27.520469665527344
5.6484375,27.517532348632812
5.6640625,27.506507873535156
5.6796875,27.503204345703125
5.6953125,27.509445190429688
5.7109375,27.489974975585938
5.7265625,27.507614135742188
5.7421875,27.509445190429688
5.7578125,27.504302978515625
5.7734375,27.509071350097656
5.7890625,27.501358032226562
5.8046875,27.506134033203125
5.8203125,27.503936767578125
5.8359375,27.501724243164062
5.8515625,27.507614135742188
5.8671875,27.51238250732422
5.8828125,27.509445190429688
5.8984375,27.49768829345703
5.9140625,27.501724243164062
5.9296875,27.503204345703125
5.9453125,27.49474334716797
5.9609375,27.489974975585938
5.9765625,27.49401092529297
5.9921875,27.484817504882812
6.0078125,27.489974975585938
6.0234375,27.490333557128906
6.0390625,27.484817504882812
6.0546875,27.486663818359375
6.0703125,27.484085083007812
6.0859375,27.484817504882812
6.1015625,27.489227294921875
6.1171875,27.47930908203125
6.1328125,27.473068237304688
6.1484375,27.48078155517578
6.1640625,27.466445922851562
6.1796875,27.471229553222656
6.1953125,27.47563934326172
6.2109375,27.485191345214844
6.2265625,27.470130920410156
6.2421875,27.463516235351562
6.2578125,27.470130920410156
6.2734375,27.48004913330078
6.2890625,27.471588134765625
6.3046875,27.461669921875
6.3203125,27.449913024902344
6.3359375,27.44550323486328
6.3515625,27.469383239746094
6.3671875,27.4620361328125
6.3828125,27.4627685546875
6.3984375,27.4609375
6.4140625,27.461669921875
6.4296875,27.4591064453125
6.4453125,27.448440551757812
6.4609375,27.466445922851562
6.4765625,27.4598388671875
6.4921875,27.45690155029297
6.5078125,27.453590393066406
6.5234375,27.463516235351562
6.5390625,27.4620361328125
6.5546875,27.461669921875
6.5703125,27.44623565673828
6.5859375,27.473068237304688
6.6015625,27.470855712890625
6.6171875,27.4598388671875
6.6328125,27.461669921875
6.6484375,27.456527709960938
6.6640625,27.466445922851562
6.6796875,27.461669921875
6.6953125,27.47930908203125
6.7109375,27.466445922851562
6.7265625,27.463516235351562
6.7421875,27.465721130371094
6.7578125,27.48040771484375
6.7734375,27.47747802734375
6.7890625,27.469383239746094
6.8046875,27.47820281982422
6.8203125,27.466445922851562
6.8359375,27.47747802734375
6.8515625,27.471588134765625
6.8671875,27.463516235351562
6.8828125,27.466445922851562
6.8984375,27.466445922851562
6.9140625,27.470130920410156
6.9296875,27.473068237304688
6.9453125,27.466445922851562
6.9609375,27.466445922851562
6.9765625,27.466445922851562
6.9921875,27.473068237304688
7.0078125,27.47930908203125
7.0234375,27.482986450195312
7.0390625,27.484817504882812
7.0546875,27.485923767089844
7.0703125,27.466445922851562
7.0859375,27.47967529296875
7.1015625,27.470130920410156
7.1171875,27.484085083007812
7.1328125,27.48040771484375
7.1484375,27.481155395507812
7.1640625,27.485191345214844
7.1796875,27.481887817382812
7.1953125,27.488494873046875
7.2109375,27.500625610351562
7.2265625,27.492904663085938
7.2421875,27.481155395507812
7.2578125,27.502456665039062
7.2734375,27.487770080566406
7.2890625,27.487770080566406
7.3046875,27.49768829345703
7.3203125,27.491073608398438
7.3359375,27.487770080566406
7.3515625,27.482986450195312
7.3671875,27.490333557128906
7.3828125,27.510543823242188
7.3984375,27.499526977539062
7.4140625,27.510177612304688
7.4296875,27.500625610351562
7.4453125,27.489974975585938
7.4609375,27.489974975585938
7.4765625,27.49474334716797
7.4921875,27.502456665039062
7.5078125,27.492904663085938
7.5234375,27.491806030273438
7.5390625,27.504661560058594
7.5546875,27.489974975585938
7.5703125,27.48004913330078
7.5859375,27.492904663085938
7.6015625,27.488868713378906
7.6171875,27.508346557617188
7.6328125,27.501358032226562
7.6484375,27.499526977539062
7.6640625,27.493637084960938
7.6796875,27.483360290527344
7.6953125,27.49401092529297
7.7109375,27.49584197998047
7.7265625,27.491806030273438
7.7421875,27.49401092529297
7.7578125,27.503204345703125
7.7734375,27.49842071533203
7.7890625,27.487770080566406
7.8046875,27.47930908203125
7.8203125,27.491073608398438
7.8359375,27.485191345214844
7.8515625,27.47930908203125
7.8671875,27.486297607421875
7.8828125,27.499526977539062
7.8984375,27.484817504882812
7.9140625,27.47820281982422
7.9296875,27.486663818359375
7.9453125,27.471588134765625
7.9609375,27.48004913330078
7.9765625,27.482254028320312
7.9921875,27.481155395507812
8.0078125,27.49768829345703
8.0234375,27.47820281982422
8.0390625,27.484085083007812
8.0546875,27.484085083007812
8.0703125,27.487022399902344
8.0859375,27.471588134765625
8.1015625,27.474166870117188
8.1171875,27.474166870117188
8.1328125,27.466445922851562
8.1484375,27.458358764648438
8.1640625,27.473434448242188
8.1796875,27.467552185058594
8.1953125,27.456153869628906
8.2109375,27.465721130371094
8.2265625,27.473068237304688
8.2421875,27.470855712890625
8.2578125,27.47930908203125
8.2734375,27.461669921875
8.2890625,27.449180603027344
8.3046875,27.467552185058594
8.3203125,27.455429077148438
8.3359375,27.453590393066406
8.3515625,27.464614868164062
8.3671875,27.469383239746094
8.3828125,27.453590393066406
8.3984375,27.468658447265625
8.4140625,27.467552185058594
8.4296875,27.449539184570312
8.4453125,27.465721130371094
8.4609375,27.44550323486328
8.4765625,27.44550323486328
8.4921875,27.44477081298828
8.5078125,27.454322814941406
8.5234375,27.44550323486328
8.5390625,27.450286865234375
8.5546875,27.44367218017578
8.5703125,27.455429077148438
8.5859375,27.453590393066406
8.6015625,27.455429077148438
8.6171875,27.455429077148438
8.6328125,27.45690155029297
8.6484375,27.45946502685547
8.6640625,27.460205078125
8.6796875,27.4620361328125
8.6953125,27.465721130371094
8.7109375,27.466445922851562
8.7265625,27.44623565673828
8.7421875,27.450645446777344
8.7578125,27.4620361328125
8.7734375,27.4620361328125
8.7890625,27.46240997314453
8.8046875,27.4627685546875
8.8203125,27.465721130371094
8.8359375,27.456153869628906
8.8515625,27.463516235351562
8.8671875,27.46240997314453
8.8828125,27.455429077148438
8.8984375,27.44477081298828
8.9140625,27.44550323486328
8.9296875,27.450645446777344
8.9453125,27.465721130371094
8.9609375,27.466445922851562
8.9765625,27.463516235351562
8.9921875,27.449913024902344
9.0078125,27.456527709960938
9.0234375,27.473068237304688
9.0390625,27.468284606933594
9.0546875,27.471588134765625
9.0703125,27.469383239746094
9.0859375,27.45800018310547
9.1015625,27.468284606933594
9.1171875,27.463516235351562
9.1328125,27.466445922851562
9.1484375,27.466445922851562
9.1640625,27.470130920410156
9.1796875,27.470855712890625
9.1953125,27.473068237304688
9.2109375,27.466445922851562
9.2265625,27.472694396972656
9.2421875,27.464248657226562
9.2578125,27.47820281982422
9.2734375,27.474899291992188
9.2890625,27.47930908203125
9.3046875,27.484085083007812
9.3203125,27.485191345214844
9.3359375,27.484817504882812
9.3515625,27.489974975585938
9.3671875,27.492904663085938
9.3828125,27.49768829345703
9.3984375,27.4954833984375
9.4140625,27.492904663085938
9.4296875,27.492904663085938
9.4453125,27.49768829345703
9.4609375,27.487770080566406
9.4765625,27.492904663085938
9.4921875,27.489974975585938
9.5078125,27.489974975585938
9.5234375,27.489601135253906
9.5390625,27.492904663085938
9.5546875,27.49842071533203
9.5703125,27.501358032226562
9.5859375,27.507614135742188
9.6015625,27.506507873535156
9.6171875,27.49842071533203
9.6328125,27.507614135742188
9.6484375,27.507614135742188
9.6640625,27.489974975585938
9.6796875,27.502456665039062
9.6953125,27.49842071533203
9.7109375,27.51312255859375
9.7265625,27.508346557617188
9.7421875,27.503936767578125
9.7578125,27.506134033203125
9.7734375,27.511276245117188
9.7890625,27.499526977539062
9.8046875,27.51568603515625
9.8203125,27.502456665039062
9.8359375,27.510543823242188
9.8515625,27.505409240722656
9.8671875,27.504661560058594
9.8828125,27.4954833984375
9.8984375,27.507614135742188
9.9140625,27.49474334716797
9.9296875,27.498794555664062
9.9453125,27.485191345214844
9.9609375,27.47747802734375
9.9765625,27.489974975585938
9.9921875,27.486663818359375
10.0078125,27.481155395507812
10.0234375,27.491806030273438
10.0390625,27.491432189941406
10.0546875,27.48004913330078
10.0703125,27.47747802734375
10.0859375,27.47747802734375
10.1015625,27.484085083007812
10.1171875,27.48151397705078
10.1328125,27.471588134765625
10.1484375,27.472694396972656
10.1640625,27.473068237304688
10.1796875,27.47930908203125
10.1953125,27.486663818359375
10.2109375,27.489974975585938
10.2265625,27.49217987060547
10.2421875,27.465721130371094
10.2578125,27.484085083007812
10.2734375,27.48004913330078
10.2890625,27.484085083007812
10.3046875,27.466445922851562
10.3203125,27.484085083007812
10.3359375,27.47454071044922
10.3515625,27.47930908203125
10.3671875,27.469383239746094
10.3828125,27.47747802734375
10.3984375,27.47454071044922
10.4140625,27.47930908203125
10.4296875,27.48004913330078
10.4453125,27.474166870117188
10.4609375,27.468284606933594
10.4765625,27.465347290039062
10.4921875,27.466445922851562
10.5078125,27.47563934326172
10.5234375,27.4627685546875
10.5390625,27.466445922851562
10.5546875,27.456153869628906
10.5703125,27.469383239746094
10.5859375,27.467178344726562
10.6015625,27.456527709960938
10.6171875,27.461669921875
10.6328125,27.466079711914062
10.6484375,27.4598388671875
10.6640625,27.4598388671875
10.6796875,27.466445922851562
10.6953125,27.458358764648438
10.7109375,27.463516235351562
10.7265625,27.456527709960938
10.7421875,27.452850341796875
10.7578125,27.466445922851562
10.7734375,27.461669921875
10.7890625,27.461669921875
10.8046875,27.456153869628906
10.8203125,27.44477081298828
10.8359375,27.466445922851562
10.8515625,27.46387481689453
10.8671875,27.461669921875
10.8828125,27.4627685546875
10.8984375,27.4627685546875
10.9140625,27.464614868164062
10.9296875,27.456153869628906
10.9453125,27.461669921875
10.9609375,27.471588134765625
10.9765625,27.463516235351562
10.9921875,27.453590393066406
11.0078125,27.45690155029297
11.0234375,27.465721130371094
11.0390625,27.461669921875
11.0546875,27.4620361328125
11.0703125,27.470130920410156
11.0859375,27.470855712890625
11.1015625,27.47637176513672
11.1171875,27.485191345214844
11.1328125,27.47930908203125
11.1484375,27.466445922851562
11.1640625,27.482986450195312
11.1796875,27.47930908203125
11.1953125,27.466445922851562
11.2109375,27.473068237304688
11.2265625,27.482254028320312
11.2421875,27.484085083007812
11.2578125,27.474166870117188
11.2734375,27.47930908203125
11.2890625,27.491432189941406
11.3046875,27.486297607421875
11.3203125,27.484085083007812
11.3359375,27.474166870117188
11.3515625,27.488494873046875
11.3671875,27.489974975585938
11.3828125,27.491806030273438
11.3984375,27.484817504882812
11.4140625,27.489974975585938
11.4296875,27.4954833984375
11.4453125,27.502098083496094
11.4609375,27.49842071533203
11.4765625,27.518264770507812
11.4921875,27.511276245117188
11.5078125,27.527084350585938
11.5234375,27.510177612304688
11.5390625,27.528915405273438
11.5546875,27.51679229736328
11.5703125,27.51238250732422
11.5859375,27.511276245117188
11.6015625,27.51275634765625
11.6171875,27.522300720214844
11.6328125,27.540687561035156
11.6484375,27.535171508789062
11.6640625,27.5303955078125
11.6796875,27.518638610839844
11.6953125,27.5333251953125
11.7109375,27.526710510253906
11.7265625,27.53076171875
11.7421875,27.527816772460938
11.7578125,27.526351928710938
11.7734375,27.519737243652344
11.7890625,27.5322265625
11.8046875,27.5296630859375
11.8203125,27.538108825683594
11.8359375,27.52855682373047
11.8515625,27.534072875976562
11.8671875,27.52928924560547
11.8828125,27.521942138671875
11.8984375,27.527816772460938
11.9140625,27.5303955078125
11.9296875,27.527816772460938
11.9453125,27.527084350585938
11.9609375,27.544723510742188
11.9765625,27.536277770996094
11.9921875,27.528915405273438
12.0078125,27.531494140625
12.0234375,27.534072875976562
12.0390625,27.542518615722656
12.0546875,27.534072875976562
12.0703125,27.5333251953125
12.0859375,27.525611877441406
12.1015625,27.534072875976562
12.1171875,27.52855682373047
12.1328125,27.52745819091797
12.1484375,27.5322265625
12.1640625,27.521202087402344
12.1796875,27.528915405273438
12.1953125,27.52745819091797
12.2109375,27.534072875976562
12.2265625,27.522300720214844
12.2421875,27.520095825195312
12.2578125,27.528182983398438
12.2734375,27.509445190429688
12.2890625,27.51275634765625
12.3046875,27.525985717773438
12.3203125,27.519737243652344
12.3359375,27.518264770507812
12.3515625,27.523048400878906
12.3671875,27.51202392578125
12.3828125,27.509071350097656
12.3984375,27.509071350097656
12.4140625,27.522300720214844
12.4296875,27.51568603515625
12.4453125,27.508346557617188
12.4609375,27.501358032226562
12.4765625,27.51385498046875
12.4921875,27.510177612304688
12.5078125,27.51238250732422
12.5234375,27.497314453125
12.5390625,27.506866455078125
12.5546875,27.51275634765625
12.5703125,27.49842071533203
12.5859375,27.51275634765625
12.6015625,27.509445190429688
12.6171875,27.501358032226562
12.6328125,27.510543823242188
12.6484375,27.49768829345703
12.6640625,27.49842071533203
12.6796875,27.510543823242188
12.6953125,27.508712768554688
12.7109375,27.511276245117188
12.7265625,27.507614135742188
12.7421875,27.497314453125
12.7578125,27.505035400390625
12.7734375,27.507614135742188
12.7890625,27.504661560058594
12.8046875,27.509445190429688
12.8203125,27.504661560058594
12.8359375,27.509445190429688
12.8515625,27.507614135742188
12.8671875,27.505767822265625
12.8828125,27.51348114013672
12.8984375,27.51202392578125
12.9140625,27.508346557617188
12.9296875,27.504661560058594
12.9453125,27.49768829345703
12.9609375,27.506866455078125
12.9765625,27.493637084960938
12.9921875,27.511276245117188
13.0078125,27.511276245117188
13.0234375,27.51605987548828
13.0390625,27.509445190429688
13.0546875,27.51348114013672
13.0703125,27.511276245117188
13.0859375,27.507614135742188
13.1015625,27.509445190429688
13.1171875,27.511276245117188
13.1328125,27.517532348632812
13.1484375,27.509445190429688
13.1640625,27.511276245117188
13.1796875,27.51312255859375
13.1953125,27.51238250732422
13.2109375,27.516433715820312
13.2265625,27.511276245117188
13.2421875,27.51312255859375
13.2578125,27.51238250732422
13.2734375,27.51385498046875
13.2890625,27.51679229736328
13.3046875,27.51348114013672
13.3203125,27.520469665527344
13.3359375,27.517532348632812
13.3515625,27.51385498046875
13.3671875,27.519363403320312
13.3828125,27.536636352539062
13.3984375,27.527084350585938
13.4140625,27.526710510253906
13.4296875,27.526710510253906
13.4453125,27.523773193359375
13.4609375,27.5303955078125
13.4765625,27.5322265625
13.4921875,27.53076171875
13.5078125,27.5322265625
13.5234375,27.52745819091797
13.5390625,27.525611877441406
13.5546875,27.537376403808594
13.5703125,27.538108825683594
13.5859375,27.52928924560547
13.6015625,27.538108825683594
13.6171875,27.53186798095703
13.6328125,27.544349670410156
13.6484375,27.53076171875
13.6640625,27.52745819091797
13.6796875,27.544349670410156
13.6953125,27.525611877441406
13.7109375,27.544723510742188
13.7265625,27.54840087890625
13.7421875,27.545822143554688
13.7578125,27.539581298828125
13.7734375,27.540687561035156
13.7890625,27.544349670410156
13.8046875,27.539581298828125
13.8203125,27.543991088867188
13.8359375,27.53186798095703
13.8515625,27.544349670410156
13.8671875,27.54840087890625
13.8828125,27.54730224609375
13.8984375,27.54840087890625
13.9140625,27.542518615722656
13.9296875,27.539581298828125
13.9453125,27.539581298828125
13.9609375,27.552810668945312
13.9765625,27.545822143554688
13.9921875,27.54840087890625
14.0078125,27.560890197753906
14.0234375,27.54840087890625
14.0390625,27.54803466796875
14.0546875,27.54619598388672
14.0703125,27.539215087890625
14.0859375,27.543991088867188
14.1015625,27.55316925048828
14.1171875,27.54692840576172
14.1328125,27.544349670410156
14.1484375,27.52745819091797
14.1640625,27.544349670410156
14.1796875,27.544349670410156
14.1953125,27.52745819091797
14.2109375,27.537002563476562
14.2265625,27.534805297851562
14.2421875,27.544349670410156
14.2578125,27.541046142578125
14.2734375,27.531494140625
14.2890625,27.53186798095703
14.3046875,27.534072875976562
14.3203125,27.526710510253906
14.3359375,27.525985717773438
14.3515625,27.545455932617188
14.3671875,27.525611877441406
14.3828125,27.52928924560547
14.3984375,27.528915405273438
14.4140625,27.518638610839844
14.4296875,27.525985717773438
14.4453125,27.523773193359375
14.4609375,27.53076171875
14.4765625,27.51679229736328
14.4921875,27.527084350585938
14.5078125,27.52745819091797
14.5234375,27.525985717773438
14.5390625,27.523048400878906
14.5546875,27.519363403320312
14.5703125,27.524147033691406
14.5859375,27.518638610839844
14.6015625,27.523773193359375
14.6171875,27.523773193359375
14.6328125,27.508712768554688
14.6484375,27.51568603515625
14.6640625,27.521202087402344
14.6796875,27.521202087402344
14.6953125,27.50025177001953
14.7109375,27.51385498046875
14.7265625,27.51679229736328
14.7421875,27.51202392578125
14.7578125,27.525985717773438
14.7734375,27.520095825195312
14.7890625,27.51091766357422
14.8046875,27.509071350097656
14.8203125,27.509071350097656
14.8359375,27.507614135742188
14.8515625,27.508346557617188
14.8671875,27.499526977539062
14.8828125,27.51275634765625
14.8984375,27.506507873535156
14.9140625,27.49768829345703
14.9296875,27.520469665527344
14.9453125,27.521202087402344
14.9609375,27.511276245117188
14.9765625,27.507614135742188
14.9921875,27.510543823242188
15.0078125,27.51422882080078
15.0234375,27.507614135742188
15.0390625,27.51458740234375
15.0546875,27.517532348632812
15.0703125,27.509445190429688
15.0859375,27.505409240722656
15.1015625,27.51275634765625
15.1171875,27.507614135742188
15.1328125,27.51312255859375
15.1484375,27.511276245117188
15.1640625,27.51238250732422
15.1796875,27.51202392578125
15.1953125,27.507614135742188
15.2109375,27.51202392578125
15.2265625,27.51091766357422
15.2421875,27.51605987548828
15.2578125,27.51568603515625
15.2734375,27.51605987548828
15.2890625,27.522674560546875
15.3046875,27.51275634765625
15.3203125,27.509445190429688
15.3359375,27.504661560058594
15.3515625,27.522674560546875
15.3671875,27.51679229736328
15.3828125,27.506866455078125
15.3984375,27.51679229736328
15.4140625,27.521202087402344
15.4296875,27.520095825195312
15.4453125,27.521202087402344
15.4609375,27.518638610839844
15.4765625,27.51202392578125
15.4921875,27.519363403320312
15.5078125,27.525985717773438
15.5234375,27.519737243652344
15.5390625,27.523048400878906
15.5546875,27.520843505859375
15.5703125,27.522300720214844
15.5859375,27.526710510253906
15.6015625,27.522674560546875
15.6171875,27.53443145751953
15.6328125,27.522674560546875
15.6484375,27.527084350585938
15.6640625,27.516433715820312
15.6796875,27.526710510253906
15.6953125,27.51238250732422
15.7109375,27.518638610839844
15.7265625,27.51679229736328
15.7421875,27.527816772460938
15.7578125,27.5325927734375
15.7734375,27.535171508789062
15.7890625,27.53443145751953
15.8046875,27.541046142578125
15.8203125,27.520843505859375
15.8359375,27.53002166748047
15.8515625,27.537734985351562
15.8671875,27.52928924560547
15.8828125,27.5333251953125
15.8984375,27.538108825683594
15.9140625,27.53002166748047
15.9296875,27.52928924560547
15.9453125,27.525611877441406
15.9609375,27.52928924560547
15.9765625,27.527816772460938
15.9921875,27.526710510253906
16.0078125,27.525611877441406
16.0234375,27.537376403808594
16.0390625,27.534072875976562
16.0546875,27.53076171875
16.0703125,27.536636352539062
16.0859375,27.5333251953125
16.1015625,27.521575927734375
16.1171875,27.53002166748047
16.1328125,27.525985717773438
16.1484375,27.527816772460938
16.1640625,27.526710510253906
16.1796875,27.526710510253906
16.1953125,27.525253295898438
16.2109375,27.525611877441406
16.2265625,27.520095825195312
16.2421875,27.518638610839844
16.2578125,27.519363403320312
16.2734375,27.51238250732422
16.2890625,27.508346557617188
16.3046875,27.51238250732422
16.3203125,27.51275634765625
16.3359375,27.507240295410156
16.3515625,27.508346557617188
16.3671875,27.51385498046875
16.3828125,27.509445190429688
16.3984375,27.51568603515625
16.4140625,27.51202392578125
16.4296875,27.504661560058594
16.4453125,27.507614135742188
16.4609375,27.507614135742188
16.4765625,27.511276245117188
16.4921875,27.49474334716797
16.5078125,27.501358032226562
16.5234375,27.51312255859375
16.5390625,27.507614135742188
16.5546875,27.507240295410156
16.5703125,27.511276245117188
16.5859375,27.502456665039062
16.6015625,27.502456665039062
16.6171875,27.49768829345703
16.6328125,27.497314453125
16.6484375,27.492904663085938
16.6640625,27.51348114013672
16.6796875,27.486663818359375
16.6953125,27.489974975585938
16.7109375,27.4954833984375
16.7265625,27.484817504882812
16.7421875,27.485565185546875
16.7578125,27.49842071533203
16.7734375,27.49768829345703
16.7890625,27.48004913330078
16.8046875,27.473068237304688
16.8203125,27.49474334716797
16.8359375,27.4954833984375
16.8515625,27.48004913330078
16.8671875,27.481887817382812
16.8828125,27.491806030273438
16.8984375,27.49474334716797
16.9140625,27.499526977539062
16.9296875,27.505409240722656
16.9453125,27.488494873046875
16.9609375,27.502456665039062
16.9765625,27.493637084960938
16.9921875,27.489974975585938
17.0078125,27.504661560058594
17.0234375,27.503936767578125
17.0390625,27.511276245117188
17.0546875,27.49842071533203
17.0703125,27.500999450683594
17.0859375,27.49768829345703
17.1015625,27.487770080566406
17.1171875,27.49768829345703
17.1328125,27.49474334716797
17.1484375,27.491806030273438
17.1640625,27.508346557617188
17.1796875,27.51348114013672
17.1953125,27.4954833984375
17.2109375,27.51275634765625
17.2265625,27.508712768554688
17.2421875,27.507614135742188
17.2578125,27.505409240722656
17.2734375,27.504661560058594
17.2890625,27.51312255859375
17.3046875,27.49768829345703
17.3203125,27.51238250732422
17.3359375,27.49658966064453
17.3515625,27.503204345703125
17.3671875,27.506134033203125
17.3828125,27.49474334716797
17.3984375,27.51532745361328
17.4140625,27.516433715820312
17.4296875,27.508346557617188
17.4453125,27.492904663085938
17.4609375,27.510177612304688
17.4765625,27.505767822265625
17.4921875,27.508346557617188
17.5078125,27.508346557617188
17.5234375,27.501358032226562
17.5390625,27.511276245117188
17.5546875,27.51238250732422
17.5703125,27.49474334716797
17.5859375,27.49768829345703
17.6015625,27.505035400390625
17.6171875,27.51312255859375
17.6328125,27.491806030273438
17.6484375,27.4954833984375
17.6640625,27.49658966064453
17.6796875,27.51275634765625
17.6953125,27.500625610351562
17.7109375,27.51348114013672
17.7265625,27.487770080566406
17.7421875,27.502098083496094
17.7578125,27.503204345703125
17.7734375,27.503204345703125
17.7890625,27.491806030273438
17.8046875,27.501724243164062
17.8203125,27.489601135253906
17.8359375,27.503936767578125
17.8515625,27.510177612304688
17.8671875,27.502456665039062
17.8828125,27.510543823242188
17.8984375,27.49584197998047
17.9140625,27.506866455078125
17.9296875,27.504661560058594
17.9453125,27.51165008544922
17.9609375,27.503204345703125
17.9765625,27.509445190429688
17.9921875,27.503204345703125
18.0078125,27.49768829345703
18.0234375,27.504302978515625
18.0390625,27.502456665039062
18.0546875,27.502456665039062
18.0703125,27.49474334716797
18.0859375,27.506866455078125
18.1015625,27.489974975585938
18.1171875,27.49474334716797
18.1328125,27.49474334716797
18.1484375,27.491073608398438
18.1640625,27.491073608398438
18.1796875,27.48004913330078
18.1953125,27.482986450195312
18.2109375,27.47820281982422
18.2265625,27.489601135253906
18.2421875,27.487022399902344
18.2578125,27.485191345214844
18.2734375,27.47930908203125
18.2890625,27.47820281982422
18.3046875,27.474166870117188
18.3203125,27.470130920410156
18.3359375,27.466445922851562
18.3515625,27.481887817382812
18.3671875,27.489227294921875
18.3828125,27.482986450195312
18.3984375,27.481155395507812
18.4140625,27.485191345214844
18.4296875,27.481887817382812
18.4453125,27.47930908203125
18.4609375,27.481155395507812
18.4765625,27.47930908203125
18.4921875,27.492904663085938
18.5078125,27.483360290527344
18.5234375,27.484817504882812
18.5390625,27.47930908203125
18.5546875,27.48040771484375
18.5703125,27.484085083007812
18.5859375,27.47563934326172
18.6015625,27.47930908203125
18.6171875,27.47930908203125
18.6328125,27.47820281982422
18.6484375,27.47454071044922
18.6640625,27.486663818359375
18.6796875,27.486663818359375
18.6953125,27.486297607421875
18.7109375,27.485191345214844
18.7265625,27.47930908203125
18.7421875,27.49768829345703
18.7578125,27.465721130371094
18.7734375,27.473434448242188
18.7890625,27.473068237304688
18.8046875,27.472335815429688
18.8203125,27.47967529296875
18.8359375,27.47747802734375
18.8515625,27.487022399902344
18.8671875,27.47747802734375
18.8828125,27.484085083007812
18.8984375,27.49768829345703
18.9140625,27.491073608398438
18.9296875,27.472694396972656
18.9453125,27.484085083007812
18.9609375,27.471588134765625
18.9765625,27.47820281982422
18.9921875,27.47637176513672
19.0078125,27.49401092529297
19.0234375,27.47930908203125
19.0390625,27.49842071533203
19.0546875,27.484817504882812
19.0703125,27.485191345214844
19.0859375,27.488128662109375
19.1015625,27.485191345214844
19.1171875,27.484085083007812
19.1328125,27.49768829345703
19.1484375,27.4969482421875
19.1640625,27.49474334716797
19.1796875,27.486663818359375
19.1953125,27.489974975585938
19.2109375,27.511276245117188
19.2265625,27.507614135742188
19.2421875,27.49842071533203
19.2578125,27.51202392578125
19.2734375,27.510543823242188
19.2890625,27.51385498046875
19.3046875,27.509445190429688
19.3203125,27.489974975585938
19.3359375,27.505035400390625
19.3515625,27.51385498046875
19.3671875,27.511276245117188
19.3828125,27.49842071533203
19.3984375,27.509445190429688
19.4140625,27.519363403320312
19.4296875,27.50981903076172
19.4453125,27.51091766357422
19.4609375,27.509445190429688
19.4765625,27.508712768554688
19.4921875,27.508712768554688
19.5078125,27.507614135742188
19.5234375,27.509445190429688
19.5390625,27.517532348632812
19.5546875,27.51679229736328
19.5703125,27.505767822265625
19.5859375,27.517532348632812
19.6015625,27.510177612304688
19.6171875,27.51422882080078
19.6328125,27.51679229736328
19.6484375,27.511276245117188
19.6640625,27.51202392578125
19.6796875,27.517532348632812
19.6953125,27.524505615234375
19.7109375,27.51238250732422
19.7265625,27.51202392578125
19.7421875,27.506134033203125
19.7578125,27.51568603515625
19.7734375,27.506866455078125
19.7890625,27.507614135742188
19.8046875,27.505035400390625
19.8203125,27.501358032226562
19.8359375,27.51458740234375
19.8515625,27.51422882080078
19.8671875,27.525253295898438
19.8828125,27.51091766357422
19.8984375,27.510177612304688
19.9140625,27.51568603515625
19.9296875,27.51605987548828
19.9453125,27.50025177001953
19.9609375,27.501358032226562
19.9765625,27.503204345703125
19.9921875,27.51312255859375
20.0078125,27.51238250732422
20.0234375,27.509445190429688
20.0390625,27.509445190429688
20.0546875,27.492904663085938
20.0703125,27.489974975585938
20.0859375,27.51202392578125
20.1015625,27.491806030273438
20.1171875,27.500625610351562
20.1328125,27.49401092529297
20.1484375,27.485191345214844
20.1640625,27.485191345214844
20.1796875,27.48004913330078
20.1953125,27.473068237304688
20.2109375,27.485191345214844
20.2265625,27.49401092529297
20.2421875,27.485191345214844
20.2578125,27.47930908203125
20.2734375,27.47967529296875
20.2890625,27.489974975585938
20.3046875,27.47930908203125
20.3203125,27.47784423828125
20.3359375,27.47820281982422
20.3515625,27.48004913330078
20.3671875,27.489974975585938
20.3828125,27.49768829345703
20.3984375,27.499526977539062
20.4140625,27.481155395507812
20.4296875,27.486663818359375
20.4453125,27.487770080566406
20.4609375,27.473068237304688
20.4765625,27.47930908203125
20.4921875,27.489601135253906
20.5078125,27.473434448242188
20.5234375,27.466445922851562
20.5390625,27.469383239746094
20.5546875,27.463516235351562
20.5703125,27.469383239746094
20.5859375,27.47930908203125
20.6015625,27.456153869628906
20.6171875,27.466445922851562
20.6328125,27.47747802734375
20.6484375,27.463516235351562
20.6640625,27.47930908203125
20.6796875,27.466445922851562
20.6953125,27.485191345214844
20.7109375,27.470130920410156
20.7265625,27.473793029785156
20.7421875,27.481155395507812
20.7578125,27.47930908203125
20.7734375,27.47857666015625
20.7890625,27.482254028320312
20.8046875,27.47747802734375
20.8203125,27.466445922851562
20.8359375,27.47747802734375
20.8515625,27.473434448242188
20.8671875,27.468284606933594
20.8828125,27.473434448242188
20.8984375,27.466445922851562
20.9140625,27.486663818359375
20.9296875,27.47747802734375
20.9453125,27.466445922851562
20.9609375,27.472694396972656
20.9765625,27.489227294921875
20.9921875,27.485191345214844
21.0078125,27.492904663085938
21.0234375,27.47820281982422
21.0390625,27.47784423828125
21.0546875,27.486663818359375
21.0703125,27.47967529296875
21.0859375,27.484085083007812
21.1015625,27.488494873046875
21.1171875,27.492904663085938
21.1328125,27.482254028320312
21.1484375,27.485191345214844
21.1640625,27.47820281982422
21.1796875,27.484085083007812
21.1953125,27.491073608398438
21.2109375,27.489974975585938
21.2265625,27.490333557128906
21.2421875,27.47930908203125
21.2578125,27.491806030273438
21.2734375,27.48004913330078
21.2890625,27.489227294921875
21.3046875,27.489974975585938
21.3203125,27.489601135253906
21.3359375,27.489974975585938
21.3515625,27.491806030273438
21.3671875,27.487022399902344
21.3828125,27.490333557128906
21.3984375,27.492904663085938
21.4140625,27.484817504882812
21.4296875,27.490333557128906
21.4453125,27.481155395507812
21.4609375,27.481887817382812
21.4765625,27.48004913330078
21.4921875,27.482254028320312
21.5078125,27.489601135253906
21.5234375,27.489974975585938
21.5390625,27.49584197998047
21.5546875,27.502456665039062
21.5703125,27.491806030273438
21.5859375,27.507240295410156
21.6015625,27.491806030273438
21.6171875,27.484817504882812
21.6328125,27.486663818359375
21.6484375,27.487770080566406
21.6640625,27.505409240722656
21.6796875,27.481155395507812
21.6953125,27.492904663085938
21.7109375,27.484817504882812
21.7265625,27.489974975585938
21.7421875,27.49768829345703
21.7578125,27.491806030273438
21.7734375,27.49474334716797
21.7890625,27.49768829345703
21.8046875,27.489974975585938
21.8203125,27.487770080566406
21.8359375,27.489601135253906
21.8515625,27.492904663085938
21.8671875,27.489974975585938
21.8828125,27.492904663085938
21.8984375,27.4969482421875
21.9140625,27.481887817382812
21.9296875,27.48040771484375
21.9453125,27.486663818359375
21.9609375,27.487770080566406
21.9765625,27.474899291992188
21.9921875,27.487022399902344
22.0078125,27.485191345214844
22.0234375,27.502456665039062
22.0390625,27.488494873046875
22.0546875,27.49401092529297
22.0703125,27.486297607421875
22.0859375,27.489601135253906
22.1015625,27.499526977539062
22.1171875,27.48004913330078
22.1328125,27.488128662109375
22.1484375,27.48004913330078
22.1640625,27.47930908203125
22.1796875,27.48004913330078
22.1953125,27.48151397705078
22.2109375,27.47930908203125
22.2265625,27.471588134765625
22.2421875,27.47930908203125
22.2578125,27.473068237304688
22.2734375,27.486663818359375
22.2890625,27.471588134765625
22.3046875,27.47930908203125
22.3203125,27.471588134765625
22.3359375,27.48040771484375
22.3515625,27.473434448242188
22.3671875,27.466445922851562
22.3828125,27.466445922851562
22.3984375,27.466445922851562
22.4140625,27.463516235351562
22.4296875,27.45873260498047
22.4453125,27.473793029785156
22.4609375,27.461669921875
22.4765625,27.461669921875
22.4921875,27.466445922851562
22.5078125,27.47747802734375
22.5234375,27.466445922851562
22.5390625,27.473434448242188
22.5546875,27.452850341796875
22.5703125,27.4627685546875
22.5859375,27.471588134765625
22.6015625,27.466445922851562
22.6171875,27.469383239746094
22.6328125,27.463516235351562
22.6484375,27.467552185058594
22.6640625,27.47454071044922
22.6796875,27.470130920410156
22.6953125,27.465721130371094
22.7109375,27.466445922851562
22.7265625,27.469383239746094
22.7421875,27.4627685546875
22.7578125,27.466445922851562
22.7734375,27.466445922851562
22.7890625,27.47563934326172
22.8046875,27.466445922851562
22.8203125,27.469383239746094
22.8359375,27.488128662109375
22.8515625,27.469383239746094
22.8671875,27.466445922851562
22.8828125,27.47930908203125
22.8984375,27.484085083007812
22.9140625,27.466445922851562
22.9296875,27.47747802734375
22.9453125,27.469383239746094
22.9609375,27.473434448242188
22.9765625,27.48078155517578
22.9921875,27.486663818359375
23.0078125,27.49584197998047
23.0234375,27.486663818359375
23.0390625,27.49401092529297
23.0546875,27.47930908203125
23.0703125,27.482986450195312
23.0859375,27.492904663085938
23.1015625,27.491806030273438
23.1171875,27.481887817382812
23.1328125,27.48004913330078
23.1484375,27.47820281982422
23.1640625,27.491806030273438
23.1796875,27.502456665039062
23.1953125,27.48040771484375
23.2109375,27.47820281982422
23.2265625,27.48004913330078
23.2421875,27.486663818359375
23.2578125,27.486663818359375
23.2734375,27.49584197998047
23.2890625,27.48004913330078
23.3046875,27.481887817382812
23.3203125,27.489227294921875
23.3359375,27.502098083496094
23.3515625,27.47784423828125
23.3671875,27.473068237304688
23.3828125,27.484817504882812
23.3984375,27.49768829345703
23.4140625,27.491073608398438
23.4296875,27.49474334716797
23.4453125,27.489974975585938
23.4609375,27.484817504882812
23.4765625,27.484817504882812
23.4921875,27.49474334716797
23.5078125,27.501724243164062
23.5234375,27.500625610351562
23.5390625,27.49842071533203
23.5546875,27.489974975585938
23.5703125,27.499526977539062
23.5859375,27.511276245117188
23.6015625,27.50025177001953
23.6171875,27.504302978515625
23.6328125,27.509071350097656
23.6484375,27.493637084960938
23.6640625,27.487770080566406
23.6796875,27.503204345703125
23.6953125,27.489974975585938
23.7109375,27.49474334716797
23.7265625,27.49768829345703
23.7421875,27.49768829345703
23.7578125,27.511276245117188
23.7734375,27.499526977539062
23.7890625,27.49584197998047
23.8046875,27.491806030273438
23.8203125,27.505767822265625
23.8359375,27.501358032226562
23.8515625,27.507614135742188
23.8671875,27.49474334716797
23.8828125,27.505409240722656
23.8984375,27.488128662109375
23.9140625,27.501358032226562
23.9296875,27.485191345214844
23.9453125,27.4969482421875
23.9609375,27.491806030273438
23.9765625,27.491073608398438
23.9921875,27.48004913330078
24.0078125,27.481155395507812
24.0234375,27.484817504882812
24.0390625,27.47747802734375
24.0546875,27.485565185546875
24.0703125,27.484817504882812
24.0859375,27.482986450195312
24.1015625,27.47930908203125
24.1171875,27.47930908203125
24.1328125,27.47820281982422
24.1484375,27.49584197998047
24.1640625,27.472694396972656
24.1796875,27.47747802734375
24.1953125,27.482986450195312
24.2109375,27.482254028320312
24.2265625,27.484085083007812
24.2421875,27.486297607421875
24.2578125,27.48151397705078
24.2734375,27.48151397705078
24.2890625,27.486663818359375
24.3046875,27.484085083007812
24.3203125,27.466445922851562
24.3359375,27.47784423828125
24.3515625,27.47930908203125
24.3671875,27.47930908203125
24.3828125,27.484085083007812
24.3984375,27.47820281982422
24.4140625,27.47747802734375
24.4296875,27.463516235351562
24.4453125,27.470130920410156
24.4609375,27.471588134765625
24.4765625,27.473068237304688
24.4921875,27.47930908203125
24.5078125,27.489227294921875
24.5234375,27.474166870117188
24.5390625,27.47930908203125
24.5546875,27.484817504882812
24.5703125,27.485191345214844
24.5859375,27.47930908203125
24.6015625,27.482254028320312
24.6171875,27.48040771484375
24.6328125,27.463516235351562
24.6484375,27.466445922851562
24.6640625,27.461669921875
24.6796875,27.469383239746094
24.6953125,27.48004913330078
24.7109375,27.473434448242188
24.7265625,27.471588134765625
24.7421875,27.473434448242188
24.7578125,27.473434448242188
24.7734375,27.471588134765625
24.7890625,27.470130920410156
24.8046875,27.48040771484375
24.8203125,27.46497344970703
24.8359375,27.473793029785156
24.8515625,27.48004913330078
24.8671875,27.47563934326172
24.8828125,27.493637084960938
24.8984375,27.474166870117188
24.9140625,27.473068237304688
24.9296875,27.47747802734375
24.9453125,27.47930908203125
24.9609375,27.49768829345703
24.9765625,27.486663818359375
24.9921875,27.48004913330078
25.0078125,27.485191345214844
25.0234375,27.492904663085938
25.0390625,27.48004913330078
25.0546875,27.484085083007812
25.0703125,27.49401092529297
25.0859375,27.485191345214844
25.1015625,27.4954833984375
25.1171875,27.485191345214844
25.1328125,27.474166870117188
25.1484375,27.466445922851562
25.1640625,27.488128662109375
25.1796875,27.484817504882812
25.1953125,27.47820281982422
25.2109375,27.47930908203125
25.2265625,27.47820281982422
25.2421875,27.488494873046875
25.2578125,27.487770080566406
25.2734375,27.482986450195312
25.2890625,27.49768829345703
25.3046875,27.484817504882812
25.3203125,27.49401092529297
25.3359375,27.494384765625
25.3515625,27.492904663085938
25.3671875,27.49217987060547
25.3828125,27.47820281982422
25.3984375,27.484817504882812
25.4140625,27.49768829345703
25.4296875,27.487022399902344
25.4453125,27.484817504882812
25.4609375,27.47930908203125
25.4765625,27.487770080566406
25.4921875,27.48004913330078
25.5078125,27.492904663085938
25.5234375,27.47747802734375
25.5390625,27.489227294921875
25.5546875,27.485191345214844
25.5703125,27.47930908203125
25.5859375,27.47820281982422
25.6015625,27.491073608398438
25.6171875,27.489974975585938
25.6328125,27.48004913330078
25.6484375,27.486663818359375
25.6640625,27.49474334716797
25.6796875,27.492904663085938
25.6953125,27.484817504882812
25.7109375,27.47820281982422
25.7265625,27.487770080566406
25.7421875,27.48004913330078
25.7578125,27.473068237304688
25.7734375,27.485191345214844
25.7890625,27.489974975585938
25.8046875,27.490333557128906
25.8203125,27.47747802734375
25.8359375,27.466445922851562
25.8515625,27.47930908203125
25.8671875,27.481155395507812
25.8828125,27.47930908203125
25.8984375,27.47930908203125
25.9140625,27.47820281982422
25.9296875,27.47930908203125
25.9453125,27.47930908203125
25.9609375,27.474166870117188
25.9765625,27.473793029785156
25.9921875,27.482254028320312
26.0078125,27.473068237304688
26.0234375,27.471588134765625
26.0390625,27.471588134765625
26.0546875,27.473068237304688
26.0703125,27.471588134765625
26.0859375,27.465721130371094
26.1015625,27.470130920410156
26.1171875,27.458358764648438
26.1328125,27.473434448242188
26.1484375,27.48078155517578
26.1640625,27.466445922851562
26.1796875,27.467552185058594
26.1953125,27.470855712890625
26.2109375,27.47747802734375
26.2265625,27.465721130371094
26.2421875,27.465721130371094
26.2578125,27.469383239746094
26.2734375,27.466445922851562
26.2890625,27.466445922851562
26.3046875,27.466445922851562
26.3203125,27.466445922851562
26.3359375,27.456153869628906
26.3515625,27.45873260498047
26.3671875,27.466445922851562
26.3828125,27.466445922851562
26.3984375,27.467552185058594
26.4140625,27.455429077148438
26.4296875,27.467552185058594
26.4453125,27.473434448242188
26.4609375,27.46240997314453
26.4765625,27.466445922851562
26.4921875,27.467178344726562
26.5078125,27.467552185058594
26.5234375,27.449180603027344
26.5390625,27.472694396972656
26.5546875,27.469383239746094
26.5703125,27.47930908203125
26.5859375,27.471588134765625
26.6015625,27.469383239746094
26.6171875,27.471588134765625
26.6328125,27.47930908203125
26.6484375,27.47930908203125
26.6640625,27.47747802734375
26.6796875,27.484085083007812
26.6953125,27.47820281982422
26.7109375,27.47930908203125
26.7265625,27.47930908203125
26.7421875,27.466445922851562
26.7578125,27.470489501953125
26.7734375,27.482254028320312
26.7890625,27.473068237304688
26.8046875,27.47747802734375
26.8203125,27.47930908203125
26.8359375,27.473068237304688
26.8515625,27.473068237304688
26.8671875,27.466445922851562
26.8828125,27.47930908203125
26.8984375,27.467178344726562
26.9140625,27.484085083007812
26.9296875,27.473068237304688
26.9453125,27.482986450195312
26.9609375,27.49401092529297
26.9765625,27.488128662109375
26.9921875,27.491806030273438
27.0078125,27.508346557617188
27.0234375,27.49842071533203
27.0390625,27.509445190429688
27.0546875,27.51238250732422
27.0703125,27.523048400878906
27.0859375,27.527084350585938
27.1015625,27.51202392578125
27.1171875,27.540313720703125
27.1328125,27.537002563476562
27.1484375,27.539581298828125
27.1640625,27.54840087890625
27.1796875,27.557220458984375
27.1953125,27.560890197753906
27.2109375,27.559425354003906
27.2265625,27.58147430419922
27.2421875,27.56273651123047
27.2578125,27.573760986328125
27.2734375,27.589195251464844
27.2890625,27.58588409423828
27.3046875,27.597640991210938
27.3203125,27.608665466308594
27.3359375,27.61895751953125
27.3515625,27.590293884277344
27.3671875,27.608291625976562
27.3828125,27.610496520996094
27.3984375,27.613807678222656
27.4140625,27.6002197265625
27.4296875,27.624832153320312
27.4453125,27.614181518554688
27.4609375,27.635498046875
27.4765625,27.628509521484375
27.4921875,27.632186889648438
27.5078125,27.645050048828125
27.5234375,27.638427734375
27.5390625,27.633651733398438
27.5546875,27.63880157470703
27.5703125,27.632919311523438
27.5859375,27.643211364746094
27.6015625,27.65203094482422
27.6171875,27.645774841308594
27.6328125,27.65679931640625
27.6484375,27.664161682128906
27.6640625,27.660110473632812
27.6796875,27.660110473632812
27.6953125,27.662315368652344
27.7109375,27.675918579101562
27.7265625,27.667098999023438
27.7421875,27.675918579101562
27.7578125,27.683631896972656
27.7734375,27.6744384765625
27.7890625,27.678115844726562
27.8046875,27.684005737304688
27.8203125,27.675918579101562
27.8359375,27.68951416015625
27.8515625,27.685104370117188
27.8671875,27.684005737304688
27.8828125,27.685104370117188
27.8984375,27.67407989501953
27.9140625,27.684005737304688
27.9296875,27.685104370117188
27.9453125,27.681427001953125
27.9609375,27.6707763671875
27.9765625,27.675186157226562
27.9921875,27.67407989501953
28.0078125,27.680328369140625
28.0234375,27.663414001464844
28.0390625,27.679595947265625
28.0546875,27.667823791503906
28.0703125,27.663414001464844
28.0859375,27.667098999023438
28.1015625,27.659751892089844
28.1171875,27.65679931640625
28.1328125,27.666725158691406
28.1484375,27.663055419921875
28.1640625,27.67040252685547
28.1796875,27.65644073486328
28.1953125,27.661956787109375
28.2109375,27.652389526367188
28.2265625,27.647621154785156
28.2421875,27.65203094482422
28.2578125,27.65313720703125
28.2734375,27.647621154785156
28.2890625,27.651290893554688
28.3046875,27.65386962890625
28.3203125,27.651290893554688
28.3359375,27.646148681640625
28.3515625,27.635498046875
28.3671875,27.639907836914062
28.3828125,27.63585662841797
28.3984375,27.635498046875
28.4140625,27.628509521484375
28.4296875,27.627410888671875
28.4453125,27.6365966796875
28.4609375,27.6365966796875
28.4765625,27.639907836914062
28.4921875,27.63695526123047
28.5078125,27.6365966796875
28.5234375,27.628509521484375
28.5390625,27.632186889648438
28.5546875,27.640640258789062
28.5703125,27.627410888671875
28.5859375,27.6365966796875
28.6015625,27.62042236328125
28.6171875,27.628509521484375
28.6328125,27.63695526123047
28.6484375,27.629608154296875
28.6640625,27.62116241455078
28.6796875,27.614547729492188
28.6953125,27.614181518554688
28.7109375,27.624099731445312
28.7265625,27.623367309570312
28.7421875,27.631088256835938
28.7578125,27.640640258789062
28.7734375,27.626304626464844
28.7890625,27.628135681152344
28.8046875,27.614181518554688
28.8203125,27.614906311035156
28.8359375,27.613075256347656
28.8515625,27.624099731445312
28.8671875,27.611244201660156
28.8828125,27.614181518554688
28.8984375,27.608665466308594
28.9140625,27.628135681152344
28.9296875,27.628509521484375
28.9453125,27.628509521484375
28.9609375,27.631088256835938
28.9765625,27.646148681640625
28.9921875,27.63329315185547
29.0078125,27.631446838378906
29.0234375,27.63695526123047
29.0390625,27.63439178466797
29.0546875,27.63695526123047
29.0703125,27.646148681640625
29.0859375,27.646881103515625
29.1015625,27.643943786621094
29.1171875,27.652389526367188
29.1328125,27.649459838867188
29.1484375,27.662689208984375
29.1640625,27.65717315673828
29.1796875,27.649459838867188
29.1953125,27.65717315673828
29.2109375,27.660110473632812
29.2265625,27.665992736816406
29.2421875,27.660476684570312
29.2578125,27.665992736816406
29.2734375,27.665992736816406
29.2890625,27.67223358154297
29.3046875,27.676284790039062
29.3203125,27.68951416015625
29.3359375,27.681427001953125
29.3515625,27.679595947265625
29.3671875,27.681053161621094
29.3828125,27.699066162109375
29.3984375,27.699798583984375
29.4140625,27.68877410888672
29.4296875,27.696487426757812
29.4453125,27.68951416015625
29.4609375,27.7078857421875
29.4765625,27.7078857421875
29.4921875,27.700897216796875
29.5078125,27.7086181640625
29.5234375,27.697967529296875
29.5390625,27.721115112304688
29.5546875,27.714500427246094
29.5703125,27.718910217285156
29.5859375,27.71082305908203
29.6015625,27.715972900390625
29.6171875,27.714500427246094
29.6328125,27.70751190185547
29.6484375,27.719284057617188
29.6640625,27.718177795410156
29.6796875,27.72589874267578
29.6953125,27.715232849121094
29.7109375,27.722946166992188
29.7265625,27.715232849121094
29.7421875,27.711563110351562
29.7578125,27.714874267578125
29.7734375,27.719642639160156
29.7890625,27.712295532226562
29.8046875,27.70384979248047
29.8203125,27.699066162109375
29.8359375,27.71082305908203
29.8515625,27.698333740234375
29.8671875,27.7086181640625
29.8828125,27.699066162109375
29.8984375,27.699066162109375
29.9140625,27.71192169189453
29.9296875,27.700164794921875
29.9453125,27.711563110351562
29.9609375,27.7086181640625
29.9765625,27.686935424804688
29.9921875,27.70935821533203
30.0078125,27.685104370117188
30.0234375,27.698333740234375
30.0390625,27.682525634765625
30.0546875,27.696487426757812
30.0703125,27.685104370117188
30.0859375,27.68951416015625
30.1015625,27.685836791992188
30.1171875,27.696128845214844
30.1328125,27.677017211914062
30.1484375,27.678489685058594
30.1640625,27.671875
30.1796875,27.685104370117188
30.1953125,27.685462951660156
30.2109375,27.679595947265625
30.2265625,27.684005737304688
30.2421875,27.6707763671875
30.2578125,27.685104370117188
30.2734375,27.6707763671875
30.2890625,27.684005737304688
30.3046875,27.67554473876953
30.3203125,27.681427001953125
30.3359375,27.672607421875
30.3515625,27.663414001464844
30.3671875,27.685104370117188
30.3828125,27.664886474609375
30.3984375,27.6707763671875
30.4140625,27.675918579101562
30.4296875,27.659378051757812
30.4453125,27.647621154785156
30.4609375,27.663414001464844
30.4765625,27.663414001464844
30.4921875,27.667098999023438
30.5078125,27.664161682128906
30.5234375,27.663414001464844
30.5390625,27.665260314941406
30.5546875,27.65679931640625
30.5703125,27.65900421142578
30.5859375,27.65717315673828
30.6015625,27.658645629882812
30.6171875,27.652389526367188
30.6328125,27.647621154785156
30.6484375,27.651657104492188
30.6640625,27.658279418945312
30.6796875,27.645774841308594
30.6953125,27.660476684570312
30.7109375,27.65313720703125
30.7265625,27.65644073486328
30.7421875,27.649459838867188
30.7578125,27.65606689453125
30.7734375,27.662315368652344
30.7890625,27.662315368652344
30.8046875,27.659378051757812
30.8203125,27.65313720703125
30.8359375,27.65644073486328
30.8515625,27.6707763671875
30.8671875,27.675918579101562
30.8828125,27.664161682128906
30.8984375,27.665992736816406
30.9140625,27.693557739257812
30.9296875,27.675918579101562
30.9453125,27.675918579101562
30.9609375,27.68951416015625
30.9765625,27.69062042236328
30.9921875,27.685104370117188
31.0078125,27.695388793945312
31.0234375,27.70935821533203
31.0390625,27.695388793945312
31.0546875,27.696487426757812
31.0703125,27.7078857421875
31.0859375,27.700164794921875
31.1015625,27.7086181640625
31.1171875,27.7078857421875
31.1328125,27.7086181640625
31.1484375,27.7078857421875
31.1640625,27.700897216796875
31.1796875,27.71082305908203
31.1953125,27.7078857421875
31.2109375,27.704574584960938
31.2265625,27.70384979248047
31.2421875,27.70935821533203
31.2578125,27.702377319335938
31.2734375,27.7078857421875
31.2890625,27.695388793945312
31.3046875,27.698333740234375
31.3203125,27.698333740234375
31.3359375,27.7086181640625
31.3515625,27.694656372070312
31.3671875,27.694656372070312
31.3828125,27.699440002441406
31.3984375,27.69097900390625
31.4140625,27.69171905517578
31.4296875,27.694656372070312
31.4453125,27.685104370117188
31.4609375,27.67407989501953
31.4765625,27.684005737304688
31.4921875,27.685104370117188
31.5078125,27.679595947265625
31.5234375,27.679595947265625
31.5390625,27.684005737304688
31.5546875,27.668930053710938
31.5703125,27.675186157226562
31.5859375,27.67223358154297
31.6015625,27.67407989501953
31.6171875,27.662315368652344
31.6328125,27.660476684570312
31.6484375,27.65679931640625
31.6640625,27.65203094482422
31.6796875,27.65313720703125
31.6953125,27.649459838867188
31.7109375,27.65900421142578
31.7265625,27.649459838867188
31.7421875,27.649459838867188
31.7578125,27.647621154785156
31.7734375,27.65203094482422
31.7890625,27.642837524414062
31.8046875,27.647979736328125
31.8203125,27.642471313476562
31.8359375,27.635498046875
31.8515625,27.642112731933594
31.8671875,27.645050048828125
31.8828125,27.63953399658203
31.8984375,27.640640258789062
31.9140625,27.631446838378906
31.9296875,27.6365966796875
31.9453125,27.642471313476562
31.9609375,27.632186889648438
31.9765625,27.63695526123047
31.9921875,27.627410888671875
32.0078125,27.624099731445312
32.0234375,27.6365966796875
32.0390625,27.639907836914062
32.0546875,27.632186889648438
32.0703125,27.639907836914062
32.0859375,27.632186889648438
32.1015625,27.628135681152344
32.1171875,27.63512420654297
32.1328125,27.61968994140625
32.1484375,27.61675262451172
32.1640625,27.629608154296875
32.1796875,27.6365966796875
32.1953125,27.614181518554688
32.2109375,27.61968994140625
32.2265625,27.622268676757812
32.2421875,27.628509521484375
32.2578125,27.61675262451172
32.2734375,27.625930786132812
32.2890625,27.628135681152344
32.3046875,27.631446838378906
32.3203125,27.614181518554688
32.3359375,27.615280151367188
32.3515625,27.624473571777344
32.3671875,27.631446838378906
32.3828125,27.61968994140625
32.3984375,27.622268676757812
32.4140625,27.628135681152344
32.4296875,27.625198364257812
32.4453125,27.627410888671875
32.4609375,27.631088256835938
32.4765625,27.628135681152344
32.4921875,27.624473571777344
32.5078125,27.632186889648438
32.5234375,27.624832153320312
32.5390625,27.624099731445312
32.5546875,27.624099731445312
32.5703125,27.61859130859375
32.5859375,27.627410888671875
32.6015625,27.632186889648438
32.6171875,27.613075256347656
32.6328125,27.622268676757812
32.6484375,27.624099731445312
32.6640625,27.61931610107422
32.6796875,27.61968994140625
32.6953125,27.604629516601562
32.7109375,27.613807678222656
32.7265625,27.628135681152344
32.7421875,27.625572204589844
32.7578125,27.611244201660156
32.7734375,27.614181518554688
32.7890625,27.628135681152344
32.8046875,27.61785888671875
32.8203125,27.614181518554688
32.8359375,27.62042236328125
32.8515625,27.61785888671875
32.8671875,27.624832153320312
32.8828125,27.62372589111328
32.8984375,27.617111206054688
32.9140625,27.625198364257812
32.9296875,27.614181518554688
32.9453125,27.614181518554688
32.9609375,27.61968994140625
32.9765625,27.627037048339844
32.9921875,27.614181518554688
33.0078125,27.614181518554688
33.0234375,27.628883361816406
33.0390625,27.625198364257812
33.0546875,27.624832153320312
33.0703125,27.627410888671875
33.0859375,27.632186889648438
33.1015625,27.624832153320312
33.1171875,27.631446838378906
33.1328125,27.631820678710938
33.1484375,27.633651733398438
33.1640625,27.624473571777344
33.1796875,27.627410888671875
33.1953125,27.628135681152344
33.2109375,27.628509521484375
33.2265625,27.629608154296875
33.2421875,27.61968994140625
33.2578125,27.629608154296875
33.2734375,27.61968994140625
33.2890625,27.61675262451172
33.3046875,27.628509521484375
33.3203125,27.616012573242188
33.3359375,27.632186889648438
33.3515625,27.614906311035156
33.3671875,27.62116241455078
33.3828125,27.625198364257812
33.3984375,27.631446838378906
33.4140625,27.630340576171875
33.4296875,27.63512420654297
33.4453125,27.628883361816406
33.4609375,27.629608154296875
33.4765625,27.628135681152344
33.4921875,27.62152099609375
