# Time (seconds),f0
0.0078125,954.1038818359375
0.0234375,953.8748168945312
0.0390625,953.8637084960938
0.0546875,953.858642578125
0.0703125,953.8715209960938
0.0859375,953.87109375
0.1015625,953.8576049804688
0.1171875,953.855224609375
0.1328125,953.87109375
0.1484375,953.8793334960938
0.1640625,953.8644409179688
0.1796875,953.871826171875
0.1953125,953.8577270507812
0.2109375,953.8748168945312
0.2265625,953.8867797851562
0.2421875,953.8744506835938
0.2578125,953.8881225585938
0.2734375,953.8565673828125
0.2890625,953.8873901367188
0.3046875,953.8804321289062
0.3203125,953.8800048828125
0.3359375,953.8865966796875
0.3515625,953.8619384765625
0.3671875,953.8697509765625
0.3828125,953.8646850585938
0.3984375,953.8587036132812
0.4140625,953.8551635742188
0.4296875,953.8753051757812
0.4453125,953.8553466796875
0.4609375,953.855224609375
0.4765625,953.8767700195312
0.4921875,953.8716430664062
0.5078125,953.8713989257812
0.5234375,953.8801879882812
0.5390625,953.8690185546875
0.5546875,953.874755859375
0.5703125,953.8668823242188
0.5859375,953.8658447265625
0.6015625,953.8865966796875
0.6171875,953.8543701171875
0.6328125,953.8644409179688
0.6484375,953.8613891601562
0.6640625,953.8700561523438
0.6796875,953.8526611328125
0.6953125,953.885986328125
0.7109375,953.8536987304688
0.7265625,953.861328125
0.7421875,953.8530883789062
0.7578125,953.8418579101562
0.7734375,953.8460693359375
0.7890625,953.87841796875
0.8046875,953.8630981445312
0.8203125,953.8661499023438
0.8359375,953.869873046875
0.8515625,953.8541259765625
0.8671875,953.8461303710938
0.8828125,953.87841796875
0.8984375,953.8999633789062
0.9140625,953.9090576171875
0.9296875,953.8713989257812
0.9453125,953.8716430664062
0.9609375,953.8842163085938
0.9765625,953.8770751953125
0.9921875,953.899658203125
1.0078125,953.9065551757812
1.0234375,953.8890380859375
1.0390625,953.899658203125
1.0546875,953.9097290039062
1.0703125,953.9713134765625
1.0859375,954.0017700195312
1.1015625,953.966796875
1.1171875,953.9913940429688
1.1328125,953.9291381835938
1.1484375,953.9338989257812
1.1640625,953.9249267578125
1.1796875,953.9649658203125
1.1953125,953.9508666992188
1.2109375,953.9478149414062
1.2265625,953.9510498046875
1.2421875,953.9727783203125
1.2578125,953.990234375
1.2734375,953.9737548828125
1.2890625,953.9799194335938
1.3046875,953.9514770507812
1.3203125,953.9985961914062
1.3359375,953.9613037109375
1.3515625,953.99365234375
1.3671875,954.005126953125
1.3828125,953.9879760742188
1.3984375,954.0289916992188
1.4140625,953.9741821289062
1.4296875,954.0701904296875
1.4453125,953.9696655273438
1.4609375,953.9462280273438
1.4765625,953.9274291992188
1.4921875,954.0230102539062
1.5078125,953.9800415039062
1.5234375,953.958251953125
1.5390625,953.9813232421875
1.5546875,953.9991455078125
1.5703125,953.9647216796875
1.5859375,954.0103759765625
1.6015625,954.019287109375
1.6171875,953.9786376953125
1.6328125,953.9593505859375
1.6484375,953.9898071289062
1.6640625,954.0538330078125
1.6796875,953.983154296875
1.6953125,953.9652099609375
1.7109375,953.9790649414062
1.7265625,954.0556640625
1.7421875,954.0028076171875
1.7578125,953.9888305664062
1.7734375,953.9887084960938
1.7890625,953.9616088867188
1.8046875,953.9874877929688
1.8203125,954.0355834960938
1.8359375,953.9776611328125
1.8515625,953.9802856445312
1.8671875,954.0963745117188
1.8828125,953.9755249023438
1.8984375,954.0093383789062
1.9140625,954.0018310546875
1.9296875,954.0670166015625
1.9453125,953.9881591796875
1.9609375,954.0952758789062
1.9765625,953.9844970703125
1.9921875,954.09326171875
2.0078125,954.028564453125
2.0234375,953.9735717773438
2.0390625,954.0211791992188
2.0546875,953.9542846679688
2.0703125,954.0767822265625
2.0859375,953.999755859375
2.1015625,953.9797973632812
2.1171875,953.9894409179688
2.1328125,954.0873413085938
2.1484375,954.030517578125
2.1640625,954.0333251953125
2.1796875,954.0831909179688
2.1953125,954.0988159179688
2.2109375,954.0726318359375
2.2265625,953.9986572265625
2.2421875,954.1130981445312
2.2578125,954.0296020507812
2.2734375,954.1155395507812
2.2890625,954.0767822265625
2.3046875,954.1331176757812
2.3203125,954.0614624023438
2.3359375,954.0421752929688
2.3515625,954.0634765625
2.3671875,954.1099243164062
2.3828125,954.0795288085938
2.3984375,954.0166015625
2.4140625,954.0474243164062
2.4296875,954.0023193359375
2.4453125,954.15576171875
2.4609375,954.2427368164062
2.4765625,954.1273193359375
2.4921875,954.16357421875
2.5078125,954.0918579101562
2.5234375,954.1083984375
2.5390625,954.0930786132812
2.5546875,954.0506591796875
2.5703125,954.0739135742188
2.5859375,954.1686401367188
2.6015625,954.1008911132812
2.6171875,954.0673828125
2.6328125,954.14404296875
2.6484375,954.0433959960938
2.6640625,954.0980834960938
2.6796875,954.1331176757812
2.6953125,954.0661010742188
2.7109375,954.0913696289062
2.7265625,954.1646118164062
2.7421875,954.1309814453125
2.7578125,954.0899047851562
2.7734375,954.110107421875
2.7890625,954.0889892578125
2.8046875,954.151611328125
2.8203125,953.9512329101562
2.8359375,953.9381713867188
2.8515625,953.962890625
2.8671875,953.9376220703125
2.8828125,953.9398803710938
2.8984375,953.9634399414062
2.9140625,953.9534912109375
2.9296875,953.9385986328125
2.9453125,953.9414672851562
2.9609375,953.9588012695312
2.9765625,953.9654541015625
2.9921875,953.9393310546875
3.0078125,953.9574584960938
3.0234375,953.9482421875
3.0390625,953.9373779296875
3.0546875,953.94873046875
3.0703125,953.929443359375
3.0859375,953.9420776367188
3.1015625,953.9447631835938
3.1171875,953.9454956054688
3.1328125,953.9494018554688
3.1484375,953.9521484375
3.1640625,953.9448852539062
3.1796875,953.9432373046875
3.1953125,953.921630859375
3.2109375,953.9500732421875
3.2265625,953.9470825195312
3.2421875,953.9331665039062
3.2578125,953.9249267578125
3.2734375,953.9348754882812
3.2890625,953.918701171875
3.3046875,953.9559936523438
3.3203125,953.9437255859375
3.3359375,953.9296875
3.3515625,953.9251098632812
3.3671875,953.9210205078125
3.3828125,953.9390258789062
3.3984375,953.9269409179688
3.4140625,953.9278564453125
3.4296875,953.9437255859375
3.4453125,953.9398193359375
3.4609375,953.9415893554688
3.4765625,953.936279296875
3.4921875,953.9323120117188
3.5078125,953.9318237304688
3.5234375,953.9330444335938
3.5390625,953.9298095703125
3.5546875,953.947265625
3.5703125,953.9459228515625
3.5859375,953.9240112304688
3.6015625,953.93505859375
3.6171875,953.9320068359375
3.6328125,953.9361572265625
3.6484375,953.9534301757812
3.6640625,953.9496459960938
3.6796875,953.9459228515625
3.6953125,953.9357299804688
3.7109375,953.9387817382812
3.7265625,953.9442138671875
3.7421875,953.9330444335938
3.7578125,953.921630859375
3.7734375,953.9321899414062
3.7890625,953.9473266601562
3.8046875,953.9376831054688
3.8203125,953.9439697265625
3.8359375,953.9439086914062
3.8515625,953.9431762695312
3.8671875,953.93505859375
3.8828125,953.9437866210938
3.8984375,953.9384155273438
3.9140625,953.9269409179688
3.9296875,953.9296875
3.9453125,953.9275512695312
3.9609375,953.9423217773438
3.9765625,953.9395141601562
3.9921875,953.9303588867188
4.0078125,953.9384155273438
4.0234375,953.942138671875
4.0390625,953.9467163085938
4.0546875,953.9342651367188
4.0703125,953.9405517578125
4.0859375,953.944091796875
4.1015625,953.9368286132812
4.1171875,953.9368286132812
4.1328125,953.91748046875
4.1484375,953.9323120117188
4.1640625,953.9479370117188
4.1796875,953.9345092773438
4.1953125,953.93310546875
4.2109375,953.9189453125
4.2265625,953.9520874023438
4.2421875,953.9381103515625
4.2578125,953.9458618164062
4.2734375,953.9398193359375
4.2890625,953.9379272460938
4.3046875,953.9293823242188
4.3203125,953.9379272460938
4.3359375,953.9446411132812
4.3515625,953.9435424804688
4.3671875,953.9282836914062
4.3828125,953.9434814453125
4.3984375,953.9586791992188
4.4140625,953.9274291992188
4.4296875,953.9434204101562
4.4453125,953.9436645507812
4.4609375,953.9359130859375
4.4765625,953.9398193359375
4.4921875,953.9360961914062
4.5078125,953.9346923828125
4.5234375,953.9375
4.5390625,953.9340209960938
4.5546875,953.93310546875
4.5703125,953.9288330078125
4.5859375,953.9330444335938
4.6015625,953.9400024414062
4.6171875,953.9193725585938
4.6328125,953.9249267578125
4.6484375,953.911865234375
4.6640625,953.9227905273438
4.6796875,953.9067993164062
4.6953125,953.9185791015625
4.7109375,953.915283203125
4.7265625,953.9083251953125
4.7421875,953.9224243164062
4.7578125,953.906982421875
4.7734375,953.9122924804688
4.7890625,953.9091186523438
4.8046875,953.9064331054688
4.8203125,953.9069213867188
4.8359375,953.916015625
4.8515625,953.9146118164062
4.8671875,953.8985595703125
4.8828125,953.9127197265625
4.8984375,953.903564453125
4.9140625,953.9090576171875
4.9296875,953.9032592773438
4.9453125,953.932373046875
4.9609375,953.9258422851562
4.9765625,953.9013671875
4.9921875,953.917236328125
5.0078125,953.9072265625
5.0234375,953.9322509765625
5.0390625,953.9013671875
5.0546875,953.9172973632812
5.0703125,953.901123046875
5.0859375,953.9013671875
5.1015625,953.9534301757812
5.1171875,953.946044921875
5.1328125,953.9841918945312
5.1484375,953.9690551757812
5.1640625,953.968505859375
5.1796875,953.9752197265625
5.1953125,954.0034790039062
5.2109375,953.9830322265625
5.2265625,954.0170288085938
5.2421875,954.0008544921875
5.2578125,954.0217895507812
5.2734375,954.0062866210938
5.2890625,954.0377197265625
5.3046875,954.0452880859375
5.3203125,954.0662841796875
5.3359375,953.99365234375
5.3515625,954.0697631835938
5.3671875,954.0263671875
5.3828125,954.0271606445312
5.3984375,954.0200805664062
5.4140625,954.0720825195312
5.4296875,954.0592041015625
5.4453125,954.0352172851562
5.4609375,954.0455932617188
5.4765625,954.1192016601562
5.4921875,954.1483154296875
5.5078125,954.1024169921875
5.5234375,954.0988159179688
5.5390625,954.08935546875
5.5546875,954.0974731445312
5.5703125,954.0939331054688
5.5859375,954.1387939453125
5.6015625,954.1336669921875
5.6171875,954.0863037109375
5.6328125,954.1668701171875
5.6484375,954.0413208007812
5.6640625,954.0196533203125
5.6796875,954.052490234375
5.6953125,954.0687866210938
5.7109375,954.1369018554688
5.7265625,954.0719604492188
5.7421875,954.0830078125
5.7578125,954.0482788085938
5.7734375,954.0740966796875
5.7890625,954.0581665039062
5.8046875,954.071533203125
5.8203125,954.0216674804688
5.8359375,954.0578002929688
5.8515625,954.0260009765625
5.8671875,954.035888671875
5.8828125,954.0346069335938
5.8984375,954.0987548828125
5.9140625,954.0042114257812
5.9296875,954.0210571289062
5.9453125,954.0750732421875
5.9609375,954.0626220703125
5.9765625,954.0689697265625
5.9921875,954.0706787109375
6.0078125,954.1016235351562
6.0234375,954.0955200195312
6.0390625,954.0118408203125
6.0546875,954.027099609375
6.0703125,954.0532836914062
6.0859375,954.0852661132812
6.1015625,954.0321044921875
6.1171875,954.0866088867188
6.1328125,954.0259399414062
6.1484375,954.0747680664062
6.1640625,954.081298828125
6.1796875,954.0567016601562
6.1953125,954.071533203125
6.2109375,954.0726318359375
6.2265625,954.0707397460938
6.2421875,954.0294189453125
6.2578125,953.9921875
6.2734375,954.0604248046875
6.2890625,953.9910888671875
6.3046875,954.0263671875
6.3203125,954.1018676757812
6.3359375,954.0731201171875
6.3515625,954.0673217773438
6.3671875,954.0472412109375
6.3828125,954.0265502929688
6.3984375,954.0595092773438
6.4140625,954.0449829101562
6.4296875,953.976318359375
6.4453125,954.0654296875
6.4609375,954.0142822265625
6.4765625,954.022705078125
6.4921875,953.9896850585938
6.5078125,954.0289916992188
6.5234375,953.9691772460938
6.5390625,954.0431518554688
6.5546875,954.0001220703125
6.5703125,953.9942626953125
6.5859375,953.9921875
6.6015625,953.977294921875
6.6171875,953.9751586914062
6.6328125,953.9766845703125
6.6484375,953.9796752929688
6.6640625,953.9500732421875
6.6796875,953.9678955078125
6.6953125,953.9666748046875
6.7109375,953.9610595703125
6.7265625,953.9732666015625
6.7421875,953.9515991210938
6.7578125,953.9503784179688
6.7734375,953.960693359375
6.7890625,953.944091796875
6.8046875,953.9515991210938
6.8203125,953.9503784179688
6.8359375,953.9570922851562
6.8515625,953.9492797851562
6.8671875,953.9560546875
6.8828125,953.9548950195312
6.8984375,953.95458984375
6.9140625,953.964599609375
6.9296875,953.9476318359375
6.9453125,953.9517822265625
6.9609375,953.9468383789062
6.9765625,953.9678955078125
6.9921875,953.9515991210938
7.0078125,953.9613647460938
7.0234375,953.9536743164062
7.0390625,953.9615478515625
7.0546875,953.943115234375
7.0703125,953.9556274414062
7.0859375,953.9669799804688
7.1015625,953.9506225585938
7.1171875,953.9553833007812
7.1328125,953.9576416015625
7.1484375,953.9688720703125
7.1640625,953.9640502929688
7.1796875,953.9659423828125
7.1953125,953.962890625
7.2109375,953.950439453125
7.2265625,953.9568481445312
7.2421875,953.9376220703125
7.2578125,953.9473876953125
7.2734375,953.9551391601562
7.2890625,953.9384155273438
7.3046875,953.9417114257812
7.3203125,953.9545288085938
7.3359375,953.9347534179688
7.3515625,953.9334106445312
7.3671875,953.9395141601562
7.3828125,953.9588012695312
7.3984375,953.9517211914062
7.4140625,953.951904296875
7.4296875,953.9385986328125
7.4453125,953.9371948242188
7.4609375,953.9352416992188
7.4765625,953.9503173828125
7.4921875,953.9345703125
7.5078125,953.9258422851562
7.5234375,953.92578125
7.5390625,953.9434204101562
7.5546875,953.9310913085938
7.5703125,953.9411010742188
7.5859375,953.9389038085938
7.6015625,953.9458618164062
7.6171875,953.9370727539062
7.6328125,953.936279296875
7.6484375,953.9359741210938
7.6640625,953.922607421875
7.6796875,953.9288330078125
7.6953125,953.9220581054688
7.7109375,953.9323120117188
7.7265625,953.9428100585938
7.7421875,953.9420166015625
7.7578125,953.9237060546875
7.7734375,953.9295654296875
7.7890625,953.9183959960938
7.8046875,953.9308471679688
7.8203125,953.9361572265625
7.8359375,953.9292602539062
7.8515625,953.9321899414062
7.8671875,953.9263305664062
7.8828125,953.9395751953125
7.8984375,953.9493408203125
7.9140625,953.9336547851562
7.9296875,953.9260864257812
7.9453125,953.9190673828125
7.9609375,953.9240112304688
7.9765625,953.9312133789062
7.9921875,953.9174194335938
8.0078125,953.9341430664062
8.0234375,953.931640625
8.0390625,953.9263916015625
8.0546875,953.930419921875
8.0703125,953.9297485351562
8.0859375,953.9303588867188
8.1015625,953.9288330078125
8.1171875,953.9282836914062
8.1328125,953.9320678710938
8.1484375,953.918701171875
8.1640625,953.9319458007812
8.1796875,953.9210205078125
8.1953125,953.9227905273438
8.2109375,953.9230346679688
8.2265625,953.9259033203125
8.2421875,953.9368286132812
8.2578125,953.919189453125
8.2734375,953.9271850585938
8.2890625,953.9301147460938
8.3046875,953.9244995117188
8.3203125,953.9360961914062
8.3359375,953.9246826171875
8.3515625,953.9246826171875
8.3671875,953.9345703125
8.3828125,953.9364013671875
8.3984375,953.9357299804688
8.4140625,953.9112548828125
8.4296875,953.93701171875
8.4453125,953.9292602539062
8.4609375,953.9125366210938
8.4765625,953.9046630859375
8.4921875,953.9140625
8.5078125,953.907470703125
8.5234375,953.9201049804688
8.5390625,953.925537109375
8.5546875,953.9307861328125
8.5703125,953.9192504882812
8.5859375,953.9261474609375
8.6015625,953.9215698242188
8.6171875,953.9197387695312
8.6328125,953.9200439453125
8.6484375,953.9400634765625
8.6640625,953.9322509765625
8.6796875,953.921142578125
8.6953125,953.975830078125
8.7109375,953.9818725585938
8.7265625,953.9490966796875
8.7421875,953.9826049804688
8.7578125,953.9331665039062
8.7734375,953.9821166992188
8.7890625,953.9547729492188
8.8046875,953.9356689453125
8.8203125,953.9627685546875
8.8359375,954.0054321289062
8.8515625,953.9839477539062
8.8671875,954.0081176757812
8.8828125,953.9638061523438
8.8984375,954.0167846679688
8.9140625,954.0296020507812
8.9296875,954.0256958007812
8.9453125,954.0089111328125
8.9609375,953.9772338867188
8.9765625,954.0134887695312
8.9921875,954.00146484375
9.0078125,953.9893798828125
9.0234375,954.0675048828125
9.0390625,953.9785766601562
9.0546875,954.0386352539062
9.0703125,954.0784301757812
9.0859375,953.9976196289062
9.1015625,953.9811401367188
9.1171875,954.0455932617188
9.1328125,954.0319213867188
9.1484375,954.0308227539062
9.1640625,954.0899047851562
9.1796875,954.0405883789062
9.1953125,954.0728759765625
9.2109375,954.028076171875
9.2265625,953.9962768554688
9.2421875,954.0065307617188
9.2578125,953.9965209960938
9.2734375,954.0299072265625
9.2890625,953.96044921875
9.3046875,954.015625
9.3203125,954.010498046875
9.3359375,954.0415649414062
9.3515625,954.0689086914062
9.3671875,954.0042724609375
9.3828125,953.9956665039062
9.3984375,954.0034790039062
9.4140625,954.0534057617188
9.4296875,953.9559936523438
9.4453125,954.0464477539062
9.4609375,954.0641479492188
9.4765625,954.0880126953125
9.4921875,954.0181274414062
9.5078125,953.952392578125
9.5234375,953.98193359375
9.5390625,954.0277099609375
9.5546875,954.0155029296875
9.5703125,953.9946899414062
9.5859375,954.0427856445312
9.6015625,954.0071411132812
9.6171875,953.9920043945312
9.6328125,953.9827270507812
9.6484375,954.0193481445312
9.6640625,953.9951171875
9.6796875,953.9732666015625
9.6953125,954.0005493164062
9.7109375,953.9771728515625
9.7265625,953.9364624023438
9.7421875,953.9556274414062
9.7578125,953.9860229492188
9.7734375,953.95263671875
9.7890625,953.953125
9.8046875,954.0006713867188
9.8203125,954.0028686523438
9.8359375,954.0016479492188
9.8515625,953.9417114257812
9.8671875,954.0177001953125
9.8828125,954.0609741210938
9.8984375,953.9684448242188
9.9140625,953.9705810546875
9.9296875,953.9716796875
9.9453125,953.9708251953125
9.9609375,954.01904296875
9.9765625,954.00341796875
9.9921875,953.9616088867188
10.0078125,954.0010986328125
10.0234375,953.9663696289062
10.0390625,953.980224609375
10.0546875,953.959716796875
10.0703125,953.9607543945312
10.0859375,953.9768676757812
10.1015625,953.9635009765625
10.1171875,954.0094604492188
10.1328125,953.9405517578125
10.1484375,953.9442138671875
10.1640625,953.919189453125
10.1796875,953.9749145507812
10.1953125,953.951904296875
10.2109375,953.942138671875
10.2265625,953.95849609375
10.2421875,953.9334106445312
10.2578125,953.9535522460938
10.2734375,953.9281616210938
10.2890625,953.963623046875
10.3046875,953.9476928710938
10.3203125,953.9864501953125
10.3359375,953.937255859375
10.3515625,953.9712524414062
10.3671875,953.9489135742188
10.3828125,953.9425659179688
10.3984375,953.9440307617188
10.4140625,953.9559936523438
10.4296875,953.9253540039062
10.4453125,953.9385986328125
10.4609375,953.9422607421875
10.4765625,953.959716796875
10.4921875,953.950927734375
10.5078125,953.9532470703125
10.5234375,953.95849609375
10.5390625,953.9593505859375
10.5546875,953.9470825195312
10.5703125,953.9327392578125
10.5859375,953.9490966796875
10.6015625,953.92919921875
10.6171875,953.9266357421875
10.6328125,953.93701171875
10.6484375,953.9495849609375
10.6640625,953.9365234375
10.6796875,953.9578857421875
10.6953125,953.9470825195312
10.7109375,953.9479370117188
10.7265625,953.9632568359375
10.7421875,953.9420166015625
10.7578125,953.9371948242188
10.7734375,953.9536743164062
10.7890625,953.9609985351562
10.8046875,953.9578857421875
10.8203125,953.9420776367188
10.8359375,953.9412841796875
10.8515625,953.9462890625
10.8671875,953.9559936523438
10.8828125,953.9378662109375
10.8984375,953.9540405273438
10.9140625,953.9673461914062
10.9296875,953.9669189453125
10.9453125,953.9583129882812
10.9609375,953.9411010742188
10.9765625,953.9601440429688
10.9921875,953.966796875
11.0078125,953.9534301757812
11.0234375,953.9509887695312
11.0390625,953.9644165039062
11.0546875,953.9559936523438
11.0703125,953.9471435546875
11.0859375,953.9598388671875
11.1015625,953.9651489257812
11.1171875,953.9649047851562
11.1328125,953.9622192382812
11.1484375,953.9537353515625
11.1640625,953.9482421875
11.1796875,953.94873046875
11.1953125,953.955078125
11.2109375,953.9474487304688
11.2265625,953.9783325195312
11.2421875,953.9508666992188
11.2578125,953.9559936523438
11.2734375,953.9553833007812
11.2890625,953.9666748046875
11.3046875,953.9588623046875
11.3203125,953.9639892578125
11.3359375,953.9556884765625
11.3515625,953.9548950195312
11.3671875,953.9669189453125
11.3828125,953.946044921875
11.3984375,953.9658203125
11.4140625,953.96630859375
11.4296875,953.9501953125
11.4453125,953.9493408203125
11.4609375,953.9677124023438
11.4765625,953.95068359375
11.4921875,953.94921875
11.5078125,953.94140625
11.5234375,953.9549560546875
11.5390625,953.9651489257812
11.5546875,953.9559326171875
11.5703125,953.964599609375
11.5859375,953.9453125
11.6015625,953.9581298828125
11.6171875,953.9580078125
11.6328125,953.9554443359375
11.6484375,953.96044921875
11.6640625,953.9366455078125
11.6796875,953.955078125
11.6953125,953.9660034179688
11.7109375,953.9423217773438
11.7265625,953.938720703125
11.7421875,953.9400634765625
11.7578125,953.9468383789062
11.7734375,953.9625854492188
11.7890625,953.9490356445312
11.8046875,953.9468383789062
11.8203125,953.9278564453125
11.8359375,953.938232421875
11.8515625,953.959716796875
11.8671875,953.9392700195312
11.8828125,953.9389038085938
11.8984375,953.935546875
11.9140625,953.9290161132812
11.9296875,953.9359741210938
11.9453125,953.9362182617188
11.9609375,953.9563598632812
11.9765625,953.9415893554688
11.9921875,953.9428100585938
12.0078125,953.932861328125
12.0234375,953.9476318359375
12.0390625,953.9473266601562
12.0546875,953.9481811523438
12.0703125,953.935302734375
12.0859375,953.9244384765625
12.1015625,953.9551391601562
12.1171875,953.9417724609375
12.1328125,953.942626953125
12.1484375,953.9461669921875
12.1640625,953.946044921875
12.1796875,953.9381103515625
12.1953125,953.9641723632812
12.2109375,953.9359741210938
12.2265625,953.9510498046875
12.2421875,953.9692993164062
12.2578125,953.9429321289062
12.2734375,953.9501342773438
12.2890625,953.952392578125
12.3046875,953.9378662109375
12.3203125,953.9228515625
12.3359375,953.9422607421875
12.3515625,953.9627075195312
12.3671875,953.9318237304688
12.3828125,953.9188232421875
12.3984375,953.9712524414062
12.4140625,953.9805297851562
12.4296875,953.9551391601562
12.4453125,953.9446411132812
12.4609375,953.9887084960938
12.4765625,953.9331665039062
12.4921875,953.97021484375
12.5078125,953.9430541992188
12.5234375,953.9691772460938
12.5390625,953.9361572265625
12.5546875,954.0166015625
12.5703125,953.9492797851562
12.5859375,953.9966430664062
12.6015625,953.9622192382812
12.6171875,953.9947509765625
12.6328125,953.9523315429688
12.6484375,954.0029296875
12.6640625,953.972412109375
12.6796875,953.9585571289062
12.6953125,954.0293579101562
12.7109375,953.9644165039062
12.7265625,953.9775390625
12.7421875,953.987548828125
12.7578125,953.9610595703125
12.7734375,953.9436645507812
12.7890625,953.9537963867188
12.8046875,953.9524536132812
12.8203125,953.9833374023438
12.8359375,953.970703125
12.8515625,953.9508666992188
12.8671875,954.0200805664062
12.8828125,954.0125732421875
12.8984375,954.01904296875
12.9140625,953.9926147460938
12.9296875,953.9512939453125
12.9453125,953.9786987304688
12.9609375,953.9872436523438
12.9765625,954.0126342773438
12.9921875,953.9451293945312
13.0078125,954.028076171875
13.0234375,953.9774780273438
13.0390625,953.9981079101562
13.0546875,953.9716796875
13.0703125,953.9801635742188
13.0859375,953.972412109375
13.1015625,953.982177734375
13.1171875,953.9679565429688
13.1328125,953.989013671875
13.1484375,953.96875
13.1640625,953.9619140625
13.1796875,953.9832763671875
13.1953125,953.9740600585938
13.2109375,954.009033203125
13.2265625,953.9468383789062
13.2421875,954.0004272460938
13.2578125,953.9429321289062
13.2734375,954.0017700195312
13.2890625,953.9347534179688
13.3046875,953.9850463867188
13.3203125,953.9652099609375
13.3359375,953.9833984375
13.3515625,953.955078125
13.3671875,953.9872436523438
13.3828125,953.9810180664062
13.3984375,953.9741821289062
13.4140625,953.991455078125
13.4296875,954.0146484375
13.4453125,954.0078735351562
13.4609375,953.9891967773438
13.4765625,954.0065307617188
13.4921875,953.9805908203125
13.5078125,953.9895629882812
13.5234375,954.0131225585938
13.5390625,953.9669189453125
13.5546875,953.9921875
13.5703125,954.00732421875
13.5859375,953.9701538085938
13.6015625,953.9744873046875
13.6171875,953.974609375
13.6328125,953.9651489257812
13.6484375,954.0137939453125
13.6640625,953.9719848632812
13.6796875,954.0020141601562
13.6953125,953.9790649414062
13.7109375,954.0431518554688
13.7265625,953.9962158203125
13.7421875,954.00537109375
13.7578125,954.0040283203125
13.7734375,954.0433959960938
13.7890625,954.0003051757812
13.8046875,953.9939575195312
13.8203125,953.9797973632812
13.8359375,954.0118408203125
13.8515625,953.9464111328125
13.8671875,953.9536743164062
13.8828125,954.0161743164062
13.8984375,954.0302734375
13.9140625,954.034423828125
13.9296875,953.9806518554688
13.9453125,953.9872436523438
13.9609375,954.0010986328125
13.9765625,953.9393310546875
13.9921875,953.9844970703125
14.0078125,953.9627075195312
14.0234375,953.9797973632812
14.0390625,953.96044921875
14.0546875,953.9640502929688
14.0703125,953.995849609375
14.0859375,953.9609375
14.1015625,953.991455078125
14.1171875,954.01904296875
14.1328125,953.986083984375
14.1484375,953.978271484375
14.1640625,953.9553833007812
14.1796875,953.9884033203125
14.1953125,953.9515380859375
14.2109375,953.9898071289062
14.2265625,953.9701538085938
14.2421875,953.95703125
14.2578125,953.9852905273438
14.2734375,953.9694213867188
14.2890625,953.9805908203125
14.3046875,953.9529418945312
14.3203125,953.9694213867188
14.3359375,953.9545288085938
14.3515625,953.9470825195312
14.3671875,953.9539794921875
14.3828125,953.9555053710938
14.3984375,953.968017578125
14.4140625,953.9561767578125
14.4296875,953.94677734375
14.4453125,953.9470825195312
14.4609375,953.9341430664062
14.4765625,953.9459228515625
14.4921875,953.9443359375
14.5078125,953.9442749023438
14.5234375,953.9483642578125
14.5390625,953.9668579101562
14.5546875,953.9461669921875
14.5703125,953.9390258789062
14.5859375,953.9546508789062
14.6015625,953.9490356445312
14.6171875,953.945068359375
14.6328125,953.9420776367188
14.6484375,953.950439453125
14.6640625,953.9505004882812
14.6796875,953.9497680664062
14.6953125,953.9495239257812
14.7109375,953.9580078125
14.7265625,953.9390258789062
14.7421875,953.956298828125
14.7578125,953.9412231445312
14.7734375,953.9398803710938
14.7890625,953.9495239257812
14.8046875,953.950927734375
14.8203125,953.9487915039062
14.8359375,953.9448852539062
14.8515625,953.934814453125
14.8671875,953.9498901367188
14.8828125,953.9453735351562
14.8984375,953.951171875
14.9140625,953.9576416015625
14.9296875,953.95263671875
14.9453125,953.951904296875
14.9609375,953.9489135742188
14.9765625,953.965576171875
14.9921875,953.9506225585938
15.0078125,953.9583129882812
15.0234375,953.9393310546875
15.0390625,953.9554443359375
15.0546875,953.9611206054688
15.0703125,953.9559936523438
15.0859375,953.9540405273438
15.1015625,953.9453735351562
15.1171875,953.958740234375
15.1328125,953.9376220703125
15.1484375,953.9572143554688
15.1640625,953.9524536132812
15.1796875,953.9484252929688
15.1953125,953.9515380859375
15.2109375,953.9620361328125
15.2265625,953.9552001953125
15.2421875,953.9549560546875
15.2578125,953.969482421875
15.2734375,953.9674072265625
15.2890625,953.958740234375
15.3046875,953.9508666992188
15.3203125,953.96484375
15.3359375,953.9729614257812
15.3515625,953.9554443359375
15.3671875,953.9599609375
15.3828125,953.9547729492188
15.3984375,953.953125
15.4140625,953.9683227539062
15.4296875,953.960693359375
15.4453125,953.9664916992188
15.4609375,953.9743041992188
15.4765625,953.965576171875
15.4921875,953.9579467773438
15.5078125,953.9635009765625
15.5234375,953.9534912109375
15.5390625,953.94873046875
15.5546875,953.9634399414062
15.5703125,953.9627685546875
15.5859375,953.9624633789062
15.6015625,953.9537963867188
15.6171875,953.9603881835938
15.6328125,953.9668579101562
15.6484375,953.9603881835938
15.6640625,953.9668579101562
15.6796875,953.9661254882812
15.6953125,953.9771118164062
15.7109375,953.9762573242188
15.7265625,953.9762573242188
15.7421875,953.9559936523438
15.7578125,953.9733276367188
15.7734375,953.9584350585938
15.7890625,953.9554443359375
15.8046875,953.9768676757812
15.8203125,953.9635009765625
15.8359375,953.9498291015625
15.8515625,953.9616088867188
15.8671875,953.9534912109375
15.8828125,953.9718627929688
15.8984375,953.9620971679688
15.9140625,953.9679565429688
15.9296875,953.9559326171875
15.9453125,953.9676513671875
15.9609375,953.9789428710938
15.9765625,954.0018310546875
15.9921875,954.0173950195312
16.0078125,954.0022583007812
16.0234375,953.9943237304688
16.0390625,954.0200805664062
16.0546875,953.9913330078125
16.0703125,954.0592041015625
16.0859375,954.1275024414062
16.1015625,954.1028442382812
16.1171875,954.0933227539062
16.1328125,954.0530395507812
16.1484375,954.0667114257812
16.1640625,954.0809936523438
16.1796875,954.0587768554688
16.1953125,954.0891723632812
16.2109375,954.080810546875
16.2265625,954.1236572265625
16.2421875,954.1786499023438
16.2578125,954.1133422851562
16.2734375,954.1683349609375
16.2890625,954.1199951171875
16.3046875,954.1571044921875
16.3203125,954.1480102539062
16.3359375,954.173828125
16.3515625,954.2626953125
16.3671875,954.0590209960938
16.3828125,954.0270385742188
16.3984375,954.2103881835938
16.4140625,954.234375
16.4296875,954.1531982421875
16.4453125,954.1412963867188
16.4609375,954.1996459960938
16.4765625,954.1552124023438
16.4921875,954.1821899414062
16.5078125,954.2372436523438
16.5234375,954.272216796875
16.5390625,954.3280029296875
16.5546875,954.2987060546875
16.5703125,954.3021850585938
16.5859375,954.2470703125
16.6015625,954.183349609375
16.6171875,954.1505126953125
16.6328125,954.3046875
16.6484375,954.2639770507812
16.6640625,954.3225708007812
16.6796875,954.32568359375
16.6953125,954.2993774414062
16.7109375,954.2938232421875
16.7265625,954.2377319335938
16.7421875,954.2716674804688
16.7578125,954.2361450195312
16.7734375,954.26708984375
16.7890625,954.243896484375
16.8046875,954.2715454101562
16.8203125,954.2932739257812
16.8359375,954.2838745117188
16.8515625,954.2886352539062
16.8671875,954.1993408203125
16.8828125,954.2394409179688
16.8984375,954.3221435546875
16.9140625,954.3189697265625
16.9296875,954.345703125
16.9453125,954.2496948242188
16.9609375,954.3170776367188
16.9765625,954.3071899414062
16.9921875,954.3321533203125
17.0078125,954.3265991210938
17.0234375,954.3868408203125
17.0390625,954.3350830078125
17.0546875,954.2659301757812
17.0703125,954.3493041992188
17.0859375,954.1923217773438
17.1015625,954.18115234375
17.1171875,954.313232421875
17.1328125,954.2584838867188
17.1484375,954.2852172851562
17.1640625,954.2213134765625
17.1796875,954.1993408203125
17.1953125,954.1989135742188
17.2109375,954.1071166992188
17.2265625,954.1429443359375
17.2421875,954.1956787109375
17.2578125,954.196044921875
17.2734375,954.2013549804688
17.2890625,954.2137451171875
17.3046875,954.0377807617188
17.3203125,954.1463623046875
17.3359375,954.13623046875
17.3515625,954.0601196289062
17.3671875,954.0717163085938
17.3828125,954.218505859375
17.3984375,954.0771484375
17.4140625,954.1293334960938
17.4296875,954.149169921875
17.4453125,954.1546020507812
17.4609375,954.1309814453125
17.4765625,954.06396484375
17.4921875,954.0988159179688
17.5078125,954.0973510742188
17.5234375,954.1614379882812
17.5390625,954.2130126953125
17.5546875,954.15966796875
17.5703125,954.1983642578125
17.5859375,954.0609741210938
17.6015625,954.0528564453125
17.6171875,954.0316772460938
17.6328125,954.0064086914062
17.6484375,953.9501953125
17.6640625,953.9852294921875
17.6796875,953.9554443359375
17.6953125,953.9730224609375
17.7109375,953.954833984375
17.7265625,953.9369506835938
17.7421875,953.962158203125
17.7578125,953.939208984375
17.7734375,953.95654296875
17.7890625,953.9453125
17.8046875,953.9434204101562
17.8203125,953.9375610351562
17.8359375,953.9459838867188
17.8515625,953.943359375
17.8671875,953.9506225585938
17.8828125,953.9370727539062
17.8984375,953.948486328125
17.9140625,953.9376220703125
17.9296875,953.9459228515625
17.9453125,953.9331665039062
17.9609375,953.9573974609375
17.9765625,953.9533081054688
17.9921875,953.942626953125
18.0078125,953.950927734375
18.0234375,953.9526977539062
18.0390625,953.9498901367188
18.0546875,953.9730834960938
18.0703125,953.9544067382812
18.0859375,953.9503784179688
18.1015625,953.9525756835938
18.1171875,953.9600830078125
18.1328125,953.9493408203125
18.1484375,953.9724731445312
18.1640625,953.937255859375
18.1796875,953.967529296875
18.1953125,953.9420166015625
18.2109375,953.9476928710938
18.2265625,953.9678955078125
18.2421875,953.9362182617188
18.2578125,953.9598999023438
18.2734375,953.9664916992188
18.2890625,953.957763671875
18.3046875,953.9437866210938
18.3203125,953.945068359375
18.3359375,953.9514770507812
18.3515625,953.9679565429688
18.3671875,953.9581298828125
18.3828125,953.9666748046875
18.3984375,953.9701538085938
18.4140625,953.9400634765625
18.4296875,953.9580078125
18.4453125,953.9602661132812
18.4609375,953.951904296875
18.4765625,953.939453125
18.4921875,953.949951171875
18.5078125,953.937255859375
18.5234375,953.9537353515625
18.5390625,953.9414672851562
18.5546875,953.9622192382812
18.5703125,953.9521484375
18.5859375,953.955810546875
18.6015625,953.9542846679688
18.6171875,953.958740234375
18.6328125,953.9473266601562
18.6484375,953.9505004882812
18.6640625,953.9462890625
18.6796875,953.9556274414062
18.6953125,953.9483642578125
18.7109375,953.9498901367188
18.7265625,953.952392578125
18.7421875,953.9537353515625
18.7578125,953.9464111328125
18.7734375,953.9446411132812
18.7890625,953.952392578125
18.8046875,953.9518432617188
18.8203125,953.9512329101562
18.8359375,953.950439453125
18.8515625,953.9577026367188
18.8671875,953.9498901367188
18.8828125,953.956787109375
18.8984375,953.9485473632812
18.9140625,953.9484252929688
18.9296875,953.9381713867188
18.9453125,953.948486328125
18.9609375,953.9474487304688
18.9765625,953.9398803710938
18.9921875,953.9576416015625
19.0078125,953.9548950195312
19.0234375,953.9456176757812
19.0390625,953.938232421875
19.0546875,953.9244995117188
19.0703125,953.9450073242188
19.0859375,953.9381713867188
19.1015625,953.9546508789062
19.1171875,953.9364013671875
19.1328125,953.9442749023438
19.1484375,953.943115234375
19.1640625,953.9371948242188
19.1796875,953.9556884765625
19.1953125,953.9353637695312
19.2109375,953.9457397460938
19.2265625,953.9539794921875
19.2421875,953.9417724609375
19.2578125,953.9522705078125
19.2734375,953.9398803710938
19.2890625,953.9415893554688
19.3046875,953.9412841796875
19.3203125,953.9439697265625
19.3359375,953.9474487304688
19.3515625,953.9334716796875
19.3671875,953.9495239257812
19.3828125,953.947265625
19.3984375,953.9310913085938
19.4140625,953.96630859375
19.4296875,953.9378662109375
19.4453125,953.9405517578125
19.4609375,953.9286499023438
19.4765625,953.9454345703125
19.4921875,953.9573974609375
19.5078125,953.9652099609375
19.5234375,953.93896484375
19.5390625,953.948486328125
19.5546875,953.9430541992188
19.5703125,953.930908203125
19.5859375,953.95458984375
19.6015625,953.948486328125
19.6171875,953.95263671875
19.6328125,953.9478759765625
19.6484375,953.95703125
19.6640625,953.9405517578125
19.6796875,953.9334716796875
19.6953125,953.9638671875
19.7109375,953.9710693359375
19.7265625,953.951171875
19.7421875,953.9376831054688
19.7578125,953.9384155273438
19.7734375,953.958740234375
19.7890625,953.9383544921875
19.8046875,953.9378662109375
19.8203125,953.9573364257812
19.8359375,953.9328002929688
19.8515625,953.9381713867188
19.8671875,953.9485473632812
19.8828125,953.9352416992188
19.8984375,953.96826171875
19.9140625,953.9552612304688
19.9296875,953.935546875
19.9453125,953.9490356445312
19.9609375,953.9672241210938
19.9765625,953.951171875
19.9921875,953.9607543945312
20.0078125,953.9329223632812
20.0234375,953.9657592773438
20.0390625,953.975341796875
20.0546875,953.9663696289062
20.0703125,953.9713134765625
20.0859375,953.9563598632812
20.1015625,953.9776611328125
20.1171875,954.0491943359375
20.1328125,953.954345703125
20.1484375,953.9782104492188
20.1640625,953.9805908203125
20.1796875,953.9769287109375
20.1953125,954.01904296875
20.2109375,953.952392578125
20.2265625,954.0556030273438
20.2421875,954.0257568359375
20.2578125,953.9813232421875
20.2734375,954.0303955078125
20.2890625,953.9520263671875
20.3046875,954.0980834960938
20.3203125,954.0928955078125
20.3359375,954.0062866210938
20.3515625,954.035888671875
20.3671875,954.0492553710938
20.3828125,953.9918823242188
20.3984375,954.0184936523438
20.4140625,954.0291137695312
20.4296875,954.0064697265625
20.4453125,954.0745239257812
20.4609375,954.1074829101562
20.4765625,953.9808349609375
20.4921875,954.092529296875
20.5078125,953.9771728515625
20.5234375,954.0404663085938
20.5390625,954.0505981445312
20.5546875,954.0489501953125
20.5703125,954.00537109375
20.5859375,954.0145263671875
20.6015625,954.1539916992188
20.6171875,954.0595092773438
20.6328125,954.0297241210938
20.6484375,954.12255859375
20.6640625,954.0825805664062
20.6796875,954.1309204101562
20.6953125,954.0410766601562
20.7109375,954.0525512695312
20.7265625,954.1011352539062
20.7421875,954.1337280273438
20.7578125,954.2049560546875
20.7734375,954.1107788085938
20.7890625,954.0601196289062
20.8046875,954.0474243164062
20.8203125,954.113037109375
20.8359375,954.1158447265625
20.8515625,954.1150512695312
20.8671875,954.0960693359375
20.8828125,954.1174926757812
20.8984375,954.073974609375
20.9140625,954.0721435546875
20.9296875,954.100341796875
20.9453125,954.07958984375
20.9609375,954.1410522460938
20.9765625,954.1242065429688
20.9921875,954.1365966796875
21.0078125,954.0865478515625
21.0234375,954.1658325195312
21.0390625,953.985595703125
21.0546875,954.1742553710938
21.0703125,954.0520629882812
21.0859375,954.0259399414062
21.1015625,954.0067138671875
21.1171875,954.015380859375
21.1328125,954.0881958007812
21.1484375,954.0481567382812
21.1640625,953.9520263671875
21.1796875,953.9758911132812
21.1953125,954.0057373046875
21.2109375,953.9892578125
21.2265625,953.9419555664062
21.2421875,953.9730834960938
21.2578125,953.970703125
21.2734375,953.9497680664062
21.2890625,953.9391479492188
21.3046875,953.9317626953125
21.3203125,953.9517211914062
21.3359375,953.9627685546875
21.3515625,953.9545288085938
21.3671875,953.9262084960938
21.3828125,953.93359375
21.3984375,953.9609985351562
21.4140625,953.944580078125
21.4296875,953.938232421875
21.4453125,953.9524536132812
21.4609375,953.960205078125
21.4765625,953.95263671875
21.4921875,953.9358520507812
21.5078125,953.9352416992188
21.5234375,953.9448852539062
21.5390625,953.9315185546875
21.5546875,953.948486328125
21.5703125,953.9317626953125
21.5859375,953.928466796875
21.6015625,953.947998046875
21.6171875,953.9536743164062
21.6328125,953.9578857421875
21.6484375,953.93310546875
21.6640625,953.9435424804688
21.6796875,953.943115234375
21.6953125,953.9341430664062
21.7109375,953.927001953125
21.7265625,953.9389038085938
21.7421875,953.9468383789062
21.7578125,953.9364013671875
21.7734375,953.9307861328125
21.7890625,953.9240112304688
21.8046875,953.9503173828125
21.8203125,953.9415283203125
21.8359375,953.9454956054688
21.8515625,953.9367065429688
21.8671875,953.931640625
21.8828125,953.9200439453125
21.8984375,953.9164428710938
21.9140625,953.9288940429688
21.9296875,953.9215698242188
21.9453125,953.913818359375
21.9609375,953.9094848632812
21.9765625,953.9048461914062
21.9921875,953.9194946289062
22.0078125,953.9189453125
22.0234375,953.9210205078125
22.0390625,953.9063110351562
22.0546875,953.914794921875
22.0703125,953.9290161132812
22.0859375,953.9203491210938
22.1015625,953.9193725585938
22.1171875,953.9266967773438
22.1328125,953.9264526367188
22.1484375,953.9258422851562
22.1640625,953.90966796875
22.1796875,953.9246826171875
22.1953125,953.9279174804688
22.2109375,953.9339599609375
22.2265625,953.9234008789062
22.2421875,953.9228515625
22.2578125,953.9000854492188
22.2734375,953.9214477539062
22.2890625,953.9052734375
22.3046875,953.9255981445312
22.3203125,953.92138671875
22.3359375,953.9280395507812
22.3515625,953.9202880859375
22.3671875,953.9113159179688
22.3828125,953.93115234375
22.3984375,953.94140625
22.4140625,953.9301147460938
22.4296875,953.9398193359375
22.4453125,953.9358520507812
22.4609375,953.9319458007812
22.4765625,953.9336547851562
22.4921875,953.931640625
22.5078125,953.9328002929688
22.5234375,953.9276123046875
22.5390625,953.9391479492188
22.5546875,953.931640625
22.5703125,953.9459838867188
22.5859375,953.9381103515625
22.6015625,953.932373046875
22.6171875,953.9166870117188
22.6328125,953.9459838867188
22.6484375,953.9310913085938
22.6640625,953.930419921875
22.6796875,953.916015625
22.6953125,953.9168701171875
22.7109375,953.9301147460938
22.7265625,953.9150390625
22.7421875,953.9292602539062
22.7578125,953.9205932617188
22.7734375,953.92138671875
22.7890625,953.9133911132812
22.8046875,953.9284057617188
22.8203125,953.941162109375
22.8359375,953.92724609375
22.8515625,953.9623413085938
22.8671875,953.9364624023438
22.8828125,953.9503173828125
22.8984375,953.9591064453125
22.9140625,953.9671020507812
22.9296875,954.0128784179688
22.9453125,954.1577758789062
22.9609375,954.0430297851562
22.9765625,954.3380737304688
22.9921875,954.2362060546875
23.0078125,954.368896484375
23.0234375,954.2139892578125
23.0390625,954.2671508789062
23.0546875,954.2081298828125
23.0703125,954.1098022460938
23.0859375,954.1719360351562
23.1015625,954.2072143554688
23.1171875,954.208740234375
23.1328125,954.4037475585938
23.1484375,954.2601318359375
23.1640625,954.1326904296875
23.1796875,954.1769409179688
23.1953125,954.1778564453125
23.2109375,954.3614501953125
23.2265625,954.3119506835938
23.2421875,954.2803955078125
23.2578125,954.168701171875
23.2734375,954.200439453125
23.2890625,954.1497192382812
23.3046875,954.2779541015625
23.3203125,954.19482421875
23.3359375,954.2568359375
23.3515625,954.19140625
23.3671875,954.1700439453125
23.3828125,954.2035522460938
23.3984375,954.2741088867188
23.4140625,954.3012084960938
23.4296875,954.2679443359375
23.4453125,954.2276611328125
23.4609375,954.2595825195312
23.4765625,954.1065673828125
23.4921875,954.2794799804688
23.5078125,954.2791137695312
23.5234375,954.3314819335938
23.5390625,954.38427734375
23.5546875,954.2984008789062
23.5703125,954.2373046875
23.5859375,954.2833862304688
23.6015625,954.3720092773438
23.6171875,954.453857421875
23.6328125,954.2656860351562
23.6484375,954.243408203125
23.6640625,954.2719116210938
23.6796875,954.3067016601562
23.6953125,954.2738647460938
23.7109375,954.0601196289062
23.7265625,954.1412353515625
23.7421875,954.3887329101562
23.7578125,954.2774658203125
23.7734375,954.27294921875
23.7890625,954.3284301757812
23.8046875,954.2621459960938
23.8203125,954.3069458007812
23.8359375,954.2887573242188
23.8515625,954.313232421875
23.8671875,954.1646118164062
23.8828125,954.3728637695312
23.8984375,954.2947998046875
23.9140625,954.2040405273438
23.9296875,954.1671142578125
23.9453125,954.3362426757812
23.9609375,954.2252807617188
23.9765625,954.2874755859375
23.9921875,954.2520751953125
24.0078125,954.2113647460938
24.0234375,954.322021484375
24.0390625,954.2919921875
24.0546875,954.3772583007812
24.0703125,954.2810668945312
24.0859375,954.3140258789062
24.1015625,954.2371826171875
24.1171875,954.2553100585938
24.1328125,954.2064819335938
24.1484375,954.2459716796875
24.1640625,954.2578125
24.1796875,954.1838989257812
24.1953125,954.2791748046875
24.2109375,954.3092041015625
24.2265625,954.2864379882812
24.2421875,954.2626342773438
24.2578125,954.2896728515625
24.2734375,954.228271484375
24.2890625,954.2894287109375
24.3046875,954.2291259765625
24.3203125,954.2869262695312
24.3359375,954.2523803710938
24.3515625,954.2695922851562
24.3671875,954.1635131835938
24.3828125,954.1860961914062
24.3984375,954.2703857421875
24.4140625,954.1612548828125
24.4296875,954.2631225585938
24.4453125,954.1675415039062
24.4609375,954.0993041992188
24.4765625,954.19091796875
24.4921875,954.1253662109375
24.5078125,954.0592651367188
24.5234375,954.0664672851562
24.5390625,954.0475463867188
24.5546875,954.0238647460938
24.5703125,953.9746704101562
24.5859375,953.9288330078125
24.6015625,953.96630859375
24.6171875,953.9451904296875
24.6328125,953.9503784179688
24.6484375,953.9454956054688
24.6640625,953.9506225585938
24.6796875,953.9553833007812
24.6953125,953.9577026367188
24.7109375,953.9375610351562
24.7265625,953.9464721679688
24.7421875,953.9630737304688
24.7578125,953.959716796875
24.7734375,953.93896484375
24.7890625,953.9436645507812
24.8046875,953.9450073242188
24.8203125,953.9405517578125
24.8359375,953.94091796875
24.8515625,953.935302734375
24.8671875,953.9317016601562
24.8828125,953.9453735351562
24.8984375,953.9448852539062
24.9140625,953.950439453125
24.9296875,953.9512329101562
24.9453125,953.9168701171875
24.9609375,953.93115234375
24.9765625,953.922607421875
24.9921875,953.9448852539062
25.0078125,953.9447631835938
25.0234375,953.9345703125
25.0390625,953.9412841796875
25.0546875,953.9403076171875
25.0703125,953.9459228515625
25.0859375,953.936279296875
25.1015625,953.9514770507812
25.1171875,953.934814453125
25.1328125,953.947265625
25.1484375,953.9337158203125
25.1640625,953.9270629882812
25.1796875,953.9405517578125
25.1953125,953.9393310546875
25.2109375,953.9378662109375
25.2265625,953.935302734375
25.2421875,953.943359375
25.2578125,953.93505859375
25.2734375,953.9237060546875
25.2890625,953.9196166992188
25.3046875,953.9459838867188
25.3203125,953.9381103515625
25.3359375,953.9322509765625
25.3515625,953.9353637695312
25.3671875,953.9242553710938
25.3828125,953.9302368164062
25.3984375,953.9295043945312
25.4140625,953.9286499023438
25.4296875,953.9332885742188
25.4453125,953.9281005859375
25.4609375,953.9115600585938
25.4765625,953.9266357421875
25.4921875,953.930908203125
25.5078125,953.9268798828125
25.5234375,953.9476928710938
25.5390625,953.9174194335938
25.5546875,953.9373168945312
25.5703125,953.92333984375
25.5859375,953.925048828125
25.6015625,953.9280395507812
25.6171875,953.927001953125
25.6328125,953.9262084960938
25.6484375,953.92138671875
25.6640625,953.9110717773438
25.6796875,953.928955078125
25.6953125,953.927734375
25.7109375,953.9221801757812
25.7265625,953.9334716796875
25.7421875,953.9260864257812
25.7578125,953.9334716796875
25.7734375,953.916748046875
25.7890625,953.9297485351562
25.8046875,953.917236328125
25.8203125,953.9322509765625
25.8359375,953.9166870117188
25.8515625,953.91748046875
25.8671875,953.9285888671875
25.8828125,953.9376831054688
25.8984375,953.9440307617188
25.9140625,953.946044921875
25.9296875,953.937255859375
25.9453125,953.9810180664062
25.9609375,953.9396362304688
25.9765625,953.9735717773438
25.9921875,954.0042724609375
26.0078125,953.98779296875
26.0234375,954.08544921875
26.0390625,954.0806274414062
26.0546875,954.0721435546875
26.0703125,954.0555419921875
26.0859375,954.1964111328125
26.1015625,954.2366333007812
26.1171875,954.1724243164062
26.1328125,954.298583984375
26.1484375,954.0633544921875
26.1640625,954.1962890625
26.1796875,954.1661376953125
26.1953125,954.3273315429688
26.2109375,954.2492065429688
26.2265625,954.1821899414062
26.2421875,954.147705078125
26.2578125,954.183349609375
26.2734375,954.2277221679688
26.2890625,954.2001342773438
26.3046875,954.1646728515625
26.3203125,954.2671508789062
26.3359375,954.2093505859375
26.3515625,954.1856689453125
26.3671875,954.2716674804688
26.3828125,954.1242065429688
26.3984375,954.2716064453125
26.4140625,954.1735229492188
26.4296875,954.1644287109375
26.4453125,954.1957397460938
26.4609375,954.3104248046875
26.4765625,954.0900268554688
26.4921875,954.0985717773438
26.5078125,954.14990234375
26.5234375,954.0905151367188
26.5390625,954.0472412109375
26.5546875,954.1018676757812
26.5703125,954.11083984375
26.5859375,954.0463256835938
26.6015625,954.1262817382812
26.6171875,954.2056884765625
26.6328125,954.1365966796875
26.6484375,954.1768798828125
26.6640625,954.2029418945312
26.6796875,954.1483154296875
26.6953125,954.2269897460938
26.7109375,954.165283203125
26.7265625,954.305908203125
26.7421875,954.1959838867188
26.7578125,954.2201538085938
26.7734375,954.2381591796875
26.7890625,954.1176147460938
26.8046875,954.3292236328125
26.8203125,954.203125
26.8359375,954.2481689453125
26.8515625,954.2637329101562
26.8671875,954.3707885742188
26.8828125,954.3553466796875
26.8984375,954.301513671875
26.9140625,954.283935546875
26.9296875,954.271484375
26.9453125,954.2293701171875
26.9609375,954.364990234375
26.9765625,954.2927856445312
26.9921875,954.3737182617188
27.0078125,954.3421630859375
27.0234375,954.2915649414062
27.0390625,954.3987426757812
27.0546875,954.4498901367188
27.0703125,954.3405151367188
27.0859375,954.3779296875
27.1015625,954.2678833007812
27.1171875,954.380615234375
27.1328125,954.3110961914062
27.1484375,954.1506958007812
27.1640625,954.178466796875
27.1796875,954.2129516601562
27.1953125,954.1641845703125
27.2109375,954.1114501953125
27.2265625,954.0526123046875
27.2421875,954.0623168945312
27.2578125,954.1533203125
27.2734375,954.1727294921875
27.2890625,954.1306762695312
27.3046875,954.1600341796875
27.3203125,954.1685791015625
27.3359375,954.2440185546875
27.3515625,954.2422485351562
27.3671875,954.2963256835938
27.3828125,954.2891845703125
27.3984375,954.1465454101562
27.4140625,954.135498046875
27.4296875,954.2626953125
27.4453125,954.2686767578125
27.4609375,954.4203491210938
27.4765625,954.229736328125
27.4921875,954.2188720703125
27.5078125,954.1802368164062
27.5234375,954.0755004882812
27.5390625,954.016357421875
27.5546875,953.9945678710938
27.5703125,953.9802856445312
27.5859375,954.0455932617188
27.6015625,954.0559692382812
27.6171875,954.02734375
27.6328125,954.043701171875
27.6484375,954.045654296875
27.6640625,954.0810546875
27.6796875,954.0734252929688
27.6953125,954.0299072265625
27.7109375,954.0078735351562
27.7265625,954.0164794921875
27.7421875,954.0818481445312
27.7578125,954.0397338867188
27.7734375,954.0333862304688
27.7890625,954.0446166992188
27.8046875,954.0739135742188
27.8203125,953.9842529296875
27.8359375,953.9447631835938
27.8515625,953.9536743164062
27.8671875,953.9447631835938
27.8828125,953.929443359375
27.8984375,953.9462280273438
27.9140625,953.9366455078125
27.9296875,953.9435424804688
27.9453125,953.9476928710938
27.9609375,953.9337768554688
27.9765625,953.944091796875
27.9921875,953.937255859375
28.0078125,953.9434814453125
28.0234375,953.94921875
28.0390625,953.9448852539062
28.0546875,953.9393310546875
28.0703125,953.931396484375
28.0859375,953.962158203125
28.1015625,953.9609375
28.1171875,953.9299926757812
28.1328125,953.952392578125
28.1484375,953.9444580078125
28.1640625,953.94287109375
28.1796875,953.955810546875
28.1953125,953.940185546875
28.2109375,953.9423828125
28.2265625,953.953125
28.2421875,953.9475708007812
28.2578125,953.941162109375
28.2734375,953.9268798828125
28.2890625,953.9378051757812
28.3046875,953.9367065429688
28.3203125,953.945068359375
28.3359375,953.9462280273438
28.3515625,953.9573364257812
28.3671875,953.941162109375
28.3828125,953.9490966796875
28.3984375,953.9417724609375
28.4140625,953.9369506835938
28.4296875,953.9494018554688
28.4453125,953.9396362304688
28.4609375,953.9252319335938
28.4765625,953.9375
28.4921875,953.9498291015625
28.5078125,953.9549560546875
28.5234375,953.9417724609375
28.5390625,953.9437255859375
28.5546875,953.9476928710938
28.5703125,953.947998046875
28.5859375,953.952880859375
28.6015625,953.9501953125
28.6171875,953.9454956054688
28.6328125,953.9540405273438
28.6484375,953.9422607421875
28.6640625,953.9414672851562
28.6796875,953.9471435546875
28.6953125,953.9591674804688
28.7109375,953.944091796875
28.7265625,953.935302734375
28.7421875,953.9425048828125
28.7578125,953.958984375
28.7734375,953.9572143554688
28.7890625,953.9572143554688
28.8046875,953.9330444335938
28.8203125,953.9454956054688
28.8359375,953.9384155273438
28.8515625,953.9295043945312
28.8671875,953.9638671875
28.8828125,953.956787109375
28.8984375,953.9485473632812
28.9140625,953.9564819335938
28.9296875,953.948486328125
28.9453125,953.9559936523438
28.9609375,953.9573364257812
28.9765625,953.9475708007812
28.9921875,953.9520874023438
29.0078125,953.9430541992188
29.0234375,953.9509887695312
29.0390625,953.9282836914062
29.0546875,953.9422607421875
29.0703125,953.9490966796875
29.0859375,953.9642944335938
29.1015625,953.9384155273438
29.1171875,953.9347534179688
29.1328125,953.957763671875
29.1484375,953.9262084960938
29.1640625,953.9319458007812
29.1796875,953.956298828125
29.1953125,953.9481201171875
29.2109375,953.9430541992188
29.2265625,953.9401245117188
29.2421875,953.9591674804688
29.2578125,953.9415893554688
29.2734375,953.9562377929688
29.2890625,953.952880859375
29.3046875,953.9892578125
29.3203125,953.9871826171875
29.3359375,953.9074096679688
29.3515625,953.9256591796875
29.3671875,953.996826171875
29.3828125,953.9309692382812
29.3984375,953.9802856445312
29.4140625,953.9752197265625
29.4296875,953.9841918945312
29.4453125,953.9840698242188
29.4609375,953.981689453125
29.4765625,953.9864501953125
29.4921875,953.9194946289062
29.5078125,953.8937377929688
29.5234375,953.9766235351562
29.5390625,953.9025268554688
29.5546875,953.9708251953125
29.5703125,953.9515380859375
29.5859375,953.9269409179688
29.6015625,953.971435546875
29.6171875,953.9479370117188
29.6328125,953.964111328125
29.6484375,953.931396484375
29.6640625,953.9696044921875
29.6796875,953.9239501953125
29.6953125,953.9610595703125
29.7109375,953.9672241210938
29.7265625,953.9733276367188
29.7421875,953.9676513671875
29.7578125,953.9727172851562
29.7734375,953.9652099609375
29.7890625,954.06201171875
29.8046875,953.9517211914062
29.8203125,953.9367065429688
29.8359375,953.9077758789062
29.8515625,953.9166870117188
29.8671875,953.9655151367188
29.8828125,953.9911499023438
29.8984375,954.0408935546875
29.9140625,953.9149169921875
29.9296875,953.91748046875
29.9453125,953.96826171875
29.9609375,953.9028930664062
29.9765625,953.92578125
29.9921875,953.9146118164062
30.0078125,953.99560546875
30.0234375,953.9238891601562
30.0390625,953.9783935546875
30.0546875,953.9364013671875
30.0703125,953.9794921875
30.0859375,953.9356079101562
30.1015625,953.9345703125
30.1171875,953.9019165039062
30.1328125,953.981201171875
30.1484375,953.9291381835938
30.1640625,953.944580078125
30.1796875,953.9032592773438
30.1953125,953.91357421875
30.2109375,954.0552978515625
30.2265625,953.9378051757812
30.2421875,953.9490966796875
30.2578125,953.947265625
30.2734375,953.8999633789062
30.2890625,953.9738159179688
30.3046875,953.9345092773438
30.3203125,953.9573974609375
30.3359375,953.9360961914062
30.3515625,953.9149780273438
30.3671875,953.9700317382812
30.3828125,953.9351196289062
30.3984375,953.9430541992188
30.4140625,953.9141235351562
30.4296875,953.9525756835938
30.4453125,953.9283447265625
30.4609375,953.9147338867188
30.4765625,953.9802856445312
30.4921875,953.9166259765625
30.5078125,953.950439453125
30.5234375,953.9462890625
30.5390625,953.9354248046875
30.5546875,953.9400634765625
30.5703125,953.9166259765625
30.5859375,953.9347534179688
30.6015625,953.9210205078125
30.6171875,953.92138671875
30.6328125,953.9481201171875
30.6484375,953.9240112304688
30.6640625,953.89990234375
30.6796875,953.9244384765625
30.6953125,953.921875
30.7109375,953.9227905273438
30.7265625,953.9244384765625
30.7421875,953.9371948242188
30.7578125,953.9302978515625
30.7734375,953.9596557617188
30.7890625,953.9498291015625
30.8046875,953.9496459960938
30.8203125,953.9309692382812
30.8359375,953.9420166015625
30.8515625,953.939453125
30.8671875,953.9437866210938
30.8828125,953.9545288085938
30.8984375,953.9464721679688
30.9140625,953.9498901367188
