# Time (seconds),f0
0.0078125,29.47217559814453
0.0234375,29.479888916015625
0.0390625,29.47473907470703
0.0546875,29.47327423095703
0.0703125,29.469970703125
0.0859375,29.466659545898438
0.1015625,29.46959686279297
0.1171875,29.461509704589844
0.1328125,29.478416442871094
0.1484375,29.468490600585938
0.1640625,29.46776580810547
0.1796875,29.465187072753906
0.1953125,29.472900390625
0.2109375,29.475479125976562
0.2265625,29.4736328125
0.2421875,29.465187072753906
0.2578125,29.470703125
0.2734375,29.47583770751953
0.2890625,29.47400665283203
0.3046875,29.48723602294922
0.3203125,29.480247497558594
0.3359375,29.479148864746094
0.3515625,29.479522705078125
0.3671875,29.4710693359375
0.3828125,29.478790283203125
0.3984375,29.482826232910156
0.4140625,29.501571655273438
0.4296875,29.48650360107422
0.4453125,29.495323181152344
0.4609375,29.504501342773438
0.4765625,29.49053955078125
0.4921875,29.50414276123047
0.5078125,29.514801025390625
0.5234375,29.509658813476562
0.5390625,29.52619171142578
0.5546875,29.530227661132812
0.5703125,29.55779266357422
0.5859375,29.55852508544922
0.6015625,29.566986083984375
0.6171875,29.57910919189453
0.6328125,29.602996826171875
0.6484375,29.61254119873047
0.6640625,29.622467041015625
0.6796875,29.635696411132812
0.6953125,29.66400146484375
0.7109375,29.690460205078125
0.7265625,29.708831787109375
0.7421875,29.7198486328125
0.7578125,29.742271423339844
0.7734375,29.780487060546875
0.7890625,29.834136962890625
0.8046875,29.849571228027344
0.8203125,29.883010864257812
0.8359375,29.91057586669922
0.8515625,29.923805236816406
0.8671875,29.94585418701172
0.8828125,29.960189819335938
0.8984375,29.975990295410156
0.9140625,29.988121032714844
0.9296875,30.008697509765625
0.9453125,30.022293090820312
0.9609375,30.044342041015625
0.9765625,30.050216674804688
0.9921875,30.064544677734375
1.0078125,30.076316833496094
1.0234375,30.093582153320312
1.0390625,30.104232788085938
1.0546875,30.12554931640625
1.0703125,30.12482452392578
1.0859375,30.150177001953125
1.1015625,30.150177001953125
1.1171875,30.170753479003906
1.1328125,30.183609008789062
1.1484375,30.184715270996094
1.1640625,30.19794464111328
1.1796875,30.197586059570312
1.1953125,30.217788696289062
1.2109375,30.222564697265625
1.2265625,30.226974487304688
1.2421875,30.240203857421875
1.2578125,30.236900329589844
1.2734375,30.236526489257812
1.2890625,30.24829864501953
1.3046875,30.26409149169922
1.3203125,30.255645751953125
1.3359375,30.26409149169922
1.3515625,30.26593780517578
1.3671875,30.269241333007812
1.3828125,30.26850128173828
1.3984375,30.270347595214844
1.4140625,30.278793334960938
1.4296875,30.279525756835938
1.4453125,30.279525756835938
1.4609375,30.2850341796875
1.4765625,30.268875122070312
1.4921875,30.296432495117188
1.5078125,30.2850341796875
1.5234375,30.279525756835938
1.5390625,30.278793334960938
1.5546875,30.283203125
1.5703125,30.26739501953125
1.5859375,30.262252807617188
1.6015625,30.26483154296875
1.6171875,30.26666259765625
1.6328125,30.256370544433594
1.6484375,30.251235961914062
1.6640625,30.238731384277344
1.6796875,30.24571990966797
1.6953125,30.239105224609375
1.7109375,30.22881317138672
1.7265625,30.221092224121094
1.7421875,30.20861053466797
1.7578125,30.202728271484375
1.7734375,30.17516326904297
1.7890625,30.17589569091797
1.8046875,30.164512634277344
1.8203125,30.168922424316406
1.8359375,30.151641845703125
1.8515625,30.145401000976562
1.8671875,30.12445068359375
1.8828125,30.12482452392578
1.8984375,30.119308471679688
1.9140625,30.097259521484375
1.9296875,30.103134155273438
1.9453125,30.08879852294922
1.9609375,30.082183837890625
1.9765625,30.074111938476562
1.9921875,30.061614990234375
2.0078125,30.05683135986328
2.0234375,30.051315307617188
2.0390625,30.049484252929688
2.0546875,30.0355224609375
2.0703125,30.01971435546875
2.0859375,30.024124145507812
2.1015625,30.00318145751953
2.1171875,30.005760192871094
2.1328125,30.00135040283203
2.1484375,29.98260498046875
2.1640625,29.98223876953125
2.1796875,29.98186492919922
2.1953125,29.98186492919922
2.2109375,29.958351135253906
2.2265625,29.966796875
2.2421875,29.951370239257812
2.2578125,29.938140869140625
2.2734375,29.941444396972656
2.2890625,29.93004608154297
2.3046875,29.917190551757812
2.3203125,29.906898498535156
2.3359375,29.919021606445312
2.3515625,29.919395446777344
2.3671875,29.898818969726562
2.3828125,29.8958740234375
2.3984375,29.89807891845703
2.4140625,29.890357971191406
2.4296875,29.886322021484375
2.4453125,29.872360229492188
2.4609375,29.882644653320312
2.4765625,29.856185913085938
2.4921875,29.85692596435547
2.5078125,29.866104125976562
2.5234375,29.855079650878906
2.5390625,29.84039306640625
2.5546875,29.84039306640625
2.5703125,29.838546752929688
2.5859375,29.829368591308594
2.6015625,29.82862091064453
2.6171875,29.813934326171875
2.6328125,29.821273803710938
2.6484375,29.811729431152344
2.6640625,29.80474090576172
2.6796875,29.794090270996094
2.6953125,29.795188903808594
2.7109375,29.77166748046875
2.7265625,29.776451110839844
2.7421875,29.76946258544922
2.7578125,29.77204132080078
2.7734375,29.767990112304688
2.7890625,29.757339477539062
2.8046875,29.755859375
2.8203125,29.748886108398438
2.8359375,29.744110107421875
2.8515625,29.7532958984375
2.8671875,29.74042510986328
2.8828125,29.747039794921875
2.8984375,29.752197265625
2.9140625,29.7532958984375
2.9296875,29.757339477539062
2.9453125,29.758811950683594
2.9609375,29.77570343017578
2.9765625,29.766525268554688
2.9921875,29.762474060058594
3.0078125,29.765052795410156
3.0234375,29.77239990234375
3.0390625,29.774978637695312
3.0546875,29.789306640625
3.0703125,29.799224853515625
3.0859375,29.814666748046875
3.1015625,29.821273803710938
3.1171875,29.8238525390625
3.1328125,29.830467224121094
3.1484375,29.856185913085938
3.1640625,29.86133575439453
3.1796875,29.87456512451172
3.1953125,29.87567138671875
3.2109375,29.891830444335938
3.2265625,29.897720336914062
3.2421875,29.91387939453125
3.2578125,29.92638397216797
3.2734375,29.93335723876953
3.2890625,29.959083557128906
3.3046875,29.971206665039062
3.3203125,29.98333740234375
3.3359375,29.992156982421875
3.3515625,30.00501251220703
3.3671875,29.991424560546875
3.3828125,30.006484985351562
3.3984375,30.03221893310547
3.4140625,30.0380859375
3.4296875,30.041038513183594
3.4453125,30.050216674804688
3.4609375,30.049484252929688
3.4765625,30.07115936279297
3.4921875,30.084762573242188
3.5078125,30.09064483642578
3.5234375,30.103134155273438
3.5390625,30.105712890625
3.5546875,30.114158630371094
3.5703125,30.119308471679688
3.5859375,30.113052368164062
3.6015625,30.133644104003906
3.6171875,30.12628173828125
3.6328125,30.12665557861328
3.6484375,30.131797790527344
3.6640625,30.135475158691406
3.6796875,30.144668579101562
3.6953125,30.148330688476562
3.7109375,30.148330688476562
3.7265625,30.148704528808594
3.7421875,30.1431884765625
3.7578125,30.16082763671875
3.7734375,30.152740478515625
3.7890625,30.137680053710938
3.8046875,30.155319213867188
3.8203125,30.152381896972656
3.8359375,30.152381896972656
3.8515625,30.132537841796875
3.8671875,30.129234313964844
3.8828125,30.129234313964844
3.8984375,30.114898681640625
3.9140625,30.12371826171875
3.9296875,30.10974884033203
3.9453125,30.1068115234375
3.9609375,30.094680786132812
3.9765625,30.100196838378906
3.9921875,30.084762573242188
4.0078125,30.072265625
4.0234375,30.083663940429688
4.0390625,30.074111938476562
4.0546875,30.067855834960938
4.0703125,30.05389404296875
4.0859375,30.062339782714844
4.1015625,30.05316162109375
4.1171875,30.028533935546875
4.1328125,30.039932250976562
4.1484375,30.03919219970703
4.1640625,30.005760192871094
4.1796875,29.9998779296875
4.1953125,30.009796142578125
4.2109375,30.00135040283203
4.2265625,30.0020751953125
4.2421875,29.991058349609375
4.2578125,29.975990295410156
4.2734375,29.98333740234375
4.2890625,29.971206665039062
4.3046875,29.96422576904297
4.3203125,29.966796875
4.3359375,29.953567504882812
4.3515625,29.959083557128906
4.3671875,29.937034606933594
4.3828125,29.937034606933594
4.3984375,29.941070556640625
4.4140625,29.92748260498047
4.4296875,29.920127868652344
4.4453125,29.920867919921875
4.4609375,29.920867919921875
4.4765625,29.920867919921875
4.4921875,29.917190551757812
4.5078125,29.91057586669922
4.5234375,29.89366912841797
4.5390625,29.892562866210938
4.5546875,29.901382446289062
4.5703125,29.900650024414062
4.5859375,29.890731811523438
4.6015625,29.87787628173828
4.6171875,29.865371704101562
4.6328125,29.85692596435547
4.6484375,29.84369659423828
4.6640625,29.851417541503906
4.6796875,29.837814331054688
4.6953125,29.818344116210938
4.7109375,29.82421112060547
4.7265625,29.82311248779297
4.7421875,29.801063537597656
4.7578125,29.811729431152344
4.7734375,29.812828063964844
4.7890625,29.80400848388672
4.8046875,29.797393798828125
4.8203125,29.794815063476562
4.8359375,29.784896850585938
4.8515625,29.784164428710938
4.8671875,29.79077911376953
4.8828125,29.765052795410156
4.8984375,29.764320373535156
4.9140625,29.761749267578125
4.9296875,29.763946533203125
4.9453125,29.760643005371094
4.9609375,29.75623321533203
4.9765625,29.77239990234375
4.9921875,29.784896850585938
5.0078125,29.7882080078125
5.0234375,29.7911376953125
5.0390625,29.78893280029297
5.0546875,29.811729431152344
5.0703125,29.816864013671875
5.0859375,29.82495880126953
5.1015625,29.838546752929688
5.1171875,29.84039306640625
5.1328125,29.854354858398438
5.1484375,29.8580322265625
5.1640625,29.8616943359375
5.1796875,29.883384704589844
5.1953125,29.892562866210938
5.2109375,29.898818969726562
5.2265625,29.907638549804688
5.2421875,29.91315460205078
5.2578125,29.93335723876953
5.2734375,29.938865661621094
5.2890625,29.959083557128906
5.3046875,29.972686767578125
5.3203125,29.993255615234375
5.3359375,29.988121032714844
5.3515625,30.013107299804688
5.3671875,30.02044677734375
5.3828125,30.032943725585938
5.3984375,30.05242156982422
5.4140625,30.05536651611328
5.4296875,30.059776306152344
5.4453125,30.081825256347656
5.4609375,30.08954620361328
5.4765625,30.101303100585938
5.4921875,30.10828399658203
5.5078125,30.111595153808594
5.5234375,30.1431884765625
5.5390625,30.139511108398438
5.5546875,30.157150268554688
5.5703125,30.157150268554688
5.5859375,30.17626953125
5.6015625,30.204559326171875
5.6171875,30.21044158935547
5.6328125,30.204200744628906
5.6484375,30.222564697265625
5.6640625,30.221092224121094
5.6796875,30.227706909179688
5.6953125,30.227706909179688
5.7109375,30.234695434570312
5.7265625,30.253433227539062
5.7421875,30.251235961914062
5.7578125,30.255645751953125
5.7734375,30.246826171875
5.7890625,30.241310119628906
5.8046875,30.258216857910156
5.8203125,30.256744384765625
5.8359375,30.253807067871094
5.8515625,30.252708435058594
5.8671875,30.238731384277344
5.8828125,30.249755859375
5.8984375,30.243515014648438
5.9140625,30.239479064941406
5.9296875,30.239479064941406
5.9453125,30.22845458984375
5.9609375,30.227706909179688
5.9765625,30.23432159423828
5.9921875,30.208236694335938
6.0078125,30.207862854003906
6.0234375,30.215957641601562
6.0390625,30.19500732421875
6.0546875,30.202728271484375
6.0703125,30.2119140625
6.0859375,30.19610595703125
6.1015625,30.17333221435547
6.1171875,30.164512634277344
6.1328125,30.170753479003906
6.1484375,30.16266632080078
6.1640625,30.152740478515625
6.1796875,30.145401000976562
6.1953125,30.1409912109375
6.2109375,30.1431884765625
6.2265625,30.116004943847656
6.2421875,30.131797790527344
6.2578125,30.110122680664062
6.2734375,30.097259521484375
6.2890625,30.101303100585938
6.3046875,30.09064483642578
6.3203125,30.081825256347656
6.3359375,30.074111938476562
6.3515625,30.083663940429688
6.3671875,30.063812255859375
6.3828125,30.05536651611328
6.3984375,30.05352020263672
6.4140625,30.05683135986328
6.4296875,30.050216674804688
6.4453125,30.05352020263672
6.4609375,30.046546936035156
6.4765625,30.02155303955078
6.4921875,30.03221893310547
6.5078125,30.037353515625
6.5234375,30.014205932617188
6.5390625,30.024124145507812
6.5546875,30.01788330078125
6.5703125,30.013107299804688
6.5859375,30.006118774414062
6.6015625,29.98186492919922
6.6171875,29.978553771972656
6.6328125,29.97930145263672
6.6484375,29.98627471923828
6.6640625,29.974143981933594
6.6796875,29.98113250732422
6.6953125,29.98150634765625
6.7109375,29.98627471923828
6.7265625,29.9638671875
6.7421875,29.96276092529297
6.7578125,29.958351135253906
6.7734375,29.940711975097656
6.7890625,29.94402313232422
6.8046875,29.93189239501953
6.8203125,29.922698974609375
6.8359375,29.920867919921875
6.8515625,29.919395446777344
6.8671875,29.90874481201172
6.8828125,29.91461181640625
6.8984375,29.905792236328125
6.9140625,29.902862548828125
6.9296875,29.904335021972656
6.9453125,29.89293670654297
6.9609375,29.887420654296875
6.9765625,29.871994018554688
6.9921875,29.87970733642578
7.0078125,29.86206817626953
7.0234375,29.847732543945312
7.0390625,29.856185913085938
7.0546875,29.85692596435547
7.0703125,29.853622436523438
7.0859375,29.847732543945312
7.1015625,29.84039306640625
7.1171875,29.86133575439453
7.1328125,29.838546752929688
7.1484375,29.86133575439453
7.1640625,29.85692596435547
7.1796875,29.85692596435547
7.1953125,29.865371704101562
7.2109375,29.870887756347656
7.2265625,29.85692596435547
7.2421875,29.873825073242188
7.2578125,29.869781494140625
7.2734375,29.85692596435547
7.2890625,29.8616943359375
7.3046875,29.8616943359375
7.3203125,29.884490966796875
7.3359375,29.870513916015625
7.3515625,29.87529754638672
7.3671875,29.87823486328125
7.3828125,29.89220428466797
7.3984375,29.89551544189453
7.4140625,29.89293670654297
7.4296875,29.8958740234375
7.4453125,29.900283813476562
7.4609375,29.903228759765625
7.4765625,29.91278076171875
7.4921875,29.915359497070312
7.5078125,29.923805236816406
7.5234375,29.936660766601562
7.5390625,29.94843292236328
7.5546875,29.956146240234375
7.5703125,29.94585418701172
7.5859375,29.98113250732422
7.6015625,29.991058349609375
7.6171875,29.989219665527344
7.6328125,29.993988037109375
7.6484375,30.012374877929688
7.6640625,30.023399353027344
7.6796875,30.03919219970703
7.6953125,30.042495727539062
7.7109375,30.057571411132812
7.7265625,30.07556915283203
7.7421875,30.083663940429688
7.7578125,30.103134155273438
7.7734375,30.119308471679688
7.7890625,30.114898681640625
7.8046875,30.141357421875
7.8203125,30.15899658203125
7.8359375,30.15899658203125
7.8515625,30.184715270996094
7.8671875,30.19463348388672
7.8828125,30.21117401123047
7.8984375,30.22955322265625
7.9140625,30.241683959960938
7.9296875,30.26666259765625
7.9453125,30.2813720703125
7.9609375,30.296432495117188
7.9765625,30.319580078125
7.9921875,30.327674865722656
8.0078125,30.35596466064453
8.0234375,30.366256713867188
8.0390625,30.37102508544922
8.0546875,30.37213134765625
8.0703125,30.385726928710938
8.0859375,30.404098510742188
8.1015625,30.412185668945312
8.1171875,30.415496826171875
8.1328125,30.438644409179688
8.1484375,30.452606201171875
8.1640625,30.453712463378906
8.1796875,30.44158172607422
8.1953125,30.45996856689453
8.2109375,30.462905883789062
8.2265625,30.463272094726562
8.2421875,30.480911254882812
8.2578125,30.465476989746094
8.2734375,30.462173461914062
8.2890625,30.45922088623047
8.3046875,30.465835571289062
8.3203125,30.451873779296875
8.3359375,30.455184936523438
8.3515625,30.44599151611328
8.3671875,30.42835235595703
8.3828125,30.42578887939453
8.3984375,30.421737670898438
8.4140625,30.40814971923828
8.4296875,30.39051055908203
8.4453125,30.402267456054688
8.4609375,30.37213134765625
8.4765625,30.36846160888672
8.4921875,30.35228729248047
8.5078125,30.326927185058594
8.5234375,30.319580078125
8.5390625,30.293853759765625
8.5546875,30.277320861816406
8.5703125,30.279525756835938
8.5859375,30.258575439453125
8.6015625,30.24571990966797
8.6171875,30.24571990966797
8.6328125,30.227706909179688
8.6484375,30.217056274414062
8.6640625,30.204559326171875
8.6796875,30.19207000732422
8.6953125,30.19097137451172
8.7109375,30.189125061035156
8.7265625,30.167076110839844
8.7421875,30.164512634277344
8.7578125,30.137306213378906
8.7734375,30.141357421875
8.7890625,30.12628173828125
8.8046875,30.100570678710938
8.8203125,30.09137725830078
8.8359375,30.084762573242188
8.8515625,30.076316833496094
8.8671875,30.066749572753906
8.8828125,30.057571411132812
8.8984375,30.05536651611328
8.9140625,30.051315307617188
8.9296875,30.03221893310547
8.9453125,30.023025512695312
8.9609375,30.027809143066406
8.9765625,30.014938354492188
8.9921875,30.00318145751953
9.0078125,29.99694061279297
9.0234375,29.98040008544922
9.0390625,29.977096557617188
9.0546875,29.98040008544922
9.0703125,29.974517822265625
9.0859375,29.972312927246094
9.1015625,29.956878662109375
9.1171875,29.938865661621094
9.1328125,29.937767028808594
9.1484375,29.954299926757812
9.1640625,29.917190551757812
9.1796875,29.919395446777344
9.1953125,29.91571807861328
9.2109375,29.918289184570312
9.2265625,29.91240692138672
9.2421875,29.91240692138672
9.2578125,29.900650024414062
9.2734375,29.904693603515625
9.2890625,29.91571807861328
9.3046875,29.898818969726562
9.3203125,29.896240234375
9.3359375,29.903961181640625
9.3515625,29.91278076171875
9.3671875,29.91057586669922
9.3828125,29.91057586669922
9.3984375,29.91057586669922
9.4140625,29.922698974609375
9.4296875,29.937767028808594
9.4453125,29.955406188964844
9.4609375,29.972312927246094
9.4765625,29.974517822265625
9.4921875,29.988121032714844
9.5078125,29.98296356201172
9.5234375,30.005760192871094
9.5390625,29.99803924560547
9.5546875,30.024124145507812
9.5703125,30.031471252441406
9.5859375,30.044342041015625
9.6015625,30.057571411132812
9.6171875,30.050216674804688
9.6328125,30.078147888183594
9.6484375,30.094314575195312
9.6640625,30.09137725830078
9.6796875,30.120773315429688
9.6953125,30.133644104003906
9.7109375,30.152008056640625
9.7265625,30.14061737060547
9.7421875,30.153488159179688
9.7578125,30.17626953125
9.7734375,30.187660217285156
9.7890625,30.21044158935547
9.8046875,30.21044158935547
9.8203125,30.236167907714844
9.8359375,30.237274169921875
9.8515625,30.254539489746094
9.8671875,30.251602172851562
9.8828125,30.26483154296875
9.8984375,30.277320861816406
9.9140625,30.291290283203125
9.9296875,30.304153442382812
9.9453125,30.330978393554688
9.9609375,30.326927185058594
9.9765625,30.3548583984375
9.9921875,30.35413360595703
10.0078125,30.380592346191406
10.0234375,30.378746032714844
10.0390625,30.39124298095703
10.0546875,30.402267456054688
10.0703125,30.411819458007812
10.0859375,30.419906616210938
10.1015625,30.429100036621094
10.1171875,30.435714721679688
10.1328125,30.44268798828125
10.1484375,30.45922088623047
10.1640625,30.452606201171875
10.1796875,30.46142578125
10.1953125,30.455184936523438
10.2109375,30.471351623535156
10.2265625,30.455184936523438
10.2421875,30.450775146484375
10.2578125,30.454452514648438
10.2734375,30.450775146484375
10.2890625,30.44268798828125
10.3046875,30.44599151611328
10.3203125,30.42652130126953
10.3359375,30.432762145996094
10.3515625,30.419906616210938
10.3671875,30.419906616210938
10.3828125,30.40630340576172
10.3984375,30.40740966796875
10.4140625,30.38866424560547
10.4296875,30.38720703125
10.4453125,30.39051055908203
10.4609375,30.375076293945312
10.4765625,30.359268188476562
10.4921875,30.360748291015625
10.5078125,30.350448608398438
10.5234375,30.34972381591797
10.5390625,30.33721923828125
10.5546875,30.33795166015625
10.5703125,30.316650390625
10.5859375,30.30194091796875
10.6015625,30.30010986328125
10.6171875,30.30010986328125
10.6328125,30.278060913085938
10.6484375,30.275856018066406
10.6640625,30.255645751953125
10.6796875,30.24571990966797
10.6953125,30.23175811767578
10.7109375,30.238006591796875
10.7265625,30.217056274414062
10.7421875,30.218528747558594
10.7578125,30.220367431640625
10.7734375,30.197586059570312
10.7890625,30.188392639160156
10.8046875,30.188392639160156
10.8203125,30.19097137451172
10.8359375,30.172584533691406
10.8515625,30.172958374023438
10.8671875,30.15972900390625
10.8828125,30.1439208984375
10.8984375,30.14612579345703
10.9140625,30.14246368408203
10.9296875,30.117462158203125
10.9453125,30.110122680664062
10.9609375,30.1075439453125
10.9765625,30.08879852294922
10.9921875,30.093582153320312
11.0078125,30.0726318359375
11.0234375,30.065292358398438
11.0390625,30.049484252929688
11.0546875,30.044700622558594
11.0703125,30.05462646484375
11.0859375,30.028533935546875
11.1015625,30.03221893310547
11.1171875,30.024124145507812
11.1328125,30.013473510742188
11.1484375,30.013107299804688
11.1640625,29.99694061279297
11.1796875,30.007591247558594
11.1953125,29.997299194335938
11.2109375,30.0009765625
11.2265625,29.978553771972656
11.2421875,29.997299194335938
11.2578125,29.993255615234375
11.2734375,29.991058349609375
11.2890625,29.98186492919922
11.3046875,30.005760192871094
11.3203125,30.00135040283203
11.3359375,29.997299194335938
11.3515625,30.006484985351562
11.3671875,30.01751708984375
11.3828125,30.03221893310547
11.3984375,30.044700622558594
11.4140625,30.050216674804688
11.4296875,30.057571411132812
11.4453125,30.071533203125
11.4609375,30.075210571289062
11.4765625,30.08734130859375
11.4921875,30.09137725830078
11.5078125,30.116729736328125
11.5234375,30.115257263183594
11.5390625,30.141357421875
11.5546875,30.16193389892578
11.5703125,30.165969848632812
11.5859375,30.17443084716797
11.6015625,30.201622009277344
11.6171875,30.197586059570312
11.6328125,30.2144775390625
11.6484375,30.236167907714844
11.6640625,30.22955322265625
11.6796875,30.259323120117188
11.6953125,30.261154174804688
11.7109375,30.2850341796875
11.7265625,30.292022705078125
11.7421875,30.327301025390625
11.7578125,30.33391571044922
11.7734375,30.344207763671875
11.7890625,30.35596466064453
11.8046875,30.382049560546875
11.8203125,30.38610076904297
11.8359375,30.38720703125
11.8515625,30.421737670898438
11.8671875,30.433509826660156
11.8828125,30.449676513671875
11.8984375,30.45812225341797
11.9140625,30.472450256347656
11.9296875,30.47723388671875
11.9453125,30.490463256835938
11.9609375,30.500755310058594
11.9765625,30.506629943847656
11.9921875,30.520233154296875
12.0078125,30.524642944335938
12.0234375,30.543380737304688
12.0390625,30.54669189453125
12.0546875,30.552200317382812
12.0703125,30.54705810546875
12.0859375,30.561019897460938
12.1015625,30.574981689453125
12.1171875,30.58086395263672
12.1328125,30.576828002929688
12.1484375,30.57903289794922
12.1640625,30.58159637451172
12.1796875,30.58416748046875
12.1953125,30.5672607421875
12.2109375,30.58123779296875
12.2265625,30.56763458251953
12.2421875,30.538238525390625
12.2578125,30.54558563232422
12.2734375,30.53418731689453
12.2890625,30.527572631835938
12.3046875,30.506629943847656
12.3203125,30.515090942382812
12.3359375,30.504066467285156
12.3515625,30.487884521484375
12.3671875,30.489364624023438
12.3828125,30.482742309570312
12.3984375,30.47723388671875
12.4140625,30.467681884765625
12.4296875,30.450775146484375
12.4453125,30.45555877685547
12.4609375,30.436813354492188
12.4765625,30.425048828125
12.4921875,30.40630340576172
12.5078125,30.40814971923828
12.5234375,30.38720703125
12.5390625,30.379119873046875
12.5546875,30.37139892578125
12.5703125,30.364410400390625
12.5859375,30.367721557617188
12.6015625,30.3548583984375
12.6171875,30.345672607421875
12.6328125,30.3184814453125
12.6484375,30.3184814453125
12.6640625,30.312973022460938
12.6796875,30.287986755371094
12.6953125,30.2843017578125
12.7109375,30.275482177734375
12.7265625,30.251602172851562
12.7421875,30.243515014648438
12.7578125,30.24388885498047
12.7734375,30.21302032470703
12.7890625,30.222938537597656
12.8046875,30.198318481445312
12.8203125,30.188392639160156
12.8359375,30.182151794433594
12.8515625,30.167816162109375
12.8671875,30.15789794921875
12.8828125,30.147232055664062
12.8984375,30.12445068359375
12.9140625,30.12665557861328
12.9296875,30.117462158203125
12.9453125,30.1068115234375
12.9609375,30.096519470214844
12.9765625,30.08734130859375
12.9921875,30.083663940429688
13.0078125,30.07190704345703
13.0234375,30.061981201171875
13.0390625,30.05389404296875
13.0546875,30.05683135986328
13.0703125,30.043601989746094
13.0859375,30.05242156982422
13.1015625,30.030372619628906
13.1171875,30.029640197753906
13.1328125,30.01751708984375
13.1484375,29.996566772460938
13.1640625,29.98480987548828
13.1796875,29.969375610351562
13.1953125,29.967529296875
13.2109375,29.956878662109375
13.2265625,29.944381713867188
13.2421875,29.94989013671875
13.2578125,29.93189239501953
13.2734375,29.93335723876953
13.2890625,29.93004608154297
13.3046875,29.92821502685547
13.3203125,29.923431396484375
13.3359375,29.924911499023438
13.3515625,29.92894744873047
13.3671875,29.917190551757812
13.3828125,29.920867919921875
13.3984375,29.93004608154297
13.4140625,29.924911499023438
13.4296875,29.92638397216797
13.4453125,29.920867919921875
13.4609375,29.9293212890625
13.4765625,29.923431396484375
13.4921875,29.93262481689453
13.5078125,29.93115234375
13.5234375,29.92821502685547
13.5390625,29.936660766601562
13.5546875,29.92821502685547
13.5703125,29.93335723876953
13.5859375,29.93262481689453
13.6015625,29.93004608154297
13.6171875,29.93335723876953
13.6328125,29.941444396972656
13.6484375,29.94402313232422
13.6640625,29.92638397216797
13.6796875,29.944747924804688
13.6953125,29.94402313232422
13.7109375,29.94402313232422
13.7265625,29.955047607421875
13.7421875,29.951370239257812
13.7578125,29.953567504882812
13.7734375,29.971206665039062
13.7890625,29.9638671875
13.8046875,29.96790313720703
13.8203125,29.971939086914062
13.8359375,29.96422576904297
13.8515625,29.969375610351562
13.8671875,29.975990295410156
13.8828125,29.972686767578125
13.8984375,29.974517822265625
13.9140625,29.969375610351562
13.9296875,29.972312927246094
13.9453125,29.976348876953125
13.9609375,29.971580505371094
13.9765625,29.972312927246094
13.9921875,29.972686767578125
14.0078125,29.96276092529297
14.0234375,29.972312927246094
14.0390625,29.958709716796875
14.0546875,29.969009399414062
14.0703125,29.96863555908203
14.0859375,29.954299926757812
14.1015625,29.964599609375
14.1171875,29.94915771484375
14.1328125,29.950637817382812
14.1484375,29.940711975097656
14.1640625,29.93115234375
14.1796875,29.933731079101562
14.1953125,29.935928344726562
14.2109375,29.93262481689453
14.2265625,29.922698974609375
14.2421875,29.919395446777344
14.2578125,29.91571807861328
14.2734375,29.91057586669922
14.2890625,29.907272338867188
14.3046875,29.906539916992188
14.3203125,29.898818969726562
14.3359375,29.902488708496094
14.3515625,29.89807891845703
14.3671875,29.89697265625
14.3828125,29.890731811523438
14.3984375,29.890731811523438
14.4140625,29.89220428466797
14.4296875,29.880081176757812
14.4453125,29.873825073242188
14.4609375,29.886322021484375
14.4765625,29.883010864257812
14.4921875,29.873825073242188
14.5078125,29.87712860107422
14.5234375,29.862442016601562
14.5390625,29.856185913085938
14.5546875,29.86133575439453
14.5703125,29.865745544433594
14.5859375,29.866851806640625
14.6015625,29.866851806640625
14.6171875,29.855079650878906
14.6328125,29.855453491210938
14.6484375,29.86133575439453
14.6640625,29.84039306640625
14.6796875,29.84222412109375
14.6953125,29.86133575439453
14.7109375,29.856185913085938
14.7265625,29.854354858398438
14.7421875,29.847007751464844
14.7578125,29.835983276367188
14.7734375,29.82862091064453
14.7890625,29.82238006591797
14.8046875,29.82495880126953
14.8203125,29.830467224121094
14.8359375,29.82568359375
14.8515625,29.82752227783203
14.8671875,29.80621337890625
14.8828125,29.813186645507812
14.8984375,29.817596435546875
14.9140625,29.817596435546875
14.9296875,29.811355590820312
14.9453125,29.80988311767578
14.9609375,29.821273803710938
14.9765625,29.80841827392578
14.9921875,29.80621337890625
15.0078125,29.80877685546875
15.0234375,29.801437377929688
15.0390625,29.795547485351562
15.0546875,29.785629272460938
15.0703125,29.797393798828125
15.0859375,29.7904052734375
15.1015625,29.78968048095703
15.1171875,29.784896850585938
15.1328125,29.78893280029297
15.1484375,29.796295166015625
15.1640625,29.79077911376953
15.1796875,29.79077911376953
15.1953125,29.79077911376953
15.2109375,29.789306640625
15.2265625,29.785629272460938
15.2421875,29.78857421875
15.2578125,29.79077911376953
15.2734375,29.795547485351562
15.2890625,29.794815063476562
15.3046875,29.801063537597656
15.3203125,29.811355590820312
15.3359375,29.813186645507812
15.3515625,29.82495880126953
15.3671875,29.84039306640625
15.3828125,29.85948944091797
15.3984375,29.853622436523438
15.4140625,29.89807891845703
15.4296875,29.888153076171875
15.4453125,29.907272338867188
15.4609375,29.906898498535156
15.4765625,29.92894744873047
15.4921875,29.94768524169922
15.5078125,29.962020874023438
15.5234375,29.98113250732422
15.5390625,29.979660034179688
15.5546875,30.014205932617188
15.5703125,30.03919219970703
15.5859375,30.05279541015625
15.6015625,30.074111938476562
15.6171875,30.086593627929688
15.6328125,30.111221313476562
15.6484375,30.141357421875
15.6640625,30.16046142578125
15.6796875,30.186187744140625
15.6953125,30.21044158935547
15.7109375,30.205299377441406
15.7265625,30.241310119628906
15.7421875,30.255645751953125
15.7578125,30.26483154296875
15.7734375,30.30084228515625
15.7890625,30.319580078125
15.8046875,30.34972381591797
15.8203125,30.368087768554688
15.8359375,30.396759033203125
15.8515625,30.438644409179688
15.8671875,30.462173461914062
15.8828125,30.499282836914062
15.8984375,30.520233154296875
15.9140625,30.536392211914062
15.9296875,30.550369262695312
15.9453125,30.577926635742188
15.9609375,30.587852478027344
15.9765625,30.58710479736328
15.9921875,30.611358642578125
16.0078125,30.623489379882812
16.0234375,30.649215698242188
16.0390625,30.663177490234375
16.0546875,30.674942016601562
16.0703125,30.683021545410156
16.0859375,30.703231811523438
16.1015625,30.717567443847656
16.1171875,30.72344970703125
16.1328125,30.746231079101562
16.1484375,30.77306365966797
16.1640625,30.786293029785156
16.1796875,30.805389404296875
16.1953125,30.808700561523438
16.2109375,30.820465087890625
16.2265625,30.835159301757812
16.2421875,30.855003356933594
16.2578125,30.853538513183594
16.2734375,30.86602783203125
16.2890625,30.878150939941406
16.3046875,30.888816833496094
16.3203125,30.8829345703125
16.3359375,30.892852783203125
16.3515625,30.911598205566406
16.3671875,30.908660888671875
16.3828125,30.92115020751953
16.3984375,30.907188415527344
16.4140625,30.907920837402344
16.4296875,30.913070678710938
16.4453125,30.895790100097656
16.4609375,30.893959045410156
16.4765625,30.895790100097656
16.4921875,30.890281677246094
16.5078125,30.89836883544922
16.5234375,30.876319885253906
16.5390625,30.862716674804688
16.5546875,30.86125946044922
16.5703125,30.835899353027344
16.5859375,30.852066040039062
16.6015625,30.83148956298828
16.6171875,30.810546875
16.6328125,30.815689086914062
16.6484375,30.79511260986328
16.6640625,30.79364013671875
16.6796875,30.77306365966797
16.6953125,30.75946044921875
16.7109375,30.729690551757812
16.7265625,30.698455810546875
16.7421875,30.6712646484375
16.7578125,30.662445068359375
16.7734375,30.632308959960938
16.7890625,30.627899169921875
16.8046875,30.61761474609375
16.8203125,30.59923553466797
16.8359375,30.594467163085938
16.8515625,30.588211059570312
16.8671875,30.571311950683594
16.8828125,30.561019897460938
16.8984375,30.542648315429688
16.9140625,30.536392211914062
16.9296875,30.53418731689453
16.9453125,30.51288604736328
16.9609375,30.492294311523438
16.9765625,30.483848571777344
16.9921875,30.469886779785156
17.0078125,30.460693359375
17.0234375,30.453712463378906
17.0390625,30.432762145996094
17.0546875,30.421005249023438
17.0703125,30.433509826660156
17.0859375,30.402999877929688
17.1015625,30.40594482421875
17.1171875,30.38610076904297
17.1328125,30.377281188964844
17.1484375,30.365516662597656
17.1640625,30.368087768554688
17.1796875,30.363311767578125
17.1953125,30.347877502441406
17.2109375,30.330612182617188
17.2265625,30.319580078125
17.2421875,30.322158813476562
17.2578125,30.304519653320312
17.2734375,30.298263549804688
17.2890625,30.275482177734375
17.3046875,30.278793334960938
17.3203125,30.274009704589844
17.3359375,30.2490234375
17.3515625,30.253807067871094
17.3671875,30.23249053955078
17.3828125,30.217056274414062
17.3984375,30.216323852539062
17.4140625,30.2137451171875
17.4296875,30.191696166992188
17.4453125,30.19904327392578
17.4609375,30.17774200439453
17.4765625,30.187660217285156
17.4921875,30.188018798828125
17.5078125,30.19097137451172
17.5234375,30.184715270996094
17.5390625,30.172584533691406
17.5546875,30.182151794433594
17.5703125,30.185455322265625
17.5859375,30.19683837890625
17.6015625,30.20861053466797
17.6171875,30.19500732421875
17.6328125,30.200889587402344
17.6484375,30.207504272460938
17.6640625,30.207862854003906
17.6796875,30.220367431640625
17.6953125,30.23175811767578
17.7109375,30.226974487304688
17.7265625,30.238372802734375
17.7421875,30.24571990966797
17.7578125,30.241310119628906
17.7734375,30.251602172851562
17.7890625,30.261886596679688
17.8046875,30.274009704589844
17.8203125,30.30046844482422
17.8359375,30.30377960205078
17.8515625,30.322158813476562
17.8671875,30.346038818359375
17.8828125,30.350448608398438
17.8984375,30.3548583984375
17.9140625,30.364051818847656
17.9296875,30.364410400390625
17.9453125,30.37213134765625
17.9609375,30.395278930664062
17.9765625,30.410354614257812
17.9921875,30.411460876464844
18.0078125,30.434234619140625
18.0234375,30.432762145996094
18.0390625,30.453712463378906
18.0546875,30.465835571289062
18.0703125,30.486427307128906
18.0859375,30.47723388671875
18.1015625,30.499282836914062
18.1171875,30.507728576660156
18.1328125,30.51324462890625
18.1484375,30.524642944335938
18.1640625,30.54558563232422
18.1796875,30.56946563720703
18.1953125,30.573516845703125
18.2109375,30.6025390625
18.2265625,30.59850311279297
18.2421875,30.61944580078125
18.2578125,30.641494750976562
18.2734375,30.641868591308594
18.2890625,30.65399932861328
18.3046875,30.67273712158203
18.3203125,30.685226440429688
18.3359375,30.69037628173828
18.3515625,30.711326599121094
18.3671875,30.729690551757812
18.3828125,30.735939025878906
18.3984375,30.753219604492188
18.4140625,30.76129150390625
18.4296875,30.750640869140625
18.4453125,30.782608032226562
18.4609375,30.789955139160156
18.4765625,30.798416137695312
18.4921875,30.807235717773438
18.5078125,30.808700561523438
18.5234375,30.822296142578125
18.5390625,30.816055297851562
18.5546875,30.820823669433594
18.5703125,30.83405303955078
18.5859375,30.833694458007812
18.6015625,30.82781219482422
18.6171875,30.833328247070312
18.6328125,30.824874877929688
18.6484375,30.81385040283203
18.6640625,30.81200408935547
18.6796875,30.804290771484375
18.6953125,30.803184509277344
18.7109375,30.800247192382812
18.7265625,30.788124084472656
18.7421875,30.782981872558594
18.7578125,30.748062133789062
18.7734375,30.763137817382812
18.7890625,30.738510131835938
18.8046875,30.746963500976562
18.8203125,30.739990234375
18.8359375,30.73888397216797
18.8515625,30.72124481201172
18.8671875,30.71057891845703
18.8828125,30.69073486328125
18.8984375,30.698097229003906
18.9140625,30.674942016601562
18.9296875,30.678253173828125
18.9453125,30.642601013183594
18.9609375,30.644073486328125
18.9765625,30.628639221191406
18.9921875,30.62238311767578
19.0078125,30.628639221191406
19.0234375,30.6025390625
19.0390625,30.59667205810547
19.0546875,30.571670532226562
19.0703125,30.570571899414062
19.0859375,30.556610107421875
19.1015625,30.560646057128906
19.1171875,30.538238525390625
19.1328125,30.532730102539062
19.1484375,30.527572631835938
19.1640625,30.516921997070312
19.1796875,30.51068115234375
19.1953125,30.506629943847656
19.2109375,30.49560546875
19.2265625,30.47760772705078
19.2421875,30.472824096679688
19.2578125,30.462905883789062
19.2734375,30.453712463378906
19.2890625,30.445632934570312
19.3046875,30.44122314453125
19.3203125,30.419906616210938
19.3359375,30.415870666503906
19.3515625,30.40484619140625
19.3671875,30.394920349121094
19.3828125,30.39051055908203
19.3984375,30.382049560546875
19.4140625,30.365890502929688
19.4296875,30.36736297607422
19.4453125,30.361480712890625
19.4609375,30.350448608398438
19.4765625,30.3548583984375
19.4921875,30.327674865722656
19.5078125,30.322158813476562
19.5234375,30.314804077148438
19.5390625,30.307456970214844
19.5546875,30.295700073242188
19.5703125,30.296432495117188
19.5859375,30.292022705078125
19.6015625,30.26739501953125
19.6171875,30.269973754882812
19.6328125,30.258216857910156
19.6484375,30.26483154296875
19.6640625,30.283203125
19.6796875,30.260055541992188
19.6953125,30.262252807617188
19.7109375,30.251602172851562
19.7265625,30.269973754882812
19.7421875,30.272552490234375
19.7578125,30.269973754882812
19.7734375,30.28099822998047
19.7890625,30.297531127929688
19.8046875,30.295700073242188
19.8203125,30.311134338378906
19.8359375,30.328033447265625
19.8515625,30.327674865722656
19.8671875,30.34972381591797
19.8828125,30.348617553710938
19.8984375,30.357437133789062
19.9140625,30.35779571533203
19.9296875,30.385360717773438
19.9453125,30.402267456054688
19.9609375,30.40814971923828
19.9765625,30.42835235595703
19.9921875,30.438644409179688
20.0078125,30.466583251953125
20.0234375,30.472450256347656
20.0390625,30.498550415039062
20.0546875,30.519500732421875
20.0703125,30.537872314453125
20.0859375,30.551101684570312
20.1015625,30.552200317382812
20.1171875,30.56946563720703
20.1328125,30.597396850585938
20.1484375,30.60364532470703
20.1640625,30.6370849609375
20.1796875,30.63636016845703
20.1953125,30.65215301513672
20.2109375,30.680084228515625
20.2265625,30.678985595703125
20.2421875,30.716835021972656
20.2578125,30.72528076171875
20.2734375,30.746231079101562
20.2890625,30.746604919433594
20.3046875,30.772315979003906
20.3203125,30.809066772460938
20.3359375,30.826339721679688
20.3515625,30.8458251953125
20.3671875,30.853538513183594
20.3828125,30.8829345703125
20.3984375,30.88587188720703
20.4140625,30.88587188720703
20.4296875,30.911598205566406
20.4453125,30.91783905029297
20.4609375,30.93402099609375
20.4765625,30.946144104003906
20.4921875,30.957168579101562
20.5078125,30.96709442138672
20.5234375,30.98656463623047
20.5390625,30.98876953125
20.5546875,30.993179321289062
20.5703125,31.00347137451172
20.5859375,31.000900268554688
20.6015625,31.001625061035156
20.6171875,30.993911743164062
20.6328125,31.00640869140625
20.6484375,31.010086059570312
20.6640625,31.019264221191406
20.6796875,31.00347137451172
20.6953125,31.001625061035156
20.7109375,30.993911743164062
20.7265625,30.9876708984375
20.7421875,30.99024200439453
20.7578125,30.982154846191406
20.7734375,30.963043212890625
20.7890625,30.967819213867188
20.8046875,30.957168579101562
20.8203125,30.93768310546875
20.8359375,30.933273315429688
20.8515625,30.925559997558594
20.8671875,30.923355102539062
20.8828125,30.905715942382812
20.8984375,30.911598205566406
20.9140625,30.878150939941406
20.9296875,30.884765625
20.9453125,30.859054565429688
20.9609375,30.86125946044922
20.9765625,30.853897094726562
20.9921875,30.859413146972656
21.0078125,30.836257934570312
21.0234375,30.834426879882812
21.0390625,30.817886352539062
21.0546875,30.802085876464844
21.0703125,30.790328979492188
21.0859375,30.78003692626953
21.1015625,30.765701293945312
21.1171875,30.765342712402344
21.1328125,30.749908447265625
21.1484375,30.748809814453125
21.1640625,30.745132446289062
21.1796875,30.732627868652344
21.1953125,30.72344970703125
21.2109375,30.72528076171875
21.2265625,30.711326599121094
21.2421875,30.700302124023438
21.2578125,30.698455810546875
21.2734375,30.68669891357422
21.2890625,30.683761596679688
21.3046875,30.68669891357422
21.3203125,30.680084228515625
21.3359375,30.6712646484375
21.3515625,30.66979217529297
21.3671875,30.663917541503906
21.3828125,30.645179748535156
21.3984375,30.649948120117188
21.4140625,30.627899169921875
21.4296875,30.631202697753906
21.4453125,30.623130798339844
21.4609375,30.6007080078125
21.4765625,30.611358642578125
21.4921875,30.61944580078125
21.5078125,30.59850311279297
21.5234375,30.58380126953125
21.5390625,30.589683532714844
21.5546875,30.588577270507812
21.5703125,30.58344268798828
21.5859375,30.573150634765625
21.6015625,30.56395721435547
21.6171875,30.571670532226562
21.6328125,30.5654296875
21.6484375,30.561752319335938
21.6640625,30.55072784423828
21.6796875,30.544113159179688
21.6953125,30.5301513671875
21.7109375,30.536392211914062
21.7265625,30.54741668701172
21.7421875,30.5301513671875
21.7578125,30.539344787597656
21.7734375,30.523162841796875
21.7890625,30.536033630371094
21.8046875,30.52867889404297
21.8203125,30.524642944335938
21.8359375,30.51654815673828
21.8515625,30.520599365234375
21.8671875,30.51361083984375
21.8828125,30.531982421875
21.8984375,30.525741577148438
21.9140625,30.5301513671875
21.9296875,30.544113159179688
21.9453125,30.536392211914062
21.9609375,30.541175842285156
21.9765625,30.54852294921875
21.9921875,30.550369262695312
22.0078125,30.5672607421875
22.0234375,30.56580352783203
22.0390625,30.579757690429688
22.0546875,30.588951110839844
22.0703125,30.58710479736328
22.0859375,30.613563537597656
22.1015625,30.62017822265625
22.1171875,30.6348876953125
22.1328125,30.648841857910156
22.1484375,30.66943359375
22.1640625,30.675674438476562
22.1796875,30.681182861328125
22.1953125,30.69293975830078
22.2109375,30.717567443847656
22.2265625,30.717193603515625
22.2421875,30.731529235839844
22.2578125,30.74329376220703
22.2734375,30.766448974609375
22.2890625,30.770484924316406
22.3046875,30.783340454101562
22.3203125,30.805389404296875
22.3359375,30.822296142578125
22.3515625,30.84912872314453
22.3671875,30.857574462890625
22.3828125,30.868972778320312
22.3984375,30.874847412109375
22.4140625,30.887344360351562
22.4296875,30.913429260253906
22.4453125,30.91968536376953
22.4609375,30.930343627929688
22.4765625,30.940994262695312
22.4921875,30.95569610595703
22.5078125,30.975540161132812
22.5234375,30.982154846191406
22.5390625,30.998687744140625
22.5546875,31.015228271484375
22.5703125,31.04131317138672
22.5859375,31.0240478515625
22.6015625,31.061904907226562
22.6171875,31.065208435058594
22.6328125,31.0927734375
22.6484375,31.082107543945312
22.6640625,31.10930633544922
22.6796875,31.11114501953125
22.6953125,31.124000549316406
22.7109375,31.12767791748047
22.7265625,31.14569091796875
22.7421875,31.153404235839844
22.7578125,31.151931762695312
22.7734375,31.152305603027344
22.7890625,31.160377502441406
22.8046875,31.167739868164062
22.8203125,31.16112518310547
22.8359375,31.177291870117188
22.8515625,31.176559448242188
22.8671875,31.173606872558594
22.8828125,31.195655822753906
22.8984375,31.169944763183594
22.9140625,31.169944763183594
22.9296875,31.163330078125
22.9453125,31.172882080078125
22.9609375,31.154510498046875
22.9765625,31.154136657714844
22.9921875,31.14935302734375
23.0078125,31.136123657226562
23.0234375,31.126205444335938
23.0390625,31.143844604492188
23.0546875,31.106735229492188
23.0703125,31.07769775390625
23.0859375,31.072181701660156
23.1015625,31.061904907226562
23.1171875,31.039108276367188
23.1328125,31.015228271484375
23.1484375,31.018539428710938
23.1640625,31.00640869140625
23.1796875,30.992080688476562
23.1953125,30.978851318359375
23.2109375,30.957168579101562
23.2265625,30.946144104003906
23.2421875,30.930343627929688
23.2578125,30.910491943359375
23.2734375,30.907920837402344
23.2890625,30.897994995117188
23.3046875,30.8822021484375
23.3203125,30.862716674804688
23.3359375,30.851333618164062
23.3515625,30.844345092773438
23.3671875,30.83039093017578
23.3828125,30.81531524658203
23.3984375,30.805763244628906
23.4140625,30.800247192382812
23.4296875,30.782608032226562
23.4453125,30.76239776611328
23.4609375,30.756149291992188
23.4765625,30.730422973632812
23.4921875,30.729690551757812
23.5078125,30.70874786376953
23.5234375,30.712051391601562
23.5390625,30.70360565185547
23.5546875,30.693687438964844
23.5703125,30.667587280273438
23.5859375,30.659507751464844
23.6015625,30.65399932861328
23.6171875,30.63819122314453
23.6328125,30.62055206298828
23.6484375,30.625694274902344
23.6640625,30.614669799804688
23.6796875,30.6025390625
23.6953125,30.60108184814453
23.7109375,30.589309692382812
23.7265625,30.587852478027344
23.7421875,30.578285217285156
23.7578125,30.564697265625
23.7734375,30.562118530273438
23.7890625,30.554405212402344
23.8046875,30.538597106933594
23.8203125,30.5301513671875
23.8359375,30.506271362304688
23.8515625,30.517295837402344
23.8671875,30.497451782226562
23.8828125,30.4967041015625
23.8984375,30.47796630859375
23.9140625,30.472824096679688
23.9296875,30.47650146484375
23.9453125,30.473922729492188
23.9609375,30.466583251953125
23.9765625,30.469512939453125
23.9921875,30.46363067626953
24.0078125,30.481643676757812
24.0234375,30.487525939941406
24.0390625,30.491195678710938
24.0546875,30.482017517089844
24.0703125,30.498550415039062
24.0859375,30.49560546875
24.1015625,30.51654815673828
24.1171875,30.520599365234375
24.1328125,30.537872314453125
24.1484375,30.543006896972656
24.1640625,30.559921264648438
24.1796875,30.56395721435547
24.1953125,30.56580352783203
24.2109375,30.588211059570312
24.2265625,30.5999755859375
24.2421875,30.609527587890625
24.2578125,30.623855590820312
24.2734375,30.639297485351562
24.2890625,30.656936645507812
24.3046875,30.667953491210938
24.3203125,30.683021545410156
24.3359375,30.69293975830078
24.3515625,30.712051391601562
24.3671875,30.735939025878906
24.3828125,30.734474182128906
24.3984375,30.746231079101562
24.4140625,30.782608032226562
24.4296875,30.785919189453125
24.4453125,30.805030822753906
24.4609375,30.81090545654297
24.4765625,30.82598114013672
24.4921875,30.84728240966797
24.5078125,30.86456298828125
24.5234375,30.86566925048828
24.5390625,30.889175415039062
24.5546875,30.893585205078125
24.5703125,30.904983520507812
24.5859375,30.9189453125
24.6015625,30.918212890625
24.6171875,30.933273315429688
24.6328125,30.95386505126953
24.6484375,30.96965789794922
24.6640625,30.99024200439453
24.6796875,31.00714111328125
24.6953125,31.015960693359375
24.7109375,31.018165588378906
24.7265625,31.026626586914062
24.7421875,31.039108276367188
24.7578125,31.052711486816406
24.7734375,31.079544067382812
24.7890625,31.070350646972656
24.8046875,31.09423065185547
24.8203125,31.090194702148438
24.8359375,31.107833862304688
24.8515625,31.100845336914062
24.8671875,31.1287841796875
24.8828125,31.12694549560547
24.8984375,31.1287841796875
24.9140625,31.138328552246094
24.9296875,31.141639709472656
24.9453125,31.14569091796875
24.9609375,31.14825439453125
24.9765625,31.14569091796875
24.9921875,31.151931762695312
25.0078125,31.14569091796875
25.0234375,31.152305603027344
25.0390625,31.14642333984375
25.0546875,31.142379760742188
25.0703125,31.142013549804688
25.0859375,31.14862060546875
25.1015625,31.124374389648438
25.1171875,31.125099182128906
25.1328125,31.11224365234375
25.1484375,31.106735229492188
25.1640625,31.104896545410156
25.1796875,31.079544067382812
25.1953125,31.07769775390625
25.2109375,31.066673278808594
25.2265625,31.051979064941406
25.2421875,31.03765106201172
25.2578125,31.02552032470703
25.2734375,31.011917114257812
25.2890625,31.003829956054688
25.3046875,30.999420166015625
25.3203125,30.98583221435547
25.3359375,30.96965789794922
25.3515625,30.956802368164062
25.3671875,30.93622589111328
25.3828125,30.928863525390625
25.3984375,30.93511962890625
25.4140625,30.925201416015625
25.4296875,30.915634155273438
25.4453125,30.881103515625
25.4609375,30.881103515625
25.4765625,30.872283935546875
25.4921875,30.84803009033203
25.5078125,30.838836669921875
25.5234375,30.82928466796875
25.5390625,30.809066772460938
25.5546875,30.802085876464844
25.5703125,30.791427612304688
25.5859375,30.785919189453125
25.6015625,30.780410766601562
25.6171875,30.764968872070312
25.6328125,30.753578186035156
25.6484375,30.730422973632812
25.6640625,30.735206604003906
25.6796875,30.72270965576172
25.6953125,30.72014617919922
25.7109375,30.70801544189453
25.7265625,30.692214965820312
25.7421875,30.68743133544922
25.7578125,30.68817138671875
25.7734375,30.656936645507812
25.7890625,30.65068817138672
25.8046875,30.639663696289062
25.8203125,30.627899169921875
25.8359375,30.61797332763672
25.8515625,30.611732482910156
25.8671875,30.6007080078125
25.8828125,30.591888427734375
25.8984375,30.587478637695312
25.9140625,30.5672607421875
25.9296875,30.566162109375
25.9453125,30.557342529296875
25.9609375,30.538238525390625
25.9765625,30.538597106933594
25.9921875,30.525741577148438
26.0078125,30.53418731689453
26.0234375,30.524642944335938
26.0390625,30.508834838867188
26.0546875,30.507369995117188
26.0703125,30.498550415039062
26.0859375,30.486427307128906
26.1015625,30.49266815185547
26.1171875,30.489364624023438
26.1328125,30.47686004638672
26.1484375,30.472824096679688
26.1640625,30.471351623535156
26.1796875,30.466583251953125
26.1953125,30.485679626464844
26.2109375,30.45812225341797
26.2265625,30.47870635986328
26.2421875,30.466583251953125
26.2578125,30.467681884765625
26.2734375,30.47650146484375
26.2890625,30.481643676757812
26.3046875,30.47870635986328
26.3203125,30.490089416503906
26.3359375,30.485321044921875
26.3515625,30.487525939941406
26.3671875,30.49266815185547
26.3828125,30.4959716796875
26.3984375,30.50957489013672
26.4140625,30.502220153808594
26.4296875,30.51068115234375
26.4453125,30.51103973388672
26.4609375,30.524269104003906
26.4765625,30.525009155273438
26.4921875,30.544113159179688
26.5078125,30.54888916015625
26.5234375,30.54779052734375
26.5390625,30.544479370117188
26.5546875,30.550369262695312
26.5703125,30.560646057128906
26.5859375,30.570571899414062
26.6015625,30.571311950683594
26.6171875,30.571670532226562
26.6328125,30.58086395263672
26.6484375,30.591888427734375
26.6640625,30.591156005859375
26.6796875,30.6007080078125
26.6953125,30.613563537597656
26.7109375,30.613563537597656
26.7265625,30.61431121826172
26.7421875,30.613563537597656
26.7578125,30.621658325195312
26.7734375,30.63195037841797
26.7890625,30.632308959960938
26.8046875,30.649948120117188
26.8203125,30.644073486328125
26.8359375,30.68669891357422
26.8515625,30.68817138671875
26.8671875,30.69073486328125
26.8828125,30.699195861816406
26.8984375,30.70433807373047
26.9140625,30.717193603515625
26.9296875,30.730422973632812
26.9453125,30.719039916992188
26.9609375,30.729690551757812
26.9765625,30.735580444335938
26.9921875,30.744400024414062
27.0078125,30.769012451171875
27.0234375,30.754318237304688
27.0390625,30.762039184570312
27.0546875,30.752845764160156
27.0703125,30.780776977539062
27.0859375,30.77672576904297
27.1015625,30.77747344970703
27.1171875,30.763870239257812
27.1328125,30.7752685546875
27.1484375,30.781509399414062
27.1640625,30.762771606445312
27.1796875,30.76019287109375
27.1953125,30.786651611328125
27.2109375,30.779678344726562
27.2265625,30.77672576904297
27.2421875,30.768653869628906
27.2578125,30.780776977539062
27.2734375,30.763137817382812
27.2890625,30.764968872070312
27.3046875,30.769752502441406
27.3203125,30.75762939453125
27.3359375,30.744400024414062
27.3515625,30.746963500976562
27.3671875,30.72344970703125
27.3828125,30.731529235839844
27.3984375,30.70874786376953
27.4140625,30.70507049560547
27.4296875,30.712425231933594
27.4453125,30.697349548339844
27.4609375,30.713531494140625
27.4765625,30.701400756835938
27.4921875,30.679710388183594
27.5078125,30.67346954345703
27.5234375,30.659866333007812
27.5390625,30.65068817138672
27.5546875,30.65068817138672
27.5703125,30.639297485351562
27.5859375,30.629745483398438
27.6015625,30.61431121826172
27.6171875,30.62128448486328
27.6328125,30.609153747558594
27.6484375,30.606948852539062
27.6640625,30.594825744628906
27.6796875,30.586380004882812
27.6953125,30.586746215820312
27.7109375,30.577186584472656
27.7265625,30.554779052734375
27.7421875,30.552574157714844
27.7578125,30.527572631835938
27.7734375,30.524642944335938
27.7890625,30.5301513671875
27.8046875,30.51654815673828
27.8203125,30.515823364257812
27.8359375,30.507728576660156
27.8515625,30.486785888671875
27.8671875,30.488632202148438
27.8828125,30.471351623535156
27.8984375,30.47650146484375
27.9140625,30.472824096679688
27.9296875,30.466583251953125
27.9453125,30.465103149414062
27.9609375,30.448196411132812
27.9765625,30.447463989257812
27.9921875,30.445632934570312
28.0078125,30.429100036621094
28.0234375,30.42578887939453
28.0390625,30.431663513183594
28.0546875,30.415122985839844
28.0703125,30.40484619140625
28.0859375,30.40630340576172
28.1015625,30.419906616210938
28.1171875,30.40484619140625
28.1328125,30.402267456054688
28.1484375,30.402267456054688
28.1640625,30.402267456054688
28.1796875,30.402267456054688
28.1953125,30.402267456054688
28.2109375,30.419906616210938
28.2265625,30.416969299316406
28.2421875,30.431304931640625
28.2578125,30.432403564453125
28.2734375,30.439376831054688
28.2890625,30.44305419921875
28.3046875,30.466583251953125
28.3203125,30.466583251953125
28.3359375,30.482742309570312
28.3515625,30.482742309570312
28.3671875,30.49560546875
28.3828125,30.50957489013672
28.3984375,30.521705627441406
28.4140625,30.540443420410156
28.4296875,30.55182647705078
28.4453125,30.551101684570312
28.4609375,30.58380126953125
28.4765625,30.58306884765625
28.4921875,30.594825744628906
28.5078125,30.61944580078125
28.5234375,30.61687469482422
28.5390625,30.648117065429688
28.5546875,30.666122436523438
28.5703125,30.680816650390625
28.5859375,30.680458068847656
28.6015625,30.716835021972656
28.6171875,30.72344970703125
28.6328125,30.746963500976562
28.6484375,30.755050659179688
28.6640625,30.772315979003906
28.6796875,30.790328979492188
28.6953125,30.803932189941406
28.7109375,30.821571350097656
28.7265625,30.839210510253906
28.7421875,30.854644775390625
28.7578125,30.862716674804688
28.7734375,30.893585205078125
28.7890625,30.90019989013672
28.8046875,30.91417694091797
28.8203125,30.925559997558594
28.8359375,30.950912475585938
28.8515625,30.943199157714844
28.8671875,30.960479736328125
28.8828125,30.967819213867188
28.8984375,30.993911743164062
28.9140625,31.01044464111328
28.9296875,31.02111053466797
28.9453125,31.030288696289062
28.9609375,31.033241271972656
28.9765625,31.04206085205078
28.9921875,31.050880432128906
29.0078125,31.07513427734375
29.0234375,31.073287963867188
29.0390625,31.084686279296875
29.0546875,31.086158752441406
29.0703125,31.09497833251953
29.0859375,31.104896545410156
29.1015625,31.09680938720703
29.1171875,31.09864044189453
29.1328125,31.103797912597656
29.1484375,31.107833862304688
29.1640625,31.0927734375
29.1796875,31.09680938720703
29.1953125,31.07623291015625
29.2109375,31.07696533203125
29.2265625,31.07586669921875
29.2421875,31.069618225097656
29.2578125,31.064834594726562
29.2734375,31.04389190673828
29.2890625,31.052337646484375
29.3046875,31.03765106201172
29.3203125,31.030288696289062
29.3359375,31.018165588378906
29.3515625,31.01044464111328
29.3671875,31.00640869140625
29.3828125,30.997215270996094
29.3984375,31.000900268554688
29.4140625,30.98583221435547
29.4296875,30.96819305419922
29.4453125,30.9527587890625
29.4609375,30.93511962890625
29.4765625,30.933273315429688
29.4921875,30.925933837890625
29.5078125,30.913429260253906
29.5234375,30.890655517578125
29.5390625,30.876693725585938
29.5546875,30.875946044921875
29.5703125,30.868606567382812
29.5859375,30.853897094726562
29.6015625,30.84362030029297
29.6171875,30.834426879882812
29.6328125,30.824874877929688
29.6484375,30.822296142578125
29.6640625,30.802085876464844
29.6796875,30.79473876953125
29.6953125,30.79180145263672
29.7109375,30.765701293945312
29.7265625,30.754318237304688
29.7421875,30.765342712402344
29.7578125,30.749908447265625
29.7734375,30.729690551757812
29.7890625,30.72197723388672
29.8046875,30.712783813476562
29.8203125,30.70507049560547
29.8359375,30.68927764892578
29.8515625,30.681915283203125
29.8671875,30.69073486328125
29.8828125,30.667587280273438
29.8984375,30.667953491210938
29.9140625,30.656936645507812
29.9296875,30.646278381347656
29.9453125,30.623130798339844
29.9609375,30.628639221191406
29.9765625,30.61431121826172
29.9921875,30.61431121826172
30.0078125,30.608055114746094
30.0234375,30.601806640625
30.0390625,30.588951110839844
30.0546875,30.58344268798828
30.0703125,30.577560424804688
30.0859375,30.569839477539062
30.1015625,30.556610107421875
30.1171875,30.556610107421875
30.1328125,30.54669189453125
30.1484375,30.541175842285156
30.1640625,30.54669189453125
30.1796875,30.53418731689453
30.1953125,30.525009155273438
30.2109375,30.515090942382812
30.2265625,30.51398468017578
30.2421875,30.51324462890625
30.2578125,30.494873046875
30.2734375,30.498550415039062
30.2890625,30.47650146484375
30.3046875,30.49193572998047
30.3203125,30.47760772705078
30.3359375,30.474655151367188
30.3515625,30.468788146972656
30.3671875,30.45996856689453
30.3828125,30.466583251953125
30.3984375,30.452606201171875
30.4140625,30.455184936523438
30.4296875,30.468788146972656
30.4453125,30.45812225341797
30.4609375,30.463272094726562
30.4765625,30.471351623535156
30.4921875,30.47943878173828
30.5078125,30.501861572265625
