# Time (seconds),f0
0.0078125,952.7565307617188
0.0234375,952.7610473632812
0.0390625,952.75732421875
0.0546875,952.7618408203125
0.0703125,952.7645263671875
0.0859375,952.7603149414062
0.1015625,952.76123046875
0.1171875,952.7638549804688
0.1328125,952.7843627929688
0.1484375,952.7734985351562
0.1640625,952.7770385742188
0.1796875,952.7704467773438
0.1953125,952.7662353515625
0.2109375,952.75537109375
0.2265625,952.7752685546875
0.2421875,952.7604370117188
0.2578125,952.7625732421875
0.2734375,952.7575073242188
0.2890625,952.7537841796875
0.3046875,952.7724609375
0.3203125,952.7756958007812
0.3359375,952.7696533203125
0.3515625,952.763671875
0.3671875,952.7576904296875
0.3828125,952.7561645507812
0.3984375,952.7637939453125
0.4140625,952.770751953125
0.4296875,952.7692260742188
0.4453125,952.7783203125
0.4609375,952.7799682617188
0.4765625,952.7619018554688
0.4921875,952.7483520507812
0.5078125,952.7704467773438
0.5234375,952.7632446289062
0.5390625,952.7706909179688
0.5546875,952.7578125
0.5703125,952.7638549804688
0.5859375,952.7697143554688
0.6015625,952.7706298828125
0.6171875,952.7537231445312
0.6328125,952.7576293945312
0.6484375,952.7575073242188
0.6640625,952.7544555664062
0.6796875,952.7542724609375
0.6953125,952.7757568359375
0.7109375,952.7694091796875
0.7265625,952.7699584960938
0.7421875,952.7660522460938
0.7578125,952.7600708007812
0.7734375,952.7542724609375
0.7890625,952.7606811523438
0.8046875,952.7578735351562
0.8203125,952.76318359375
0.8359375,952.7798461914062
0.8515625,952.7669067382812
0.8671875,952.7598876953125
0.8828125,952.770751953125
0.8984375,952.766845703125
0.9140625,952.755126953125
0.9296875,952.764892578125
0.9453125,952.7760009765625
0.9609375,952.766845703125
0.9765625,952.7747192382812
0.9921875,952.7849731445312
1.0078125,952.779296875
1.0234375,952.75927734375
1.0390625,952.7706298828125
1.0546875,952.7553100585938
1.0703125,952.766845703125
1.0859375,952.7694091796875
1.1015625,952.7526245117188
1.1171875,952.7608642578125
1.1328125,952.7837524414062
1.1484375,952.7766723632812
1.1640625,952.7855224609375
1.1796875,952.7750854492188
1.1953125,952.7860107421875
1.2109375,952.7816772460938
1.2265625,952.812255859375
1.2421875,952.8212280273438
1.2578125,952.8198852539062
1.2734375,952.8274536132812
1.2890625,952.8555297851562
1.3046875,952.8214721679688
1.3203125,952.8516845703125
1.3359375,952.846435546875
1.3515625,952.8580322265625
1.3671875,952.8723754882812
1.3828125,952.869140625
1.3984375,952.8819580078125
1.4140625,952.8760986328125
1.4296875,952.849365234375
1.4453125,952.8502197265625
1.4609375,952.8831787109375
1.4765625,952.8927612304688
1.4921875,952.8491821289062
1.5078125,952.8829956054688
1.5234375,952.8789672851562
1.5390625,952.8787841796875
1.5546875,952.882568359375
1.5703125,952.8825073242188
1.5859375,952.8828125
1.6015625,952.8963623046875
1.6171875,952.888671875
1.6328125,952.8970947265625
1.6484375,952.8770141601562
1.6640625,952.896240234375
1.6796875,952.8795166015625
1.6953125,952.8507080078125
1.7109375,952.8839721679688
1.7265625,952.8792114257812
1.7421875,952.8828735351562
1.7578125,952.8687133789062
1.7734375,952.8728637695312
1.7890625,952.8585815429688
1.8046875,952.88623046875
1.8203125,952.8522338867188
1.8359375,952.879638671875
1.8515625,952.8630981445312
1.8671875,952.8806762695312
1.8828125,952.8764038085938
1.8984375,952.8944091796875
1.9140625,952.8491821289062
1.9296875,952.8829956054688
1.9453125,952.8572998046875
1.9609375,952.8756103515625
1.9765625,952.8681640625
1.9921875,952.8677978515625
2.0078125,952.8851928710938
2.0234375,952.8768310546875
2.0390625,952.8540649414062
2.0546875,952.8795166015625
2.0703125,952.8739013671875
2.0859375,952.8941040039062
2.1015625,952.876708984375
2.1171875,952.8580932617188
2.1328125,952.887939453125
2.1484375,952.8860473632812
2.1640625,952.8839721679688
2.1796875,952.8768310546875
2.1953125,952.87646484375
2.2109375,952.8499755859375
2.2265625,952.9019165039062
2.2421875,952.8864135742188
2.2578125,952.8507690429688
2.2734375,952.90234375
2.2890625,952.8809814453125
2.3046875,952.8882446289062
2.3203125,952.885498046875
2.3359375,952.9103393554688
2.3515625,952.884033203125
2.3671875,952.877685546875
2.3828125,952.8748779296875
2.3984375,952.878662109375
2.4140625,952.8828125
2.4296875,952.9205322265625
2.4453125,952.87646484375
2.4609375,952.8823852539062
2.4765625,952.8786010742188
2.4921875,952.878173828125
2.5078125,952.8648071289062
2.5234375,952.891357421875
2.5390625,952.8455810546875
2.5546875,952.8516235351562
2.5703125,952.923095703125
2.5859375,952.8931884765625
2.6015625,952.8898315429688
2.6171875,952.8764038085938
2.6328125,952.8748168945312
2.6484375,952.8766479492188
2.6640625,952.8760986328125
2.6796875,952.8558349609375
2.6953125,952.8930053710938
2.7109375,952.8743286132812
2.7265625,952.8876342773438
2.7421875,952.9097290039062
2.7578125,952.8764038085938
2.7734375,952.9034423828125
2.7890625,952.8947143554688
2.8046875,952.8871459960938
2.8203125,952.907958984375
2.8359375,952.8525390625
2.8515625,952.9130859375
2.8671875,952.9049682617188
2.8828125,952.8971557617188
2.8984375,952.9175415039062
2.9140625,952.9071655273438
2.9296875,952.8825073242188
2.9453125,952.8851318359375
2.9609375,952.8776245117188
2.9765625,952.885986328125
2.9921875,952.8649291992188
3.0078125,952.8794555664062
3.0234375,952.8755493164062
3.0390625,952.854736328125
3.0546875,952.8622436523438
3.0703125,952.8532104492188
3.0859375,952.8609008789062
3.1015625,952.8439331054688
3.1171875,952.8561401367188
3.1328125,952.8525390625
3.1484375,952.8253784179688
3.1640625,952.8331909179688
3.1796875,952.8196411132812
3.1953125,952.830810546875
3.2109375,952.822998046875
3.2265625,952.8189697265625
3.2421875,952.81787109375
3.2578125,952.8212280273438
3.2734375,952.8412475585938
3.2890625,952.8225708007812
3.3046875,952.819091796875
3.3203125,952.8272705078125
3.3359375,952.8106079101562
3.3515625,952.8226928710938
3.3671875,952.8172607421875
3.3828125,952.805419921875
3.3984375,952.8240356445312
3.4140625,952.801513671875
3.4296875,952.810302734375
3.4453125,952.8075561523438
3.4609375,952.8140258789062
3.4765625,952.8142700195312
3.4921875,952.8058471679688
3.5078125,952.813232421875
3.5234375,952.7991333007812
3.5390625,952.8123168945312
3.5546875,952.7943725585938
3.5703125,952.807861328125
3.5859375,952.803955078125
3.6015625,952.8048095703125
3.6171875,952.8060913085938
3.6328125,952.805908203125
3.6484375,952.8126220703125
3.6640625,952.8075561523438
3.6796875,952.8131103515625
3.6953125,952.8055419921875
3.7109375,952.802001953125
3.7265625,952.8057861328125
3.7421875,952.80810546875
3.7578125,952.7974853515625
3.7734375,952.8005981445312
3.7890625,952.7970581054688
3.8046875,952.8198852539062
3.8203125,952.8126220703125
3.8359375,952.7982788085938
3.8515625,952.7965698242188
3.8671875,952.7935180664062
3.8828125,952.80419921875
3.8984375,952.7999877929688
3.9140625,952.787109375
3.9296875,952.7940673828125
3.9453125,952.7946166992188
3.9609375,952.78271484375
3.9765625,952.8046875
3.9921875,952.7938842773438
4.0078125,952.78857421875
4.0234375,952.7892456054688
4.0390625,952.794189453125
4.0546875,952.8116455078125
4.0703125,952.7966918945312
4.0859375,952.8051147460938
4.1015625,952.7941284179688
4.1171875,952.7944946289062
4.1328125,952.7826538085938
4.1484375,952.79296875
4.1640625,952.792236328125
4.1796875,952.793701171875
4.1953125,952.803466796875
4.2109375,952.7830810546875
4.2265625,952.7852172851562
4.2421875,952.7972412109375
4.2578125,952.78662109375
4.2734375,952.7848510742188
4.2890625,952.7877807617188
4.3046875,952.7991943359375
4.3203125,952.78515625
4.3359375,952.7793579101562
4.3515625,952.781982421875
4.3671875,952.7894897460938
4.3828125,952.7808227539062
4.3984375,952.7843017578125
4.4140625,952.7973022460938
4.4296875,952.8246459960938
4.4453125,952.8234252929688
4.4609375,952.86279296875
4.4765625,952.844970703125
4.4921875,952.849365234375
4.5078125,952.8455810546875
4.5234375,952.87646484375
4.5390625,952.8522338867188
4.5546875,952.8764038085938
4.5703125,952.8507690429688
4.5859375,952.873046875
4.6015625,952.87060546875
4.6171875,952.8726196289062
4.6328125,952.854248046875
4.6484375,952.8507690429688
4.6640625,952.8516845703125
4.6796875,952.8887939453125
4.6953125,952.8693237304688
4.7109375,952.8829956054688
4.7265625,952.8712158203125
4.7421875,952.8549194335938
4.7578125,952.8599853515625
4.7734375,952.8661499023438
4.7890625,952.8745727539062
4.8046875,952.8795776367188
4.8203125,952.8555297851562
4.8359375,952.84375
4.8515625,952.9027709960938
4.8671875,952.8700561523438
4.8828125,952.9030151367188
4.8984375,952.8849487304688
4.9140625,952.885986328125
4.9296875,952.8987426757812
4.9453125,952.912841796875
4.9609375,952.9149780273438
4.9765625,952.8875732421875
4.9921875,952.8870849609375
5.0078125,952.8837890625
5.0234375,952.8521118164062
5.0390625,952.887451171875
5.0546875,952.8859252929688
5.0703125,952.8790893554688
5.0859375,952.88232421875
5.1015625,952.879638671875
5.1171875,952.87646484375
5.1328125,952.907470703125
5.1484375,952.924560546875
5.1640625,952.8956298828125
5.1796875,952.8535766601562
5.1953125,952.9139404296875
5.2109375,952.8829956054688
5.2265625,952.8828125
5.2421875,952.8829956054688
5.2578125,952.9055786132812
5.2734375,952.875732421875
5.2890625,952.8770751953125
5.3046875,952.8761596679688
5.3203125,952.84912109375
5.3359375,952.8844604492188
5.3515625,952.8724975585938
5.3671875,952.8634643554688
5.3828125,952.8521118164062
5.3984375,952.8851928710938
5.4140625,952.9234008789062
5.4296875,952.8865966796875
5.4453125,952.8630981445312
5.4609375,952.8834228515625
5.4765625,952.8910522460938
5.4921875,952.9127197265625
5.5078125,952.8770141601562
5.5234375,952.8795166015625
5.5390625,952.84521484375
5.5546875,952.8809204101562
5.5703125,952.8560180664062
5.5859375,952.8850708007812
5.6015625,952.8843383789062
5.6171875,952.8870849609375
5.6328125,952.8839111328125
5.6484375,952.893310546875
5.6640625,952.8615112304688
5.6796875,952.8655395507812
5.6953125,952.8643798828125
5.7109375,952.8688354492188
5.7265625,952.8561401367188
5.7421875,952.87060546875
5.7578125,952.8789672851562
5.7734375,952.8597412109375
5.7890625,952.8496704101562
5.8046875,952.8657836914062
5.8203125,952.8839111328125
5.8359375,952.905517578125
5.8515625,952.8717041015625
5.8671875,952.8820190429688
5.8828125,952.8773803710938
5.8984375,952.8843383789062
5.9140625,952.8624267578125
5.9296875,952.8871459960938
5.9453125,952.8773803710938
5.9609375,952.8875732421875
5.9765625,952.8507080078125
5.9921875,952.8779296875
6.0078125,952.8598022460938
6.0234375,952.849609375
6.0390625,952.8798828125
6.0546875,952.8917236328125
6.0703125,952.87109375
6.0859375,952.8543701171875
6.1015625,952.854248046875
6.1171875,952.87890625
6.1328125,952.8603515625
6.1484375,952.8532104492188
6.1640625,952.8974609375
6.1796875,952.8713989257812
6.1953125,952.8790283203125
6.2109375,952.8859252929688
6.2265625,952.8606567382812
6.2421875,952.8724975585938
6.2578125,952.8748779296875
6.2734375,952.8789672851562
6.2890625,952.8790893554688
6.3046875,952.8475341796875
6.3203125,952.8795166015625
6.3359375,952.8896484375
6.3515625,952.8851318359375
6.3671875,952.8851928710938
6.3828125,952.8768310546875
6.3984375,952.8905029296875
6.4140625,952.9035034179688
6.4296875,952.8946533203125
6.4453125,952.8856811523438
6.4609375,952.8522338867188
6.4765625,952.8519897460938
6.4921875,952.8323364257812
6.5078125,952.8250732421875
6.5234375,952.8298950195312
6.5390625,952.8143310546875
6.5546875,952.8223876953125
6.5703125,952.8364868164062
6.5859375,952.833251953125
6.6015625,952.8189697265625
6.6171875,952.818115234375
6.6328125,952.8306274414062
6.6484375,952.8206787109375
6.6640625,952.8173828125
6.6796875,952.814208984375
6.6953125,952.8131713867188
6.7109375,952.81640625
6.7265625,952.8186645507812
6.7421875,952.8092651367188
6.7578125,952.8096923828125
6.7734375,952.8107299804688
6.7890625,952.8030395507812
6.8046875,952.8123779296875
6.8203125,952.799560546875
6.8359375,952.8099975585938
6.8515625,952.8031616210938
6.8671875,952.798828125
6.8828125,952.7978515625
6.8984375,952.8018798828125
6.9140625,952.8079223632812
6.9296875,952.8018798828125
6.9453125,952.7875366210938
6.9609375,952.7957763671875
6.9765625,952.809814453125
6.9921875,952.8048095703125
7.0078125,952.8092041015625
7.0234375,952.7901611328125
7.0390625,952.7928466796875
7.0546875,952.7919311523438
7.0703125,952.793701171875
7.0859375,952.7938232421875
7.1015625,952.7835693359375
7.1171875,952.8048706054688
7.1328125,952.7944946289062
7.1484375,952.7835693359375
7.1640625,952.7951049804688
7.1796875,952.7936401367188
7.1953125,952.790283203125
7.2109375,952.7927856445312
7.2265625,952.7947387695312
7.2421875,952.7866821289062
7.2578125,952.7963256835938
7.2734375,952.788330078125
7.2890625,952.7975463867188
7.3046875,952.7869262695312
7.3203125,952.7998046875
7.3359375,952.7927856445312
7.3515625,952.7926635742188
7.3671875,952.7847290039062
7.3828125,952.7789916992188
7.3984375,952.7863159179688
7.4140625,952.7833862304688
7.4296875,952.784423828125
7.4453125,952.7835693359375
7.4609375,952.80615234375
7.4765625,952.7774047851562
7.4921875,952.8458862304688
7.5078125,952.8283081054688
7.5234375,952.8521118164062
7.5390625,952.8180541992188
7.5546875,952.8211669921875
7.5703125,952.8218383789062
7.5859375,952.8096923828125
7.6015625,952.8096923828125
7.6171875,952.8116455078125
7.6328125,952.8168334960938
7.6484375,952.8204345703125
7.6640625,952.81201171875
7.6796875,952.8070678710938
7.6953125,952.8262329101562
7.7109375,952.795654296875
7.7265625,952.806396484375
7.7421875,952.807861328125
7.7578125,952.8052978515625
7.7734375,952.7921752929688
7.7890625,952.8046875
7.8046875,952.8087158203125
7.8203125,952.8009033203125
7.8359375,952.7871704101562
7.8515625,952.782958984375
7.8671875,952.8017578125
7.8828125,952.8112182617188
7.8984375,952.8084106445312
7.9140625,952.8131103515625
7.9296875,952.8086547851562
7.9453125,952.793701171875
7.9609375,952.7930908203125
7.9765625,952.8016967773438
7.9921875,952.7919311523438
8.0078125,952.80224609375
8.0234375,952.773193359375
8.0390625,952.7935180664062
8.0546875,952.80224609375
8.0703125,952.7897338867188
8.0859375,952.8153686523438
8.1015625,952.8018798828125
8.1171875,952.7869873046875
8.1328125,952.7918701171875
8.1484375,952.8112182617188
8.1640625,952.7876586914062
8.1796875,952.794189453125
8.1953125,952.8017578125
8.2109375,952.810546875
8.2265625,952.8182373046875
8.2421875,952.8034057617188
8.2578125,952.8025512695312
8.2734375,952.7808227539062
8.2890625,952.8131713867188
8.3046875,952.8016357421875
8.3203125,952.8017578125
8.3359375,952.8097534179688
8.3515625,952.8428955078125
8.3671875,952.8463745117188
8.3828125,952.847412109375
8.3984375,952.8418579101562
8.4140625,952.8201293945312
8.4296875,952.8422241210938
8.4453125,952.841064453125
8.4609375,952.8453979492188
8.4765625,952.8641967773438
8.4921875,952.845703125
8.5078125,952.8387451171875
8.5234375,952.8453979492188
8.5390625,952.87060546875
8.5546875,952.8477172851562
8.5703125,952.852294921875
8.5859375,952.8391723632812
8.6015625,952.8727416992188
8.6171875,952.8426513671875
8.6328125,952.8519287109375
8.6484375,952.8475341796875
8.6640625,952.8444213867188
8.6796875,952.8756713867188
8.6953125,952.8353881835938
8.7109375,952.8676147460938
8.7265625,952.8731079101562
8.7421875,952.8440551757812
8.7578125,952.8590698242188
8.7734375,952.8688354492188
8.7890625,952.8720703125
8.8046875,952.88232421875
8.8203125,952.8715209960938
8.8359375,952.9071044921875
8.8515625,952.8726196289062
8.8671875,952.8795776367188
8.8828125,952.8671875
8.8984375,952.8753662109375
8.9140625,952.8513793945312
8.9296875,952.8759155273438
8.9453125,952.87451171875
8.9609375,952.8753662109375
8.9765625,952.8753662109375
8.9921875,952.8793334960938
9.0078125,952.8696899414062
9.0234375,952.875732421875
9.0390625,952.8564453125
9.0546875,952.8720703125
9.0703125,952.8689575195312
9.0859375,952.8728637695312
9.1015625,952.859375
9.1171875,952.8818359375
9.1328125,952.867919921875
9.1484375,952.8700561523438
9.1640625,952.858642578125
9.1796875,952.8692016601562
9.1953125,952.8723754882812
9.2109375,952.8949584960938
9.2265625,952.8500366210938
9.2421875,952.8335571289062
9.2578125,952.8409423828125
9.2734375,952.8423461914062
9.2890625,952.868896484375
9.3046875,952.8750610351562
9.3203125,952.8629760742188
9.3359375,952.8720703125
9.3515625,952.8623046875
9.3671875,952.8618774414062
9.3828125,952.8684692382812
9.3984375,952.8475341796875
9.4140625,952.8507080078125
9.4296875,952.873779296875
9.4453125,952.8641357421875
9.4609375,952.8671875
9.4765625,952.8455810546875
9.4921875,952.8461303710938
9.5078125,952.8733520507812
9.5234375,952.8768310546875
9.5390625,952.86865234375
9.5546875,952.8569946289062
9.5703125,952.8486328125
9.5859375,952.8737182617188
9.6015625,952.8583984375
9.6171875,952.8473510742188
9.6328125,952.8388061523438
9.6484375,952.86865234375
9.6640625,952.8513793945312
9.6796875,952.843017578125
9.6953125,952.8446655273438
9.7109375,952.845458984375
9.7265625,952.8391723632812
9.7421875,952.8335571289062
9.7578125,952.8357543945312
9.7734375,952.8106079101562
9.7890625,952.8263549804688
9.8046875,952.8146362304688
9.8203125,952.818115234375
9.8359375,952.8123779296875
9.8515625,952.8156127929688
9.8671875,952.8006591796875
9.8828125,952.8250732421875
9.8984375,952.8148803710938
9.9140625,952.8065185546875
9.9296875,952.823974609375
9.9453125,952.8121948242188
9.9609375,952.80810546875
9.9765625,952.8056030273438
9.9921875,952.8048095703125
10.0078125,952.7977905273438
10.0234375,952.8193359375
10.0390625,952.7974853515625
10.0546875,952.7952880859375
10.0703125,952.8011474609375
10.0859375,952.8106689453125
10.1015625,952.8017578125
10.1171875,952.81201171875
10.1328125,952.8048095703125
10.1484375,952.7999877929688
10.1640625,952.8001098632812
10.1796875,952.7888793945312
10.1953125,952.7997436523438
10.2109375,952.7947998046875
10.2265625,952.7954711914062
10.2421875,952.8035888671875
10.2578125,952.8024291992188
10.2734375,952.7780151367188
10.2890625,952.8056640625
10.3046875,952.8036499023438
10.3203125,952.788330078125
10.3359375,952.7979736328125
10.3515625,952.7928466796875
10.3671875,952.7970581054688
10.3828125,952.788330078125
10.3984375,952.779296875
10.4140625,952.7904663085938
10.4296875,952.7935791015625
10.4453125,952.7970581054688
10.4609375,952.7781982421875
10.4765625,952.7987060546875
10.4921875,952.783203125
10.5078125,952.794677734375
10.5234375,952.792724609375
10.5390625,952.7967529296875
10.5546875,952.792236328125
10.5703125,952.78076171875
10.5859375,952.7977905273438
10.6015625,952.7918701171875
10.6171875,952.7766723632812
10.6328125,952.7871704101562
10.6484375,952.7835693359375
10.6640625,952.7928466796875
10.6796875,952.7865600585938
10.6953125,952.7942504882812
10.7109375,952.7816162109375
10.7265625,952.7871704101562
10.7421875,952.7871704101562
10.7578125,952.7799072265625
10.7734375,952.7862548828125
10.7890625,952.7882690429688
10.8046875,952.7927856445312
10.8203125,952.7952880859375
10.8359375,952.7793579101562
10.8515625,952.794677734375
10.8671875,952.7852172851562
10.8828125,952.7685546875
10.8984375,952.796142578125
10.9140625,952.771240234375
10.9296875,952.7802124023438
10.9453125,952.7939453125
10.9609375,952.7886352539062
10.9765625,952.769287109375
10.9921875,952.783203125
11.0078125,952.7796020507812
11.0234375,952.7770385742188
11.0390625,952.7758178710938
11.0546875,952.7848510742188
11.0703125,952.7721557617188
11.0859375,952.7822265625
11.1015625,952.7732543945312
11.1171875,952.7809448242188
11.1328125,952.7796630859375
11.1484375,952.7661743164062
11.1640625,952.7777099609375
11.1796875,952.7804565429688
11.1953125,952.7875366210938
11.2109375,952.786865234375
11.2265625,952.7745971679688
11.2421875,952.7801513671875
11.2578125,952.7996826171875
11.2734375,952.8233642578125
11.2890625,952.8426513671875
11.3046875,952.8225708007812
11.3203125,952.843017578125
11.3359375,952.8667602539062
11.3515625,952.858642578125
11.3671875,952.8623046875
11.3828125,952.872802734375
11.3984375,952.8631591796875
11.4140625,952.8892822265625
11.4296875,952.8717041015625
11.4453125,952.8776245117188
11.4609375,952.8988037109375
11.4765625,952.868408203125
11.4921875,952.8804321289062
11.5078125,952.8427734375
11.5234375,952.8778686523438
11.5390625,952.8719482421875
11.5546875,952.896484375
11.5703125,952.853515625
11.5859375,952.8781127929688
11.6015625,952.8995971679688
11.6171875,952.8787841796875
11.6328125,952.9069213867188
11.6484375,952.8512573242188
11.6640625,952.88232421875
11.6796875,952.8778076171875
11.6953125,952.8773193359375
11.7109375,952.8787841796875
11.7265625,952.8709106445312
11.7421875,952.8926391601562
11.7578125,952.8717651367188
11.7734375,952.8731079101562
11.7890625,952.90576171875
11.8046875,952.8892211914062
11.8203125,952.8868408203125
11.8359375,952.9063720703125
11.8515625,952.8743286132812
11.8671875,952.8767700195312
11.8828125,952.868896484375
11.8984375,952.8965454101562
11.9140625,952.867919921875
11.9296875,952.8867797851562
11.9453125,952.8615112304688
11.9609375,952.869873046875
11.9765625,952.9064331054688
11.9921875,952.8888549804688
12.0078125,952.8760986328125
12.0234375,952.9105834960938
12.0390625,952.8556518554688
12.0546875,952.8404541015625
12.0703125,952.8845825195312
12.0859375,952.9219970703125
12.1015625,952.89453125
12.1171875,952.875732421875
12.1328125,952.874755859375
12.1484375,952.8810424804688
12.1640625,952.8753662109375
12.1796875,952.916015625
12.1953125,952.8387451171875
12.2109375,952.8685913085938
12.2265625,952.8795776367188
12.2421875,952.869873046875
12.2578125,952.8829345703125
12.2734375,952.8485717773438
12.2890625,952.8787231445312
12.3046875,952.8842163085938
12.3203125,952.87109375
12.3359375,952.8781127929688
12.3515625,952.8760986328125
12.3671875,952.8442993164062
12.3828125,952.8859252929688
12.3984375,952.8740234375
12.4140625,952.8811645507812
12.4296875,952.8923950195312
12.4453125,952.8895263671875
12.4609375,952.8801879882812
12.4765625,952.8709716796875
12.4921875,952.8843383789062
12.5078125,952.8819580078125
12.5234375,952.903076171875
12.5390625,952.8501586914062
12.5546875,952.8759155273438
12.5703125,952.8840942382812
12.5859375,952.8884887695312
12.6015625,952.8558959960938
12.6171875,952.8963012695312
12.6328125,952.87451171875
12.6484375,952.876220703125
12.6640625,952.8966674804688
12.6796875,952.8673706054688
12.6953125,952.8767700195312
12.7109375,952.880859375
12.7265625,952.8811645507812
12.7421875,952.8770141601562
12.7578125,952.867919921875
12.7734375,952.8681030273438
12.7890625,952.8709716796875
12.8046875,952.8668823242188
12.8203125,952.8551635742188
12.8359375,952.8734130859375
12.8515625,952.8402099609375
12.8671875,952.8402099609375
12.8828125,952.8715209960938
12.8984375,952.8574829101562
12.9140625,952.8427124023438
12.9296875,952.8394165039062
12.9453125,952.8394165039062
12.9609375,952.8598022460938
12.9765625,952.8381958007812
12.9921875,952.8585815429688
13.0078125,952.8630981445312
13.0234375,952.8634643554688
13.0390625,952.861083984375
13.0546875,952.8712158203125
13.0703125,952.8740234375
13.0859375,952.8666381835938
13.1015625,952.8690185546875
13.1171875,952.8638916015625
13.1328125,952.8619384765625
13.1484375,952.8427124023438
13.1640625,952.8411254882812
13.1796875,952.8418579101562
13.1953125,952.8429565429688
13.2109375,952.8517456054688
13.2265625,952.859375
13.2421875,952.84130859375
13.2578125,952.8451538085938
13.2734375,952.8453979492188
13.2890625,952.8650512695312
13.3046875,952.8351440429688
13.3203125,952.8549194335938
13.3359375,952.8595581054688
13.3515625,952.8345947265625
13.3671875,952.8333129882812
13.3828125,952.8403930664062
13.3984375,952.8421020507812
13.4140625,952.841064453125
13.4296875,952.8244018554688
13.4453125,952.8097534179688
13.4609375,952.80419921875
13.4765625,952.8247680664062
13.4921875,952.830078125
13.5078125,952.8108520507812
13.5234375,952.8090209960938
13.5390625,952.8001098632812
13.5546875,952.8063354492188
13.5703125,952.8058471679688
13.5859375,952.8185424804688
13.6015625,952.80029296875
13.6171875,952.818115234375
13.6328125,952.7991943359375
13.6484375,952.8070068359375
13.6640625,952.8050537109375
13.6796875,952.7868041992188
13.6953125,952.8067626953125
13.7109375,952.8128662109375
13.7265625,952.802001953125
13.7421875,952.8090209960938
13.7578125,952.7883911132812
13.7734375,952.80029296875
13.7890625,952.7915649414062
13.8046875,952.7969360351562
13.8203125,952.7916259765625
13.8359375,952.7903442382812
13.8515625,952.7964477539062
13.8671875,952.8036499023438
13.8828125,952.797607421875
13.8984375,952.796630859375
13.9140625,952.7994995117188
13.9296875,952.7988891601562
13.9453125,952.7955322265625
13.9609375,952.7893676757812
13.9765625,952.7813720703125
13.9921875,952.796142578125
14.0078125,952.7819213867188
14.0234375,952.7819213867188
14.0390625,952.7965698242188
14.0546875,952.7931518554688
14.0703125,952.7891235351562
14.0859375,952.7914428710938
14.1015625,952.7783203125
14.1171875,952.7960205078125
14.1328125,952.7958984375
14.1484375,952.78271484375
14.1640625,952.7832641601562
14.1796875,952.7855834960938
14.1953125,952.7846069335938
14.2109375,952.799560546875
14.2265625,952.7916870117188
14.2421875,952.7887573242188
14.2578125,952.7766723632812
14.2734375,952.8009643554688
14.2890625,952.7910766601562
14.3046875,952.7798461914062
14.3203125,952.792724609375
14.3359375,952.7865600585938
14.3515625,952.7860717773438
14.3671875,952.787841796875
14.3828125,952.7825317382812
14.3984375,952.7872314453125
14.4140625,952.7742919921875
14.4296875,952.7908325195312
14.4453125,952.7841186523438
14.4609375,952.790283203125
14.4765625,952.792724609375
14.4921875,952.7908325195312
14.5078125,952.7779541015625
14.5234375,952.7813110351562
14.5390625,952.7805786132812
14.5546875,952.786865234375
14.5703125,952.7931518554688
14.5859375,952.777099609375
14.6015625,952.7844848632812
14.6171875,952.7780151367188
14.6328125,952.7924194335938
14.6484375,952.780517578125
14.6640625,952.7764892578125
14.6796875,952.7801513671875
14.6953125,952.77734375
14.7109375,952.7788696289062
14.7265625,952.7769165039062
14.7421875,952.78466796875
14.7578125,952.7999267578125
14.7734375,952.784912109375
14.7890625,952.7674560546875
14.8046875,952.781982421875
14.8203125,952.8034057617188
14.8359375,952.7921142578125
14.8515625,952.783935546875
14.8671875,952.79443359375
14.8828125,952.7764892578125
14.8984375,952.78515625
14.9140625,952.8067626953125
14.9296875,952.7858276367188
14.9453125,952.8029174804688
14.9609375,952.7869262695312
14.9765625,952.80810546875
14.9921875,952.8060913085938
15.0078125,952.8176879882812
15.0234375,952.8451538085938
15.0390625,952.8430786132812
15.0546875,952.8294067382812
15.0703125,952.8677978515625
15.0859375,952.807861328125
15.1015625,952.8463745117188
15.1171875,952.8623046875
15.1328125,952.81201171875
15.1484375,952.874755859375
15.1640625,952.8475341796875
15.1796875,952.8726196289062
15.1953125,952.868408203125
15.2109375,952.8380126953125
15.2265625,952.8607788085938
15.2421875,952.895263671875
15.2578125,952.85498046875
15.2734375,952.9327392578125
15.2890625,952.8700561523438
15.3046875,952.901611328125
15.3203125,952.8440551757812
15.3359375,952.8711547851562
15.3515625,952.870361328125
15.3671875,952.8734130859375
15.3828125,952.8995971679688
15.3984375,952.8895263671875
15.4140625,952.849365234375
15.4296875,952.8695068359375
15.4453125,952.9031982421875
15.4609375,952.8666381835938
15.4765625,952.8740234375
15.4921875,952.885986328125
15.5078125,952.8638305664062
15.5234375,952.854248046875
15.5390625,952.9032592773438
15.5546875,952.8614501953125
15.5703125,952.8701171875
15.5859375,952.8724975585938
15.6015625,952.8990478515625
15.6171875,952.8726196289062
15.6328125,952.898193359375
15.6484375,952.8600463867188
15.6640625,952.88623046875
15.6796875,952.8692016601562
15.6953125,952.8717651367188
15.7109375,952.8592529296875
15.7265625,952.9024658203125
15.7421875,952.8592529296875
15.7578125,952.8772583007812
15.7734375,952.8772583007812
15.7890625,952.8672485351562
15.8046875,952.9140625
15.8203125,952.845703125
15.8359375,952.8775024414062
15.8515625,952.8663940429688
15.8671875,952.9024658203125
15.8828125,952.9010009765625
15.8984375,952.8447265625
15.9140625,952.9086303710938
15.9296875,952.8839721679688
15.9453125,952.9256591796875
15.9609375,952.8744506835938
15.9765625,952.8515625
15.9921875,952.9102783203125
16.0078125,952.9025268554688
16.0234375,952.8642578125
16.0390625,952.8751831054688
16.0546875,952.8773803710938
16.0703125,952.8930053710938
16.0859375,952.8963623046875
16.1015625,952.8871459960938
16.1171875,952.9274291992188
16.1328125,952.9015502929688
16.1484375,952.9006958007812
16.1640625,952.8692626953125
16.1796875,952.8641967773438
16.1953125,952.8712768554688
16.2109375,952.8536376953125
16.2265625,952.8850708007812
16.2421875,952.8723754882812
16.2578125,952.8466796875
16.2734375,952.8389892578125
16.2890625,952.8702392578125
16.3046875,952.864013671875
16.3203125,952.8650512695312
16.3359375,952.8658447265625
16.3515625,952.8663330078125
16.3671875,952.8995971679688
16.3828125,952.9097290039062
16.3984375,952.8703002929688
16.4140625,952.8982543945312
16.4296875,952.9013671875
16.4453125,952.8731689453125
16.4609375,952.9228515625
16.4765625,952.927734375
16.4921875,952.9121704101562
16.5078125,952.8828735351562
16.5234375,952.9108276367188
16.5390625,952.8828735351562
16.5546875,952.9031982421875
16.5703125,952.9052124023438
16.5859375,952.8712158203125
16.6015625,952.9280395507812
16.6171875,952.8976440429688
16.6328125,952.9102172851562
16.6484375,952.8912963867188
16.6640625,952.897216796875
16.6796875,952.9295043945312
16.6953125,952.9102172851562
16.7109375,952.8836669921875
16.7265625,952.90380859375
16.7421875,952.8948364257812
16.7578125,952.912109375
16.7734375,952.8992919921875
16.7890625,952.9398803710938
16.8046875,952.8839721679688
16.8203125,952.941162109375
16.8359375,952.9141845703125
16.8515625,952.9113159179688
16.8671875,952.905029296875
16.8828125,952.90771484375
16.8984375,952.9371948242188
16.9140625,952.9132690429688
16.9296875,952.9318237304688
16.9453125,952.916015625
16.9609375,952.9351196289062
16.9765625,952.9171142578125
16.9921875,952.9217529296875
17.0078125,952.9002075195312
17.0234375,952.9271850585938
17.0390625,952.9063110351562
17.0546875,952.8989868164062
17.0703125,952.9138793945312
17.0859375,952.9451293945312
17.1015625,952.9043579101562
17.1171875,952.8721923828125
17.1328125,952.8751831054688
17.1484375,952.8899536132812
17.1640625,952.88818359375
17.1796875,952.9071044921875
17.1953125,952.8765258789062
17.2109375,952.869140625
17.2265625,952.8673706054688
17.2421875,952.865234375
17.2578125,952.8446044921875
17.2734375,952.841552734375
17.2890625,952.8403930664062
17.3046875,952.8158569335938
17.3203125,952.8362426757812
17.3359375,952.8390502929688
17.3515625,952.8383178710938
17.3671875,952.81396484375
17.3828125,952.8175048828125
17.3984375,952.8326416015625
17.4140625,952.8278198242188
17.4296875,952.8224487304688
17.4453125,952.8368530273438
17.4609375,952.8194580078125
17.4765625,952.8142700195312
17.4921875,952.8025512695312
17.5078125,952.813720703125
17.5234375,952.8203735351562
17.5390625,952.8130493164062
17.5546875,952.8133544921875
17.5703125,952.81005859375
17.5859375,952.81640625
17.6015625,952.8099975585938
17.6171875,952.8109130859375
17.6328125,952.81005859375
17.6484375,952.8031005859375
17.6640625,952.8028564453125
17.6796875,952.7991943359375
17.6953125,952.8074951171875
17.7109375,952.8021850585938
17.7265625,952.7985229492188
17.7421875,952.7962036132812
17.7578125,952.7985229492188
17.7734375,952.8086547851562
17.7890625,952.7996826171875
17.8046875,952.7991333007812
17.8203125,952.8153076171875
17.8359375,952.8130493164062
17.8515625,952.8123168945312
17.8671875,952.800537109375
17.8828125,952.803466796875
17.8984375,952.7902221679688
17.9140625,952.8020629882812
17.9296875,952.806640625
17.9453125,952.79443359375
17.9609375,952.7902221679688
17.9765625,952.7936401367188
17.9921875,952.7916870117188
18.0078125,952.7977294921875
18.0234375,952.8016967773438
18.0390625,952.8119506835938
18.0546875,952.7925415039062
18.0703125,952.7919921875
18.0859375,952.7791748046875
18.1015625,952.8036499023438
18.1171875,952.7893676757812
18.1328125,952.814453125
18.1484375,952.788330078125
18.1640625,952.8052978515625
18.1796875,952.7843627929688
18.1953125,952.7877807617188
18.2109375,952.7977294921875
18.2265625,952.7872314453125
18.2421875,952.7930297851562
18.2578125,952.7955932617188
18.2734375,952.7893676757812
18.2890625,952.8034057617188
18.3046875,952.7989501953125
18.3203125,952.7944946289062
18.3359375,952.785888671875
18.3515625,952.7799072265625
18.3671875,952.7896728515625
18.3828125,952.790283203125
18.3984375,952.7928466796875
18.4140625,952.7922973632812
18.4296875,952.788330078125
18.4453125,952.7791748046875
18.4609375,952.7799072265625
18.4765625,952.776123046875
18.4921875,952.783935546875
18.5078125,952.7804565429688
18.5234375,952.7852172851562
18.5390625,952.7967529296875
18.5546875,952.7857666015625
18.5703125,952.7667846679688
18.5859375,952.7944946289062
18.6015625,952.7916870117188
18.6171875,952.786865234375
18.6328125,952.7857666015625
18.6484375,952.7815551757812
18.6640625,952.7784423828125
18.6796875,952.7949829101562
18.6953125,952.7797241210938
18.7109375,952.7738647460938
18.7265625,952.7869262695312
18.7421875,952.7794799804688
18.7578125,952.7852172851562
18.7734375,952.7847290039062
18.7890625,952.7791748046875
18.8046875,952.7896118164062
18.8203125,952.8003540039062
18.8359375,952.8189086914062
18.8515625,952.811279296875
18.8671875,952.8406982421875
18.8828125,952.8694458007812
18.8984375,952.8709106445312
18.9140625,952.873779296875
18.9296875,952.918701171875
18.9453125,952.9409790039062
18.9609375,952.905029296875
18.9765625,953.015380859375
18.9921875,952.945068359375
19.0078125,952.9366455078125
19.0234375,952.9118041992188
19.0390625,952.9451904296875
19.0546875,952.9439697265625
19.0703125,952.9794311523438
19.0859375,952.9913330078125
19.1015625,953.041748046875
19.1171875,952.9528198242188
19.1328125,952.9710083007812
19.1484375,953.0563354492188
19.1640625,952.9252319335938
19.1796875,953.0030517578125
19.1953125,952.972412109375
19.2109375,952.96044921875
19.2265625,953.0416870117188
19.2421875,953.0196533203125
19.2578125,953.1219482421875
19.2734375,953.0223388671875
19.2890625,952.9453735351562
19.3046875,952.915283203125
19.3203125,952.9194946289062
19.3359375,952.9244384765625
19.3515625,952.9987182617188
19.3671875,953.0254516601562
19.3828125,952.9637451171875
19.3984375,952.9553833007812
19.4140625,952.9517211914062
19.4296875,952.927734375
19.4453125,952.932861328125
19.4609375,952.9334106445312
19.4765625,952.9856567382812
19.4921875,952.9771118164062
19.5078125,952.96435546875
19.5234375,952.9979248046875
19.5390625,952.955078125
19.5546875,952.9833984375
19.5703125,953.028564453125
19.5859375,952.9492797851562
19.6015625,952.9052124023438
19.6171875,952.9893798828125
19.6328125,952.92529296875
19.6484375,952.90576171875
19.6640625,952.9672241210938
19.6796875,952.9241943359375
19.6953125,952.9439697265625
19.7109375,952.9619140625
19.7265625,952.934814453125
19.7421875,952.9445190429688
19.7578125,952.9194946289062
19.7734375,952.901123046875
19.7890625,952.9524536132812
19.8046875,952.9046020507812
19.8203125,952.9132080078125
19.8359375,952.8821411132812
19.8515625,952.9373779296875
19.8671875,952.9380493164062
19.8828125,952.9345092773438
19.8984375,952.8992919921875
19.9140625,952.9227905273438
19.9296875,952.9378662109375
19.9453125,952.8782348632812
19.9609375,952.9415283203125
19.9765625,952.9186401367188
19.9921875,952.8713989257812
20.0078125,952.8880004882812
20.0234375,952.9122314453125
20.0390625,952.89208984375
20.0546875,952.942138671875
20.0703125,952.8801879882812
20.0859375,952.9408569335938
20.1015625,952.8983154296875
20.1171875,952.8406982421875
20.1328125,952.82421875
20.1484375,952.8419189453125
20.1640625,952.8421630859375
20.1796875,952.8532104492188
20.1953125,952.8502807617188
20.2109375,952.831787109375
20.2265625,952.8455810546875
20.2421875,952.8411254882812
20.2578125,952.8455200195312
20.2734375,952.8549194335938
20.2890625,952.844970703125
20.3046875,952.8382568359375
20.3203125,952.8496704101562
20.3359375,952.8201293945312
20.3515625,952.8265991210938
20.3671875,952.8208618164062
20.3828125,952.82421875
20.3984375,952.828125
20.4140625,952.8195190429688
20.4296875,952.8170776367188
20.4453125,952.8150024414062
20.4609375,952.8175659179688
20.4765625,952.8248291015625
20.4921875,952.830810546875
20.5078125,952.8208618164062
20.5234375,952.815673828125
20.5390625,952.8258666992188
20.5546875,952.8176879882812
20.5703125,952.8234252929688
20.5859375,952.8324584960938
20.6015625,952.82177734375
20.6171875,952.8090209960938
20.6328125,952.8051147460938
20.6484375,952.8147583007812
20.6640625,952.8088989257812
20.6796875,952.8034057617188
20.6953125,952.8084106445312
20.7109375,952.8197631835938
20.7265625,952.8008422851562
20.7421875,952.7932739257812
20.7578125,952.7992553710938
20.7734375,952.8139038085938
20.7890625,952.7987060546875
20.8046875,952.795654296875
20.8203125,952.8058471679688
20.8359375,952.800537109375
20.8515625,952.7938232421875
20.8671875,952.81005859375
20.8828125,952.7966918945312
20.8984375,952.78857421875
20.9140625,952.7896728515625
20.9296875,952.7802124023438
20.9453125,952.8024291992188
20.9609375,952.8067016601562
20.9765625,952.8125
20.9921875,952.7967529296875
21.0078125,952.7911376953125
21.0234375,952.7967529296875
21.0390625,952.7852783203125
21.0546875,952.8087158203125
21.0703125,952.79443359375
21.0859375,952.7944946289062
21.1015625,952.8103637695312
21.1171875,952.7963256835938
21.1328125,952.7973022460938
21.1484375,952.7974243164062
21.1640625,952.7847290039062
21.1796875,952.8032836914062
21.1953125,952.7709350585938
21.2109375,952.7816162109375
21.2265625,952.7992553710938
21.2421875,952.79052734375
21.2578125,952.7903442382812
21.2734375,952.7915649414062
21.2890625,952.7916870117188
21.3046875,952.7950439453125
21.3203125,952.7969360351562
21.3359375,952.7788696289062
21.3515625,952.7896728515625
21.3671875,952.79052734375
21.3828125,952.7899780273438
21.3984375,952.8084106445312
21.4140625,952.8090209960938
21.4296875,952.8257446289062
21.4453125,952.8003540039062
21.4609375,952.8429565429688
21.4765625,952.8585205078125
21.4921875,952.8507080078125
21.5078125,952.9320068359375
21.5234375,952.909423828125
21.5390625,952.8748779296875
21.5546875,952.891845703125
21.5703125,952.915771484375
21.5859375,952.8848876953125
21.6015625,952.9144287109375
21.6171875,952.9104614257812
21.6328125,952.9339599609375
21.6484375,952.8890991210938
21.6640625,952.9556274414062
21.6796875,952.9810180664062
21.6953125,952.93701171875
21.7109375,952.9124755859375
21.7265625,952.8941040039062
21.7421875,952.973876953125
21.7578125,952.9476318359375
21.7734375,952.9635620117188
21.7890625,952.9620971679688
21.8046875,952.9086303710938
21.8203125,952.9984130859375
21.8359375,952.9295654296875
21.8515625,952.9266967773438
21.8671875,952.923095703125
21.8828125,952.9083251953125
21.8984375,952.9391479492188
21.9140625,952.9979248046875
21.9296875,952.9028930664062
21.9453125,952.9299926757812
21.9609375,952.9567260742188
21.9765625,952.9318237304688
21.9921875,952.8995971679688
22.0078125,952.926513671875
22.0234375,952.8857421875
22.0390625,952.9614868164062
22.0546875,952.9375610351562
22.0703125,952.9121704101562
22.0859375,952.9005126953125
22.1015625,952.9268798828125
22.1171875,952.9605102539062
22.1328125,952.9057006835938
22.1484375,952.8993530273438
22.1640625,952.9224243164062
22.1796875,952.9354248046875
22.1953125,952.9253540039062
22.2109375,952.9080810546875
22.2265625,952.928466796875
22.2421875,952.9415283203125
22.2578125,952.9256591796875
22.2734375,952.9318237304688
22.2890625,952.935302734375
22.3046875,952.93701171875
22.3203125,952.9379272460938
22.3359375,952.9269409179688
22.3515625,952.9352416992188
22.3671875,952.9453735351562
22.3828125,952.9376220703125
22.3984375,952.9376220703125
22.4140625,952.9227905273438
22.4296875,952.8857421875
22.4453125,952.9091796875
22.4609375,952.913818359375
22.4765625,952.891357421875
22.4921875,952.892578125
22.5078125,952.8975830078125
22.5234375,952.901123046875
22.5390625,952.9116821289062
22.5546875,952.9264526367188
22.5703125,952.8810424804688
22.5859375,952.9199829101562
22.6015625,952.912841796875
22.6171875,952.8805541992188
22.6328125,952.909912109375
22.6484375,952.913818359375
22.6640625,952.9029541015625
22.6796875,952.9010620117188
22.6953125,952.919921875
22.7109375,952.9716796875
22.7265625,952.9155883789062
22.7421875,952.9256591796875
22.7578125,952.9232788085938
22.7734375,952.9288940429688
22.7890625,952.8911743164062
22.8046875,952.8876342773438
22.8203125,952.926513671875
22.8359375,952.9078979492188
22.8515625,952.8861694335938
22.8671875,952.9010009765625
22.8828125,952.8985595703125
22.8984375,952.923095703125
22.9140625,952.922607421875
22.9296875,952.8858642578125
22.9453125,952.9105224609375
22.9609375,952.9158325195312
22.9765625,952.9158325195312
22.9921875,952.9010009765625
23.0078125,952.8990478515625
23.0234375,952.8934936523438
23.0390625,952.9051513671875
23.0546875,952.9234008789062
23.0703125,952.9461669921875
23.0859375,952.892333984375
23.1015625,952.9244384765625
23.1171875,952.9324951171875
23.1328125,952.9146118164062
23.1484375,952.8921508789062
23.1640625,952.940673828125
23.1796875,952.9077758789062
23.1953125,952.9048461914062
23.2109375,952.940185546875
23.2265625,952.9290161132812
23.2421875,952.9178466796875
23.2578125,952.924560546875
23.2734375,952.913818359375
23.2890625,952.9098510742188
23.3046875,952.899658203125
23.3203125,952.8992919921875
23.3359375,952.9082641601562
23.3515625,952.8898315429688
23.3671875,952.8826904296875
23.3828125,952.8995971679688
23.3984375,952.9171752929688
23.4140625,952.8723754882812
23.4296875,952.8536987304688
23.4453125,952.854248046875
23.4609375,952.857421875
23.4765625,952.8264770507812
23.4921875,952.8320922851562
23.5078125,952.8326416015625
23.5234375,952.8334350585938
23.5390625,952.8267822265625
23.5546875,952.8223876953125
23.5703125,952.8384399414062
23.5859375,952.83203125
23.6015625,952.8302001953125
23.6171875,952.8239135742188
23.6328125,952.8164672851562
23.6484375,952.8186645507812
23.6640625,952.8259887695312
23.6796875,952.8065185546875
23.6953125,952.8365478515625
23.7109375,952.8156127929688
23.7265625,952.81396484375
23.7421875,952.8187866210938
23.7578125,952.805908203125
23.7734375,952.8165893554688
23.7890625,952.8257446289062
23.8046875,952.8106689453125
23.8203125,952.8101196289062
23.8359375,952.8305053710938
23.8515625,952.8092041015625
23.8671875,952.8094482421875
23.8828125,952.8291015625
23.8984375,952.8214721679688
23.9140625,952.8091430664062
23.9296875,952.8243408203125
23.9453125,952.8178100585938
23.9609375,952.8140258789062
23.9765625,952.8153686523438
23.9921875,952.8192749023438
24.0078125,952.8117065429688
24.0234375,952.806640625
24.0390625,952.8112182617188
24.0546875,952.8106689453125
24.0703125,952.8179321289062
24.0859375,952.8078002929688
24.1015625,952.8120727539062
24.1171875,952.8151245117188
24.1328125,952.8012084960938
24.1484375,952.8032836914062
24.1640625,952.8070068359375
24.1796875,952.8145141601562
24.1953125,952.8004760742188
24.2109375,952.8159790039062
24.2265625,952.791748046875
24.2421875,952.8036499023438
24.2578125,952.812255859375
24.2734375,952.803466796875
24.2890625,952.7900390625
24.3046875,952.8033447265625
24.3203125,952.8148193359375
24.3359375,952.803466796875
24.3515625,952.8037109375
24.3671875,952.7978515625
24.3828125,952.7877807617188
24.3984375,952.7974243164062
24.4140625,952.7927856445312
24.4296875,952.7943725585938
24.4453125,952.8072509765625
24.4609375,952.79638671875
24.4765625,952.7931518554688
24.4921875,952.8011474609375
24.5078125,952.7901611328125
24.5234375,952.7921752929688
24.5390625,952.8109741210938
24.5546875,952.7986450195312
24.5703125,952.7982788085938
24.5859375,952.7938842773438
24.6015625,952.7877807617188
24.6171875,952.793701171875
24.6328125,952.7938232421875
24.6484375,952.813720703125
24.6640625,952.7933349609375
24.6796875,952.7938232421875
24.6953125,952.8075561523438
24.7109375,952.8023071289062
24.7265625,952.802734375
24.7421875,952.8136596679688
24.7578125,952.794921875
24.7734375,952.7974853515625
24.7890625,952.7990112304688
24.8046875,952.7950439453125
24.8203125,952.7913818359375
24.8359375,952.814453125
24.8515625,952.7973022460938
24.8671875,952.8118286132812
24.8828125,952.8014526367188
24.8984375,952.7988891601562
24.9140625,952.7999267578125
24.9296875,952.7974243164062
24.9453125,952.7967529296875
24.9609375,952.7954711914062
24.9765625,952.8125
24.9921875,952.8114013671875
25.0078125,952.800537109375
25.0234375,952.798828125
25.0390625,952.8296508789062
25.0546875,952.8267211914062
25.0703125,952.8527221679688
25.0859375,952.8776245117188
25.1015625,952.8515625
25.1171875,952.8512573242188
25.1328125,952.8452758789062
25.1484375,952.8466186523438
25.1640625,952.8457641601562
25.1796875,952.85107421875
25.1953125,952.8768310546875
25.2109375,952.8656005859375
25.2265625,952.9160766601562
25.2421875,952.8753662109375
25.2578125,952.8821411132812
25.2734375,952.8914794921875
25.2890625,952.9041748046875
25.3046875,952.9022216796875
25.3203125,952.8790283203125
25.3359375,952.8829956054688
25.3515625,952.8678588867188
25.3671875,952.9016723632812
25.3828125,952.8809814453125
25.3984375,952.9275512695312
25.4140625,952.8819580078125
25.4296875,952.9153442382812
25.4453125,952.912109375
25.4609375,952.9085693359375
25.4765625,952.8828735351562
25.4921875,952.8773193359375
25.5078125,952.8953857421875
25.5234375,952.9180297851562
25.5390625,952.9271850585938
25.5546875,952.9093017578125
25.5703125,952.9322509765625
25.5859375,952.9157104492188
25.6015625,952.9883422851562
25.6171875,952.8963623046875
25.6328125,952.9152221679688
25.6484375,952.9022216796875
25.6640625,952.9116821289062
25.6796875,952.8888549804688
25.6953125,952.8968505859375
25.7109375,952.9021606445312
25.7265625,952.9317626953125
25.7421875,952.9086303710938
25.7578125,952.9446411132812
25.7734375,952.9189453125
25.7890625,952.9306640625
25.8046875,952.9157104492188
25.8203125,952.908203125
25.8359375,952.884765625
25.8515625,952.9113159179688
25.8671875,952.9161376953125
25.8828125,952.9105834960938
25.8984375,952.8973388671875
25.9140625,952.8951416015625
25.9296875,952.9107055664062
25.9453125,952.9591674804688
25.9609375,952.8793334960938
25.9765625,952.945068359375
25.9921875,952.9251098632812
26.0078125,952.8819580078125
26.0234375,952.9149780273438
26.0390625,952.9277954101562
26.0546875,952.917724609375
26.0703125,952.8798828125
26.0859375,952.9005126953125
26.1015625,952.9277954101562
26.1171875,952.9365234375
26.1328125,952.9422607421875
26.1484375,952.91015625
26.1640625,952.8876953125
26.1796875,952.9017944335938
26.1953125,952.9345092773438
26.2109375,952.9181518554688
26.2265625,952.8986206054688
26.2421875,952.9097290039062
26.2578125,952.89990234375
26.2734375,952.91552734375
26.2890625,952.9207763671875
26.3046875,952.9332885742188
26.3203125,952.9277954101562
26.3359375,952.9298095703125
26.3515625,952.9230346679688
26.3671875,952.9334106445312
26.3828125,952.9193725585938
26.3984375,952.8907470703125
26.4140625,952.9147338867188
26.4296875,952.9142456054688
26.4453125,952.917724609375
26.4609375,952.9164428710938
26.4765625,952.90966796875
26.4921875,952.9082641601562
26.5078125,952.9132690429688
26.5234375,952.8995361328125
26.5390625,952.8973999023438
26.5546875,952.8817749023438
26.5703125,952.8871459960938
26.5859375,952.9391479492188
26.6015625,952.9221801757812
26.6171875,952.8870849609375
26.6328125,952.8734741210938
26.6484375,952.892578125
26.6640625,952.9122924804688
26.6796875,952.9165649414062
26.6953125,952.9141235351562
26.7109375,952.9149169921875
26.7265625,952.9114379882812
26.7421875,952.8966064453125
26.7578125,952.9129638671875
26.7734375,952.9326171875
26.7890625,952.9008178710938
26.8046875,952.8751220703125
26.8203125,952.8917846679688
26.8359375,952.9306030273438
26.8515625,952.9014892578125
26.8671875,952.8826293945312
26.8828125,952.9093627929688
26.8984375,952.9164428710938
26.9140625,952.883544921875
26.9296875,952.8848876953125
26.9453125,952.8887939453125
26.9609375,952.905029296875
26.9765625,952.8986206054688
26.9921875,952.9459228515625
27.0078125,952.8971557617188
27.0234375,952.9110717773438
27.0390625,952.8704223632812
27.0546875,952.9068603515625
27.0703125,952.8948364257812
27.0859375,952.8907470703125
27.1015625,952.8831787109375
27.1171875,952.8919067382812
27.1328125,952.898193359375
27.1484375,952.8991088867188
27.1640625,952.8834838867188
27.1796875,952.8768310546875
27.1953125,952.8829956054688
27.2109375,952.8833618164062
27.2265625,952.8843383789062
27.2421875,952.872802734375
27.2578125,952.878173828125
27.2734375,952.8958129882812
27.2890625,952.853271484375
27.3046875,952.8783569335938
27.3203125,952.8466796875
27.3359375,952.8472290039062
27.3515625,952.8330078125
27.3671875,952.8569946289062
27.3828125,952.8519287109375
27.3984375,952.8328857421875
27.4140625,952.8299560546875
27.4296875,952.8516235351562
27.4453125,952.8356323242188
27.4609375,952.8247680664062
27.4765625,952.8237915039062
27.4921875,952.8256225585938
27.5078125,952.8192138671875
27.5234375,952.8228759765625
27.5390625,952.8229370117188
27.5546875,952.814453125
27.5703125,952.827392578125
27.5859375,952.8306274414062
27.6015625,952.810302734375
27.6171875,952.8148193359375
27.6328125,952.80029296875
27.6484375,952.802001953125
27.6640625,952.8248291015625
27.6796875,952.8011474609375
27.6953125,952.8033447265625
27.7109375,952.8033447265625
27.7265625,952.8115234375
27.7421875,952.8021850585938
27.7578125,952.813232421875
27.7734375,952.8084716796875
27.7890625,952.8095092773438
27.8046875,952.791748046875
27.8203125,952.8110961914062
27.8359375,952.7986450195312
27.8515625,952.7988891601562
27.8671875,952.791015625
27.8828125,952.7877807617188
27.8984375,952.8009643554688
27.9140625,952.7893676757812
27.9296875,952.8126220703125
27.9453125,952.8126220703125
27.9609375,952.7908935546875
27.9765625,952.7883911132812
27.9921875,952.8056030273438
28.0078125,952.796630859375
28.0234375,952.7947998046875
28.0390625,952.7915649414062
28.0546875,952.8042602539062
28.0703125,952.7979736328125
28.0859375,952.798828125
28.1015625,952.7816772460938
28.1171875,952.802001953125
28.1328125,952.78466796875
28.1484375,952.7935791015625
28.1640625,952.7918701171875
28.1796875,952.7997436523438
28.1953125,952.790283203125
28.2109375,952.7960815429688
28.2265625,952.8092651367188
28.2421875,952.8010864257812
28.2578125,952.8028564453125
28.2734375,952.7952880859375
28.2890625,952.7889404296875
28.3046875,952.7925415039062
28.3203125,952.7974853515625
28.3359375,952.7815551757812
28.3515625,952.7877807617188
28.3671875,952.7877807617188
28.3828125,952.8031005859375
28.3984375,952.7921752929688
28.4140625,952.7841186523438
28.4296875,952.7988891601562
28.4453125,952.7918701171875
28.4609375,952.7816162109375
28.4765625,952.7813720703125
28.4921875,952.798583984375
28.5078125,952.8052978515625
28.5234375,952.7975463867188
28.5390625,952.813232421875
28.5546875,952.8159790039062
28.5703125,952.8284301757812
28.5859375,952.8207397460938
28.6015625,952.8530883789062
28.6171875,952.8414916992188
28.6328125,952.8871459960938
28.6484375,952.8805541992188
28.6640625,952.8811645507812
28.6796875,952.8617553710938
28.6953125,952.8499145507812
28.7109375,952.873779296875
28.7265625,952.8673706054688
28.7421875,952.9132080078125
28.7578125,952.8893432617188
28.7734375,952.8766479492188
28.7890625,952.8519287109375
28.8046875,952.88037109375
28.8203125,952.880126953125
28.8359375,952.9087524414062
28.8515625,952.938720703125
28.8671875,952.9518432617188
28.8828125,952.9044189453125
28.8984375,952.92724609375
28.9140625,952.909912109375
28.9296875,952.9010009765625
28.9453125,952.8826293945312
28.9609375,952.9276123046875
28.9765625,952.8837890625
28.9921875,952.9098510742188
29.0078125,952.9630737304688
29.0234375,952.9588623046875
29.0390625,952.9052734375
29.0546875,952.9102783203125
29.0703125,952.908203125
29.0859375,952.912841796875
29.1015625,952.8993530273438
29.1171875,952.9105834960938
29.1328125,952.9344482421875
29.1484375,952.8995971679688
29.1640625,952.91162109375
29.1796875,952.8932495117188
29.1953125,952.8942260742188
29.2109375,952.901611328125
29.2265625,952.9544067382812
29.2421875,952.9086303710938
29.2578125,952.9168701171875
29.2734375,952.91943359375
29.2890625,952.9249877929688
29.3046875,952.9025268554688
29.3203125,952.9551391601562
29.3359375,952.90625
29.3515625,952.9390258789062
29.3671875,952.9224243164062
29.3828125,952.9247436523438
29.3984375,952.9258422851562
29.4140625,952.898193359375
29.4296875,952.9470825195312
29.4453125,952.9358520507812
29.4609375,952.9127807617188
29.4765625,952.9551391601562
29.4921875,952.9415283203125
29.5078125,952.9080810546875
29.5234375,952.9338989257812
29.5390625,952.9208374023438
29.5546875,952.9111328125
29.5703125,952.9361572265625
29.5859375,952.9334716796875
29.6015625,952.8997192382812
29.6171875,952.8939819335938
29.6328125,952.8941040039062
29.6484375,952.918701171875
29.6640625,952.9236450195312
29.6796875,952.9180297851562
29.6953125,952.8906860351562
29.7109375,952.9027099609375
29.7265625,952.9151611328125
29.7421875,952.8994140625
29.7578125,952.9142456054688
29.7734375,952.9099731445312
29.7890625,952.939208984375
29.8046875,952.9151611328125
29.8203125,952.8948974609375
29.8359375,952.912841796875
29.8515625,952.9093627929688
29.8671875,952.9379272460938
29.8828125,952.9266357421875
29.8984375,953.0072631835938
29.9140625,952.9339599609375
29.9296875,952.9256591796875
29.9453125,952.9407348632812
29.9609375,952.9537963867188
29.9765625,952.9192504882812
29.9921875,952.9137573242188
30.0078125,952.9085083007812
30.0234375,952.9288940429688
30.0390625,952.88818359375
30.0546875,952.9093017578125
30.0703125,952.9315185546875
30.0859375,952.9046020507812
30.1015625,952.8817138671875
30.1171875,952.9309692382812
30.1328125,952.88037109375
30.1484375,952.8859252929688
30.1640625,952.8939819335938
30.1796875,952.8873901367188
30.1953125,952.9097290039062
30.2109375,952.8991088867188
30.2265625,952.9277954101562
30.2421875,952.8922729492188
30.2578125,952.8787231445312
30.2734375,952.8798828125
30.2890625,952.9139404296875
30.3046875,952.8978881835938
30.3203125,952.9225463867188
30.3359375,952.9161987304688
30.3515625,952.9013061523438
30.3671875,952.9076538085938
30.3828125,952.937255859375
30.3984375,952.8927001953125
30.4140625,952.8800048828125
30.4296875,952.8839721679688
30.4453125,952.8728637695312
30.4609375,952.8449096679688
30.4765625,952.8528442382812
30.4921875,952.85302734375
30.5078125,952.84326171875
30.5234375,952.8500366210938
30.5390625,952.8516235351562
30.5546875,952.842529296875
30.5703125,952.8440551757812
30.5859375,952.8278198242188
30.6015625,952.852294921875
30.6171875,952.8299560546875
30.6328125,952.8234252929688
30.6484375,952.8309936523438
30.6640625,952.8214721679688
30.6796875,952.8190307617188
30.6953125,952.8131713867188
30.7109375,952.8436279296875
30.7265625,952.8373413085938
30.7421875,952.8151245117188
30.7578125,952.825439453125
30.7734375,952.8468017578125
30.7890625,952.8145751953125
30.8046875,952.8273315429688
30.8203125,952.8208618164062
30.8359375,952.8258666992188
30.8515625,952.8145141601562
30.8671875,952.8153076171875
30.8828125,952.8189086914062
30.8984375,952.8167724609375
30.9140625,952.8201904296875
30.9296875,952.8134155273438
30.9453125,952.820068359375
30.9609375,952.8094482421875
30.9765625,952.8276977539062
30.9921875,952.8125
31.0078125,952.8058471679688
31.0234375,952.8119506835938
31.0390625,952.8248901367188
31.0546875,952.8128051757812
31.0703125,952.8131713867188
31.0859375,952.8142700195312
31.1015625,952.807373046875
31.1171875,952.8128051757812
31.1328125,952.8112182617188
31.1484375,952.8070068359375
31.1640625,952.8162841796875
31.1796875,952.8102416992188
31.1953125,952.7902221679688
31.2109375,952.8070068359375
31.2265625,952.8052368164062
31.2421875,952.8195190429688
31.2578125,952.8106689453125
31.2734375,952.8106689453125
31.2890625,952.809814453125
31.3046875,952.8070678710938
31.3203125,952.811279296875
31.3359375,952.8052368164062
31.3515625,952.7899780273438
31.3671875,952.8114624023438
31.3828125,952.8055419921875
31.3984375,952.8106079101562
31.4140625,952.788330078125
31.4296875,952.8095703125
31.4453125,952.812255859375
31.4609375,952.800537109375
31.4765625,952.8010864257812
31.4921875,952.781982421875
31.5078125,952.7915649414062
31.5234375,952.7980346679688
31.5390625,952.7908325195312
