Time (seconds), Duration (seconds),pred_unlabelled,pred_anomaly
0.01000,0.48000,0.98108,0.01892
0.03000,0.48000,0.98673,0.01327
0.05000,0.48000,0.98150,0.01850
0.07000,0.48000,0.98619,0.01381
0.09000,0.48000,0.91455,0.08545
0.11000,0.48000,0.98284,0.01716
0.13000,0.48000,0.96825,0.03175
0.15000,0.48000,0.97404,0.02596
0.17000,0.48000,0.97350,0.02650
0.19000,0.48000,0.99577,0.00423
0.21000,0.48000,0.98198,0.01802
0.23000,0.48000,0.99209,0.00791
0.25000,0.48000,0.98243,0.01757
0.27000,0.48000,0.99241,0.00759
0.29000,0.48000,0.98990,0.01010
0.31000,0.48000,0.99166,0.00834
0.33000,0.48000,0.99120,0.00880
0.35000,0.48000,0.99504,0.00496
0.37000,0.48000,0.98975,0.01025
0.39000,0.48000,0.99395,0.00605
0.41000,0.48000,0.99264,0.00736
0.43000,0.48000,0.99577,0.00423
0.45000,0.48000,0.99561,0.00439
0.47000,0.48000,0.99724,0.00276
0.49000,0.48000,0.99529,0.00471
0.51000,0.48000,0.99453,0.00547
0.53000,0.48000,0.99436,0.00564
0.55000,0.48000,0.99762,0.00238
0.57000,0.48000,0.99613,0.00387
0.59000,0.48000,0.99831,0.00169
0.61000,0.48000,0.99633,0.00367
0.63000,0.48000,0.99753,0.00247
0.65000,0.48000,0.99739,0.00261
0.67000,0.48000,0.99604,0.00396
0.69000,0.48000,0.99778,0.00222
0.71000,0.48000,0.99808,0.00192
0.73000,0.48000,0.99643,0.00357
0.75000,0.48000,0.99796,0.00204
0.77000,0.48000,0.99537,0.00463
0.79000,0.48000,0.99663,0.00337
0.81000,0.48000,0.99531,0.00469
0.83000,0.48000,0.99685,0.00315
0.85000,0.48000,0.99522,0.00478
0.87000,0.48000,0.99911,0.00089
0.89000,0.48000,0.99485,0.00515
0.91000,0.48000,0.99715,0.00285
0.93000,0.48000,0.98765,0.01235
0.95000,0.48000,0.99171,0.00829
0.97000,0.48000,0.99062,0.00938
0.99000,0.48000,0.99305,0.00695
1.01000,0.48000,0.97369,0.02631
1.03000,0.48000,0.99473,0.00527
1.05000,0.48000,0.98468,0.01532
1.07000,0.48000,0.98978,0.01022
1.09000,0.48000,0.98033,0.01967
1.11000,0.48000,0.99057,0.00943
1.13000,0.48000,0.96865,0.03135
1.15000,0.48000,0.99206,0.00794
1.17000,0.48000,0.96935,0.03065
1.19000,0.48000,0.99165,0.00835
1.21000,0.48000,0.98191,0.01809
1.23000,0.48000,0.98841,0.01159
1.25000,0.48000,0.97657,0.02343
1.27000,0.48000,0.98370,0.01630
1.29000,0.48000,0.92444,0.07556
1.31000,0.48000,0.98179,0.01821
1.33000,0.48000,0.96612,0.03388
1.35000,0.48000,0.96536,0.03464
1.37000,0.48000,0.97273,0.02727
1.39000,0.48000,0.99357,0.00643
1.41000,0.48000,0.97686,0.02314
1.43000,0.48000,0.98975,0.01025
1.45000,0.48000,0.97342,0.02658
1.47000,0.48000,0.98904,0.01096
1.49000,0.48000,0.98613,0.01387
1.51000,0.48000,0.98544,0.01456
1.53000,0.48000,0.98472,0.01528
1.55000,0.48000,0.98995,0.01005
1.57000,0.48000,0.98249,0.01751
1.59000,0.48000,0.98892,0.01108
1.61000,0.48000,0.99025,0.00975
1.63000,0.48000,0.98882,0.01118
1.65000,0.48000,0.99177,0.00823
1.67000,0.48000,0.99471,0.00529
1.69000,0.48000,0.98937,0.01063
1.71000,0.48000,0.99013,0.00987
1.73000,0.48000,0.99356,0.00644
1.75000,0.48000,0.99249,0.00751
1.77000,0.48000,0.99288,0.00712
1.79000,0.48000,0.99571,0.00429
1.81000,0.48000,0.99608,0.00392
1.83000,0.48000,0.99675,0.00325
1.85000,0.48000,0.99622,0.00378
1.87000,0.48000,0.99535,0.00465
1.89000,0.48000,0.99794,0.00206
1.91000,0.48000,0.99399,0.00601
1.93000,0.48000,0.99756,0.00244
1.95000,0.48000,0.99507,0.00493
1.97000,0.48000,0.99722,0.00278
1.99000,0.48000,0.99540,0.00460
2.01000,0.48000,0.99697,0.00303
2.03000,0.48000,0.99603,0.00397
2.05000,0.48000,0.99654,0.00346
2.07000,0.48000,0.99639,0.00361
2.09000,0.48000,0.99131,0.00869
2.11000,0.48000,0.99566,0.00434
2.13000,0.48000,0.99572,0.00428
2.15000,0.48000,0.99677,0.00323
2.17000,0.48000,0.99584,0.00416
2.19000,0.48000,0.99371,0.00629
2.21000,0.48000,0.99612,0.00388
2.23000,0.48000,0.99570,0.00430
2.25000,0.48000,0.98797,0.01203
2.27000,0.48000,0.99515,0.00485
2.29000,0.48000,0.99254,0.00746
2.31000,0.48000,0.99365,0.00635
2.33000,0.48000,0.99220,0.00780
2.35000,0.48000,0.99038,0.00962
2.37000,0.48000,0.99426,0.00574
2.39000,0.48000,0.99417,0.00583
2.41000,0.48000,0.99068,0.00932
2.43000,0.48000,0.99308,0.00692
2.45000,0.48000,0.99445,0.00555
2.47000,0.48000,0.98503,0.01497
2.49000,0.48000,0.99662,0.00338
2.51000,0.48000,0.99369,0.00631
2.53000,0.48000,0.99810,0.00190
2.55000,0.48000,0.99362,0.00638
2.57000,0.48000,0.99750,0.00250
2.59000,0.48000,0.99466,0.00534
2.61000,0.48000,0.99661,0.00339
2.63000,0.48000,0.99130,0.00870
2.65000,0.48000,0.99785,0.00215
2.67000,0.48000,0.99307,0.00693
2.69000,0.48000,0.99779,0.00221
2.71000,0.48000,0.98955,0.01045
2.73000,0.48000,0.99740,0.00260
2.75000,0.48000,0.99169,0.00831
2.77000,0.48000,0.99191,0.00809
2.79000,0.48000,0.98347,0.01653
2.81000,0.48000,0.98927,0.01073
2.83000,0.48000,0.97971,0.02029
2.85000,0.48000,0.99530,0.00470
2.87000,0.48000,0.98316,0.01684
2.89000,0.48000,0.99379,0.00621
2.91000,0.48000,0.97915,0.02085
2.93000,0.48000,0.98928,0.01072
2.95000,0.48000,0.97980,0.02020
2.97000,0.48000,0.99160,0.00840
2.99000,0.48000,0.96398,0.03602
3.01000,0.48000,0.98482,0.01518
3.03000,0.48000,0.98076,0.01924
3.05000,0.48000,0.97584,0.02416
3.07000,0.48000,0.96603,0.03397
3.09000,0.48000,0.96350,0.03650
3.11000,0.48000,0.93871,0.06129
3.13000,0.48000,0.95223,0.04777
3.15000,0.48000,0.94352,0.05648
3.17000,0.48000,0.90533,0.09467
3.19000,0.48000,0.94786,0.05214
3.21000,0.48000,0.79301,0.20699
3.23000,0.48000,0.94304,0.05696
3.25000,0.48000,0.83336,0.16664
3.27000,0.48000,0.80988,0.19012
3.29000,0.48000,0.76100,0.23900
3.31000,0.48000,0.85072,0.14928
3.33000,0.48000,0.81708,0.18292
3.35000,0.48000,0.68463,0.31536
3.37000,0.48000,0.61488,0.38512
3.39000,0.48000,0.51648,0.48352
3.41000,0.48000,0.66274,0.33726
3.43000,0.48000,0.52145,0.47855
3.45000,0.48000,0.57154,0.42846
3.47000,0.48000,0.48072,0.51928
3.49000,0.48000,0.87554,0.12446
3.51000,0.48000,0.53589,0.46411
3.53000,0.48000,0.78873,0.21127
3.55000,0.48000,0.44336,0.55664
3.57000,0.48000,0.08734,0.91266
3.59000,0.48000,0.06590,0.93410
3.61000,0.48000,0.01520,0.98480
3.63000,0.48000,0.01503,0.98497
3.65000,0.48000,0.01007,0.98993
3.67000,0.48000,0.02564,0.97436
3.69000,0.48000,0.02459,0.97541
3.71000,0.48000,0.01357,0.98643
3.73000,0.48000,0.00581,0.99419
3.75000,0.48000,0.00906,0.99094
3.77000,0.48000,0.02522,0.97478
3.79000,0.48000,0.01080,0.98920
3.81000,0.48000,0.11192,0.88808
3.83000,0.48000,0.13197,0.86803
3.85000,0.48000,0.25752,0.74248
3.87000,0.48000,0.09830,0.90170
3.89000,0.48000,0.01881,0.98119
3.91000,0.48000,0.02061,0.97939
3.93000,0.48000,0.02344,0.97656
3.95000,0.48000,0.01310,0.98690
3.97000,0.48000,0.00653,0.99347
3.99000,0.48000,0.00133,0.99867
4.01000,0.48000,0.00539,0.99461
4.03000,0.48000,0.00166,0.99834
4.05000,0.48000,0.00327,0.99673
4.07000,0.48000,0.00056,0.99944
4.09000,0.48000,0.00291,0.99709
4.11000,0.48000,0.00063,0.99937
4.13000,0.48000,0.00282,0.99718
4.15000,0.48000,0.00096,0.99904
4.17000,0.48000,0.00754,0.99246
4.19000,0.48000,0.00976,0.99024
4.21000,0.48000,0.01047,0.98953
4.23000,0.48000,0.00205,0.99795
4.25000,0.48000,0.00934,0.99066
4.27000,0.48000,0.00519,0.99481
4.29000,0.48000,0.00928,0.99072
4.31000,0.48000,0.00197,0.99803
4.33000,0.48000,0.00546,0.99454
4.35000,0.48000,0.01032,0.98968
4.37000,0.48000,0.00631,0.99369
4.39000,0.48000,0.02053,0.97947
4.41000,0.48000,0.05165,0.94835
4.43000,0.48000,0.02376,0.97624
4.45000,0.48000,0.00989,0.99011
4.47000,0.48000,0.00200,0.99800
4.49000,0.48000,0.00403,0.99597
4.51000,0.48000,0.00215,0.99785
4.53000,0.48000,0.00244,0.99756
4.55000,0.48000,0.00205,0.99795
4.57000,0.48000,0.00600,0.99400
4.59000,0.48000,0.00592,0.99408
4.61000,0.48000,0.00914,0.99087
4.63000,0.48000,0.00635,0.99365
4.65000,0.48000,0.01119,0.98881
4.67000,0.48000,0.00126,0.99874
4.69000,0.48000,0.00245,0.99755
4.71000,0.48000,0.00126,0.99874
4.73000,0.48000,0.00966,0.99034
4.75000,0.48000,0.00280,0.99720
4.77000,0.48000,0.00893,0.99107
4.79000,0.48000,0.00293,0.99707
4.81000,0.48000,0.02161,0.97839
4.83000,0.48000,0.00493,0.99507
4.85000,0.48000,0.01130,0.98870
4.87000,0.48000,0.00081,0.99919
4.89000,0.48000,0.00623,0.99377
4.91000,0.48000,0.00440,0.99560
4.93000,0.48000,0.00393,0.99607
4.95000,0.48000,0.00292,0.99708
4.97000,0.48000,0.00879,0.99121
4.99000,0.48000,0.01937,0.98063
5.01000,0.48000,0.01169,0.98831
5.03000,0.48000,0.00360,0.99640
5.05000,0.48000,0.00600,0.99400
5.07000,0.48000,0.00392,0.99608
5.09000,0.48000,0.00425,0.99575
5.11000,0.48000,0.00273,0.99727
5.13000,0.48000,0.00487,0.99513
5.15000,0.48000,0.00526,0.99474
5.17000,0.48000,0.00321,0.99679
5.19000,0.48000,0.01343,0.98657
5.21000,0.48000,0.00370,0.99630
5.23000,0.48000,0.00321,0.99679
5.25000,0.48000,0.00303,0.99697
5.27000,0.48000,0.00588,0.99412
5.29000,0.48000,0.00762,0.99238
5.31000,0.48000,0.02145,0.97855
5.33000,0.48000,0.02039,0.97961
5.35000,0.48000,0.00968,0.99032
5.37000,0.48000,0.02631,0.97369
5.39000,0.48000,0.00742,0.99258
5.41000,0.48000,0.01585,0.98415
5.43000,0.48000,0.00275,0.99725
5.45000,0.48000,0.01164,0.98836
5.47000,0.48000,0.00336,0.99664
5.49000,0.48000,0.01301,0.98699
5.51000,0.48000,0.00198,0.99802
5.53000,0.48000,0.01374,0.98626
5.55000,0.48000,0.00394,0.99606
5.57000,0.48000,0.00481,0.99519
5.59000,0.48000,0.00186,0.99814
5.61000,0.48000,0.00704,0.99296
5.63000,0.48000,0.00509,0.99491
5.65000,0.48000,0.01422,0.98578
5.67000,0.48000,0.01196,0.98804
5.69000,0.48000,0.02140,0.97860
5.71000,0.48000,0.02678,0.97322
5.73000,0.48000,0.02713,0.97287
5.75000,0.48000,0.00598,0.99402
5.77000,0.48000,0.00828,0.99172
5.79000,0.48000,0.00708,0.99292
5.81000,0.48000,0.00470,0.99530
5.83000,0.48000,0.01199,0.98801
5.85000,0.48000,0.01001,0.98999
5.87000,0.48000,0.07458,0.92542
5.89000,0.48000,0.02956,0.97044
5.91000,0.48000,0.03812,0.96188
5.93000,0.48000,0.04026,0.95974
5.95000,0.48000,0.05997,0.94003
5.97000,0.48000,0.12373,0.87627
5.99000,0.48000,0.17798,0.82202
6.01000,0.48000,0.20870,0.79130
6.03000,0.48000,0.12737,0.87263
6.05000,0.48000,0.64743,0.35257
6.07000,0.48000,0.51510,0.48490
6.09000,0.48000,0.49791,0.50209
6.11000,0.48000,0.21627,0.78373
6.13000,0.48000,0.40310,0.59690
6.15000,0.48000,0.34348,0.65652
6.17000,0.48000,0.41134,0.58866
6.19000,0.48000,0.62097,0.37903
6.21000,0.48000,0.78370,0.21630
6.23000,0.48000,0.91268,0.08732
6.25000,0.48000,0.97485,0.02515
6.27000,0.48000,0.92332,0.07668
6.29000,0.48000,0.99449,0.00551
6.31000,0.48000,0.97468,0.02532
6.33000,0.48000,0.99073,0.00927
6.35000,0.48000,0.98574,0.01426
6.37000,0.48000,0.98978,0.01022
6.39000,0.48000,0.96530,0.03470
6.41000,0.48000,0.99121,0.00879
6.43000,0.48000,0.94052,0.05948
6.45000,0.48000,0.98615,0.01385
6.47000,0.48000,0.93532,0.06468
6.49000,0.48000,0.99028,0.00972
6.51000,0.48000,0.94592,0.05408
6.53000,0.48000,0.98685,0.01315
6.55000,0.48000,0.90271,0.09729
6.57000,0.48000,0.98713,0.01287
6.59000,0.48000,0.98183,0.01817
6.61000,0.48000,0.99000,0.01000
6.63000,0.48000,0.97845,0.02155
6.65000,0.48000,0.98634,0.01366
6.67000,0.48000,0.98593,0.01407
6.69000,0.48000,0.99336,0.00664
6.71000,0.48000,0.97124,0.02876
6.73000,0.48000,0.97924,0.02076
6.75000,0.48000,0.97115,0.02885
6.77000,0.48000,0.99113,0.00887
6.79000,0.48000,0.94949,0.05051
6.81000,0.48000,0.97830,0.02170
6.83000,0.48000,0.97673,0.02327
6.85000,0.48000,0.99268,0.00732
6.87000,0.48000,0.93160,0.06840
6.89000,0.48000,0.98416,0.01584
6.91000,0.48000,0.97610,0.02390
6.93000,0.48000,0.98519,0.01481
6.95000,0.48000,0.96089,0.03911
6.97000,0.48000,0.97653,0.02347
6.99000,0.48000,0.95519,0.04481
7.01000,0.48000,0.98287,0.01713
7.03000,0.48000,0.93826,0.06174
7.05000,0.48000,0.98197,0.01803
7.07000,0.48000,0.96306,0.03694
7.09000,0.48000,0.97663,0.02337
7.11000,0.48000,0.96735,0.03265
7.13000,0.48000,0.98434,0.01566
7.15000,0.48000,0.98008,0.01992
7.17000,0.48000,0.98947,0.01053
7.19000,0.48000,0.98751,0.01249
7.21000,0.48000,0.98705,0.01295
7.23000,0.48000,0.99147,0.00853
7.25000,0.48000,0.98945,0.01055
7.27000,0.48000,0.99107,0.00893
7.29000,0.48000,0.98559,0.01441
7.31000,0.48000,0.99488,0.00512
7.33000,0.48000,0.99081,0.00919
7.35000,0.48000,0.98839,0.01161
7.37000,0.48000,0.98055,0.01945
7.39000,0.48000,0.98980,0.01020
7.41000,0.48000,0.97508,0.02492
7.43000,0.48000,0.99154,0.00846
7.45000,0.48000,0.98754,0.01246
7.47000,0.48000,0.98641,0.01359
7.49000,0.48000,0.98821,0.01179
7.51000,0.48000,0.99085,0.00915
7.53000,0.48000,0.98179,0.01821
7.55000,0.48000,0.99722,0.00278
7.57000,0.48000,0.99556,0.00444
7.59000,0.48000,0.99699,0.00301
7.61000,0.48000,0.99177,0.00823
7.63000,0.48000,0.99489,0.00511
7.65000,0.48000,0.99612,0.00388
7.67000,0.48000,0.99692,0.00308
7.69000,0.48000,0.99159,0.00841
7.71000,0.48000,0.99534,0.00466
7.73000,0.48000,0.99682,0.00318
7.75000,0.48000,0.99529,0.00471
7.77000,0.48000,0.99721,0.00279
7.79000,0.48000,0.99576,0.00424
7.81000,0.48000,0.99837,0.00163
7.83000,0.48000,0.99749,0.00251
7.85000,0.48000,0.99763,0.00237
7.87000,0.48000,0.99619,0.00381
7.89000,0.48000,0.99754,0.00246
7.91000,0.48000,0.99351,0.00649
7.93000,0.48000,0.99537,0.00463
7.95000,0.48000,0.98970,0.01030
7.97000,0.48000,0.98494,0.01506
7.99000,0.48000,0.98509,0.01491
8.01000,0.48000,0.98554,0.01446
8.03000,0.48000,0.98686,0.01314
8.05000,0.48000,0.98816,0.01184
8.07000,0.48000,0.98187,0.01813
8.09000,0.48000,0.98695,0.01305
8.11000,0.48000,0.99182,0.00818
8.13000,0.48000,0.98590,0.01410
8.15000,0.48000,0.98281,0.01719
8.17000,0.48000,0.98494,0.01506
8.19000,0.48000,0.97642,0.02358
8.21000,0.48000,0.95728,0.04272
8.23000,0.48000,0.98434,0.01566
8.25000,0.48000,0.96905,0.03095
8.27000,0.48000,0.99075,0.00925
8.29000,0.48000,0.98550,0.01450
8.31000,0.48000,0.98875,0.01125
8.33000,0.48000,0.98966,0.01034
8.35000,0.48000,0.99217,0.00783
8.37000,0.48000,0.98564,0.01436
8.39000,0.48000,0.98680,0.01320
8.41000,0.48000,0.99293,0.00707
8.43000,0.48000,0.99259,0.00741
8.45000,0.48000,0.99488,0.00512
8.47000,0.48000,0.99489,0.00511
8.49000,0.48000,0.99566,0.00434
8.51000,0.48000,0.99557,0.00443
8.53000,0.48000,0.99613,0.00387
8.55000,0.48000,0.99432,0.00568
8.57000,0.48000,0.99557,0.00443
8.59000,0.48000,0.98831,0.01169
8.61000,0.48000,0.99173,0.00827
8.63000,0.48000,0.99028,0.00972
8.65000,0.48000,0.98315,0.01685
8.67000,0.48000,0.99144,0.00856
8.69000,0.48000,0.98565,0.01435
8.71000,0.48000,0.98898,0.01102
8.73000,0.48000,0.98835,0.01165
8.75000,0.48000,0.99189,0.00811
8.77000,0.48000,0.96543,0.03457
8.79000,0.48000,0.98814,0.01186
8.81000,0.48000,0.95924,0.04076
8.83000,0.48000,0.98563,0.01437
8.85000,0.48000,0.97137,0.02863
8.87000,0.48000,0.98820,0.01180
8.89000,0.48000,0.98042,0.01958
8.91000,0.48000,0.99265,0.00735
8.93000,0.48000,0.95557,0.04443
8.95000,0.48000,0.99112,0.00888
8.97000,0.48000,0.98479,0.01521
8.99000,0.48000,0.98952,0.01048
9.01000,0.48000,0.98226,0.01774
9.03000,0.48000,0.99328,0.00672
9.05000,0.48000,0.98449,0.01551
9.07000,0.48000,0.99416,0.00584
9.09000,0.48000,0.98791,0.01209
9.11000,0.48000,0.99085,0.00915
9.13000,0.48000,0.99337,0.00663
9.15000,0.48000,0.99564,0.00436
9.17000,0.48000,0.98720,0.01280
9.19000,0.48000,0.99262,0.00738
9.21000,0.48000,0.99674,0.00326
9.23000,0.48000,0.99660,0.00340
9.25000,0.48000,0.99533,0.00467
9.27000,0.48000,0.99673,0.00327
9.29000,0.48000,0.99630,0.00370
9.31000,0.48000,0.99799,0.00201
9.33000,0.48000,0.99586,0.00414
9.35000,0.48000,0.99321,0.00679
9.37000,0.48000,0.99804,0.00196
9.39000,0.48000,0.99521,0.00479
9.41000,0.48000,0.99736,0.00264
9.43000,0.48000,0.99548,0.00452
9.45000,0.48000,0.99612,0.00388
9.47000,0.48000,0.99510,0.00490
9.49000,0.48000,0.99699,0.00301
9.51000,0.48000,0.99252,0.00748
9.53000,0.48000,0.99601,0.00399
9.55000,0.48000,0.99594,0.00406
9.57000,0.48000,0.99204,0.00796
9.59000,0.48000,0.99624,0.00376
9.61000,0.48000,0.96644,0.03356
9.63000,0.48000,0.87586,0.12414
9.65000,0.48000,0.91641,0.08359
9.67000,0.48000,0.82529,0.17471
9.69000,0.48000,0.89979,0.10021
9.71000,0.48000,0.69057,0.30943
9.73000,0.48000,0.47473,0.52527
9.75000,0.48000,0.08347,0.91653
9.77000,0.48000,0.70821,0.29179
9.79000,0.48000,0.04089,0.95911
9.81000,0.48000,0.07525,0.92475
9.83000,0.48000,0.02840,0.97160
9.85000,0.48000,0.10405,0.89595
9.87000,0.48000,0.00931,0.99069
9.89000,0.48000,0.01110,0.98890
9.91000,0.48000,0.02748,0.97252
9.93000,0.48000,0.01246,0.98754
9.95000,0.48000,0.00144,0.99856
9.97000,0.48000,0.00532,0.99468
9.99000,0.48000,0.00096,0.99904
10.01000,0.48000,0.00216,0.99784
10.03000,0.48000,0.00009,0.99991
10.05000,0.48000,0.00043,0.99957
10.07000,0.48000,0.00150,0.99850
10.09000,0.48000,0.00100,0.99900
10.11000,0.48000,0.00100,0.99900
10.13000,0.48000,0.00039,0.99961
10.15000,0.48000,0.00299,0.99701
10.17000,0.48000,0.00299,0.99701
10.19000,0.48000,0.01753,0.98247
10.21000,0.48000,0.01718,0.98282
10.23000,0.48000,0.01440,0.98560
10.25000,0.48000,0.00134,0.99866
10.27000,0.48000,0.00660,0.99340
10.29000,0.48000,0.00138,0.99862
10.31000,0.48000,0.00113,0.99887
10.33000,0.48000,0.00039,0.99961
10.35000,0.48000,0.00231,0.99769
10.37000,0.48000,0.00159,0.99841
10.39000,0.48000,0.00294,0.99706
10.41000,0.48000,0.00078,0.99922
10.43000,0.48000,0.00386,0.99614
10.45000,0.48000,0.00549,0.99451
10.47000,0.48000,0.00151,0.99849
10.49000,0.48000,0.00209,0.99791
10.51000,0.48000,0.00148,0.99852
10.53000,0.48000,0.00434,0.99566
10.55000,0.48000,0.00173,0.99827
10.57000,0.48000,0.00969,0.99031
10.59000,0.48000,0.00314,0.99686
10.61000,0.48000,0.00838,0.99162
10.63000,0.48000,0.00813,0.99187
10.65000,0.48000,0.01346,0.98654
10.67000,0.48000,0.00281,0.99719
10.69000,0.48000,0.01895,0.98105
10.71000,0.48000,0.00378,0.99622
10.73000,0.48000,0.00922,0.99078
10.75000,0.48000,0.00386,0.99614
10.77000,0.48000,0.00516,0.99484
10.79000,0.48000,0.00238,0.99762
10.81000,0.48000,0.00768,0.99232
10.83000,0.48000,0.00406,0.99594
10.85000,0.48000,0.00615,0.99385
10.87000,0.48000,0.00215,0.99785
10.89000,0.48000,0.00373,0.99627
10.91000,0.48000,0.00318,0.99682
10.93000,0.48000,0.00430,0.99570
10.95000,0.48000,0.00497,0.99503
10.97000,0.48000,0.00131,0.99869
10.99000,0.48000,0.00567,0.99433
11.01000,0.48000,0.00343,0.99657
11.03000,0.48000,0.01033,0.98967
11.05000,0.48000,0.00659,0.99341
11.07000,0.48000,0.01231,0.98769
11.09000,0.48000,0.00326,0.99674
11.11000,0.48000,0.00629,0.99371
11.13000,0.48000,0.00437,0.99563
11.15000,0.48000,0.02017,0.97983
11.17000,0.48000,0.00816,0.99184
11.19000,0.48000,0.01622,0.98378
11.21000,0.48000,0.00686,0.99314
11.23000,0.48000,0.04496,0.95504
11.25000,0.48000,0.00988,0.99012
11.27000,0.48000,0.01062,0.98938
11.29000,0.48000,0.00486,0.99514
11.31000,0.48000,0.00944,0.99056
11.33000,0.48000,0.00649,0.99351
11.35000,0.48000,0.00582,0.99418
11.37000,0.48000,0.00921,0.99079
11.39000,0.48000,0.01116,0.98884
11.41000,0.48000,0.00811,0.99189
11.43000,0.48000,0.01400,0.98600
11.45000,0.48000,0.01506,0.98494
11.47000,0.48000,0.02172,0.97828
11.49000,0.48000,0.02431,0.97569
11.51000,0.48000,0.00962,0.99038
11.53000,0.48000,0.00809,0.99191
11.55000,0.48000,0.01124,0.98876
11.57000,0.48000,0.00948,0.99052
11.59000,0.48000,0.01442,0.98558
11.61000,0.48000,0.02909,0.97091
11.63000,0.48000,0.02100,0.97900
11.65000,0.48000,0.03104,0.96896
11.67000,0.48000,0.00542,0.99458
11.69000,0.48000,0.00610,0.99390
11.71000,0.48000,0.00282,0.99718
11.73000,0.48000,0.00512,0.99488
11.75000,0.48000,0.00657,0.99343
11.77000,0.48000,0.00591,0.99409
11.79000,0.48000,0.01179,0.98821
11.81000,0.48000,0.01547,0.98453
11.83000,0.48000,0.06534,0.93466
11.85000,0.48000,0.14696,0.85304
11.87000,0.48000,0.03994,0.96006
11.89000,0.48000,0.14083,0.85917
11.91000,0.48000,0.05729,0.94271
11.93000,0.48000,0.03360,0.96640
11.95000,0.48000,0.02913,0.97087
11.97000,0.48000,0.03856,0.96144
11.99000,0.48000,0.01477,0.98523
12.01000,0.48000,0.03328,0.96672
12.03000,0.48000,0.03041,0.96959
12.05000,0.48000,0.00825,0.99175
12.07000,0.48000,0.00915,0.99085
12.09000,0.48000,0.00888,0.99112
12.11000,0.48000,0.01212,0.98788
12.13000,0.48000,0.00402,0.99598
12.15000,0.48000,0.00943,0.99057
12.17000,0.48000,0.00781,0.99219
12.19000,0.48000,0.02705,0.97295
12.21000,0.48000,0.03009,0.96991
12.23000,0.48000,0.05065,0.94935
12.25000,0.48000,0.02020,0.97980
12.27000,0.48000,0.00995,0.99005
12.29000,0.48000,0.01047,0.98953
12.31000,0.48000,0.03818,0.96182
12.33000,0.48000,0.00445,0.99555
12.35000,0.48000,0.00702,0.99298
12.37000,0.48000,0.00372,0.99628
12.39000,0.48000,0.00381,0.99619
12.41000,0.48000,0.00221,0.99779
12.43000,0.48000,0.00183,0.99817
12.45000,0.48000,0.00329,0.99671
12.47000,0.48000,0.00092,0.99908
12.49000,0.48000,0.00274,0.99726
12.51000,0.48000,0.00196,0.99804
12.53000,0.48000,0.00315,0.99685
12.55000,0.48000,0.00104,0.99896
12.57000,0.48000,0.00595,0.99405
12.59000,0.48000,0.00252,0.99748
12.61000,0.48000,0.00255,0.99745
12.63000,0.48000,0.00577,0.99423
12.65000,0.48000,0.00273,0.99727
12.67000,0.48000,0.00230,0.99770
12.69000,0.48000,0.00354,0.99646
12.71000,0.48000,0.00235,0.99765
12.73000,0.48000,0.00422,0.99578
12.75000,0.48000,0.00120,0.99880
12.77000,0.48000,0.00483,0.99517
12.79000,0.48000,0.00122,0.99878
12.81000,0.48000,0.00453,0.99547
12.83000,0.48000,0.00312,0.99688
12.85000,0.48000,0.01423,0.98577
12.87000,0.48000,0.00480,0.99520
12.89000,0.48000,0.00770,0.99230
12.91000,0.48000,0.00277,0.99723
12.93000,0.48000,0.00198,0.99802
12.95000,0.48000,0.00130,0.99870
12.97000,0.48000,0.00123,0.99877
12.99000,0.48000,0.00237,0.99763
13.01000,0.48000,0.00252,0.99748
13.03000,0.48000,0.00103,0.99897
13.05000,0.48000,0.00082,0.99918
13.07000,0.48000,0.00119,0.99881
13.09000,0.48000,0.00115,0.99885
13.11000,0.48000,0.00143,0.99857
13.13000,0.48000,0.00119,0.99881
13.15000,0.48000,0.00206,0.99794
13.17000,0.48000,0.00173,0.99827
13.19000,0.48000,0.00114,0.99886
13.21000,0.48000,0.00174,0.99826
13.23000,0.48000,0.00248,0.99752
13.25000,0.48000,0.00297,0.99703
13.27000,0.48000,0.00463,0.99537
13.29000,0.48000,0.00653,0.99347
13.31000,0.48000,0.00125,0.99875
13.33000,0.48000,0.00415,0.99585
13.35000,0.48000,0.00235,0.99765
13.37000,0.48000,0.01036,0.98964
13.39000,0.48000,0.00212,0.99788
13.41000,0.48000,0.01016,0.98984
13.43000,0.48000,0.00267,0.99733
13.45000,0.48000,0.01107,0.98893
13.47000,0.48000,0.00526,0.99474
13.49000,0.48000,0.01064,0.98936
13.51000,0.48000,0.00282,0.99718
13.53000,0.48000,0.00692,0.99308
13.55000,0.48000,0.00473,0.99527
13.57000,0.48000,0.00758,0.99242
13.59000,0.48000,0.00359,0.99641
13.61000,0.48000,0.00256,0.99744
13.63000,0.48000,0.00453,0.99547
13.65000,0.48000,0.00594,0.99406
13.67000,0.48000,0.00322,0.99678
13.69000,0.48000,0.00295,0.99705
13.71000,0.48000,0.00241,0.99759
13.73000,0.48000,0.00561,0.99439
13.75000,0.48000,0.00142,0.99858
13.77000,0.48000,0.00282,0.99718
13.79000,0.48000,0.00236,0.99764
13.81000,0.48000,0.00463,0.99537
13.83000,0.48000,0.00067,0.99933
13.85000,0.48000,0.00202,0.99798
13.87000,0.48000,0.00072,0.99928
13.89000,0.48000,0.00392,0.99608
13.91000,0.48000,0.00038,0.99962
13.93000,0.48000,0.00194,0.99806
13.95000,0.48000,0.00025,0.99975
13.97000,0.48000,0.00128,0.99872
13.99000,0.48000,0.00025,0.99975
14.01000,0.48000,0.00113,0.99887
14.03000,0.48000,0.00036,0.99964
14.05000,0.48000,0.00112,0.99888
14.07000,0.48000,0.00024,0.99976
14.09000,0.48000,0.00138,0.99862
14.11000,0.48000,0.00034,0.99966
14.13000,0.48000,0.00093,0.99907
14.15000,0.48000,0.00021,0.99979
14.17000,0.48000,0.00051,0.99949
14.19000,0.48000,0.00031,0.99969
14.21000,0.48000,0.00082,0.99918
14.23000,0.48000,0.00107,0.99893
14.25000,0.48000,0.00119,0.99881
14.27000,0.48000,0.00066,0.99934
14.29000,0.48000,0.00045,0.99955
14.31000,0.48000,0.00160,0.99840
14.33000,0.48000,0.00034,0.99966
14.35000,0.48000,0.00241,0.99759
14.37000,0.48000,0.00019,0.99981
14.39000,0.48000,0.00165,0.99835
14.41000,0.48000,0.00054,0.99946
14.43000,0.48000,0.00172,0.99828
14.45000,0.48000,0.00110,0.99890
14.47000,0.48000,0.00365,0.99635
14.49000,0.48000,0.00058,0.99942
14.51000,0.48000,0.00394,0.99606
14.53000,0.48000,0.00680,0.99320
14.55000,0.48000,0.01125,0.98875
14.57000,0.48000,0.00500,0.99500
14.59000,0.48000,0.02115,0.97885
14.61000,0.48000,0.04322,0.95678
14.63000,0.48000,0.12522,0.87478
14.65000,0.48000,0.02338,0.97662
14.67000,0.48000,0.04526,0.95474
14.69000,0.48000,0.11615,0.88385
14.71000,0.48000,0.15585,0.84415
14.73000,0.48000,0.17656,0.82344
14.75000,0.48000,0.27412,0.72588
14.77000,0.48000,0.43818,0.56182
14.79000,0.48000,0.28270,0.71730
14.81000,0.48000,0.61602,0.38398
14.83000,0.48000,0.19328,0.80672
14.85000,0.48000,0.63122,0.36878
14.87000,0.48000,0.80221,0.19779
14.89000,0.48000,0.98088,0.01912
14.91000,0.48000,0.79872,0.20128
14.93000,0.48000,0.99196,0.00804
14.95000,0.48000,0.83382,0.16618
14.97000,0.48000,0.96860,0.03140
14.99000,0.48000,0.74321,0.25679
15.01000,0.48000,0.98121,0.01879
15.03000,0.48000,0.83082,0.16918
15.05000,0.48000,0.98010,0.01990
15.07000,0.48000,0.75067,0.24933
15.09000,0.48000,0.96622,0.03378
15.11000,0.48000,0.95386,0.04614
15.13000,0.48000,0.97872,0.02128
15.15000,0.48000,0.85506,0.14494
15.17000,0.48000,0.95651,0.04349
15.19000,0.48000,0.92384,0.07616
15.21000,0.48000,0.85786,0.14214
15.23000,0.48000,0.83551,0.16449
15.25000,0.48000,0.86838,0.13162
15.27000,0.48000,0.91553,0.08447
15.29000,0.48000,0.82343,0.17657
15.31000,0.48000,0.91469,0.08531
15.33000,0.48000,0.72681,0.27319
15.35000,0.48000,0.96962,0.03038
15.37000,0.48000,0.88640,0.11360
15.39000,0.48000,0.97413,0.02587
15.41000,0.48000,0.78207,0.21793
15.43000,0.48000,0.97795,0.02205
15.45000,0.48000,0.89843,0.10157
15.47000,0.48000,0.95566,0.04434
15.49000,0.48000,0.71176,0.28824
15.51000,0.48000,0.93748,0.06252
15.53000,0.48000,0.86963,0.13037
15.55000,0.48000,0.96519,0.03481
15.57000,0.48000,0.93370,0.06630
15.59000,0.48000,0.97343,0.02657
15.61000,0.48000,0.95615,0.04385
15.63000,0.48000,0.93107,0.06893
15.65000,0.48000,0.96595,0.03405
15.67000,0.48000,0.95310,0.04690
15.69000,0.48000,0.95583,0.04417
15.71000,0.48000,0.95431,0.04569
15.73000,0.48000,0.97362,0.02638
15.75000,0.48000,0.94334,0.05666
15.77000,0.48000,0.97343,0.02657
15.79000,0.48000,0.97172,0.02828
15.81000,0.48000,0.99079,0.00921
15.83000,0.48000,0.98895,0.01105
15.85000,0.48000,0.98475,0.01525
15.87000,0.48000,0.97165,0.02835
15.89000,0.48000,0.98946,0.01054
15.91000,0.48000,0.99504,0.00496
15.93000,0.48000,0.98182,0.01818
15.95000,0.48000,0.98741,0.01259
15.97000,0.48000,0.98655,0.01345
15.99000,0.48000,0.99173,0.00827
16.01000,0.48000,0.98338,0.01662
16.03000,0.48000,0.99176,0.00824
16.05000,0.48000,0.98910,0.01090
16.07000,0.48000,0.99673,0.00327
16.09000,0.48000,0.99353,0.00647
16.11000,0.48000,0.99141,0.00859
16.13000,0.48000,0.99189,0.00811
16.15000,0.48000,0.99490,0.00510
16.17000,0.48000,0.99254,0.00746
16.19000,0.48000,0.99605,0.00395
16.21000,0.48000,0.99426,0.00574
16.23000,0.48000,0.99660,0.00340
16.25000,0.48000,0.99281,0.00719
16.27000,0.48000,0.99454,0.00546
16.29000,0.48000,0.99187,0.00813
16.31000,0.48000,0.99641,0.00359
16.33000,0.48000,0.99036,0.00964
16.35000,0.48000,0.99509,0.00491
16.37000,0.48000,0.99587,0.00413
16.39000,0.48000,0.99659,0.00341
16.41000,0.48000,0.99661,0.00339
16.43000,0.48000,0.99631,0.00369
16.45000,0.48000,0.99109,0.00891
16.47000,0.48000,0.99710,0.00290
16.49000,0.48000,0.99038,0.00962
16.51000,0.48000,0.99545,0.00455
16.53000,0.48000,0.99577,0.00423
16.55000,0.48000,0.99658,0.00342
16.57000,0.48000,0.99283,0.00717
16.59000,0.48000,0.99229,0.00771
16.61000,0.48000,0.98658,0.01342
16.63000,0.48000,0.99515,0.00485
16.65000,0.48000,0.98933,0.01067
16.67000,0.48000,0.99545,0.00455
16.69000,0.48000,0.99266,0.00734
16.71000,0.48000,0.99115,0.00885
16.73000,0.48000,0.98446,0.01554
16.75000,0.48000,0.99420,0.00580
16.77000,0.48000,0.96528,0.03472
16.79000,0.48000,0.97663,0.02337
16.81000,0.48000,0.98007,0.01993
16.83000,0.48000,0.97164,0.02836
16.85000,0.48000,0.96934,0.03066
16.87000,0.48000,0.97766,0.02234
16.89000,0.48000,0.97899,0.02101
16.91000,0.48000,0.98600,0.01400
16.93000,0.48000,0.98816,0.01184
16.95000,0.48000,0.98907,0.01093
16.97000,0.48000,0.98682,0.01318
16.99000,0.48000,0.98009,0.01991
17.01000,0.48000,0.98267,0.01733
17.03000,0.48000,0.98942,0.01058
17.05000,0.48000,0.98256,0.01744
17.07000,0.48000,0.99023,0.00977
17.09000,0.48000,0.98511,0.01489
17.11000,0.48000,0.99340,0.00660
17.13000,0.48000,0.97818,0.02182
17.15000,0.48000,0.98817,0.01183
17.17000,0.48000,0.96630,0.03370
17.19000,0.48000,0.98860,0.01140
17.21000,0.48000,0.99195,0.00805
17.23000,0.48000,0.99574,0.00426
17.25000,0.48000,0.99166,0.00834
17.27000,0.48000,0.99568,0.00432
17.29000,0.48000,0.99501,0.00499
17.31000,0.48000,0.99214,0.00786
17.33000,0.48000,0.99080,0.00920
17.35000,0.48000,0.99306,0.00694
17.37000,0.48000,0.97822,0.02178
17.39000,0.48000,0.99456,0.00544
17.41000,0.48000,0.99044,0.00956
17.43000,0.48000,0.98467,0.01533
17.45000,0.48000,0.98068,0.01932
17.47000,0.48000,0.98519,0.01481
17.49000,0.48000,0.97171,0.02829
17.51000,0.48000,0.98465,0.01535
17.53000,0.48000,0.96830,0.03170
17.55000,0.48000,0.98083,0.01917
17.57000,0.48000,0.97738,0.02262
17.59000,0.48000,0.98666,0.01334
17.61000,0.48000,0.98385,0.01615
17.63000,0.48000,0.98577,0.01423
17.65000,0.48000,0.95808,0.04192
17.67000,0.48000,0.98925,0.01075
17.69000,0.48000,0.98064,0.01936
17.71000,0.48000,0.98832,0.01168
17.73000,0.48000,0.96686,0.03314
17.75000,0.48000,0.99738,0.00262
17.77000,0.48000,0.98598,0.01402
17.79000,0.48000,0.99532,0.00468
17.81000,0.48000,0.97936,0.02064
17.83000,0.48000,0.99583,0.00417
17.85000,0.48000,0.99205,0.00795
17.87000,0.48000,0.99742,0.00258
17.89000,0.48000,0.98887,0.01113
17.91000,0.48000,0.99718,0.00282
17.93000,0.48000,0.99121,0.00879
17.95000,0.48000,0.99585,0.00415
17.97000,0.48000,0.98978,0.01022
17.99000,0.48000,0.99380,0.00620
18.01000,0.48000,0.99548,0.00452
18.03000,0.48000,0.99777,0.00223
18.05000,0.48000,0.99515,0.00485
18.07000,0.48000,0.99584,0.00416
18.09000,0.48000,0.99372,0.00628
18.11000,0.48000,0.99380,0.00620
18.13000,0.48000,0.99236,0.00764
18.15000,0.48000,0.99338,0.00662
18.17000,0.48000,0.99489,0.00511
18.19000,0.48000,0.99367,0.00633
18.21000,0.48000,0.99416,0.00584
18.23000,0.48000,0.99357,0.00643
18.25000,0.48000,0.99405,0.00595
18.27000,0.48000,0.99141,0.00859
18.29000,0.48000,0.98339,0.01661
18.31000,0.48000,0.99005,0.00995
18.33000,0.48000,0.99554,0.00446
18.35000,0.48000,0.99242,0.00758
18.37000,0.48000,0.99201,0.00799
18.39000,0.48000,0.99381,0.00619
18.41000,0.48000,0.99325,0.00675
18.43000,0.48000,0.99144,0.00856
18.45000,0.48000,0.98256,0.01744
18.47000,0.48000,0.99242,0.00758
18.49000,0.48000,0.98261,0.01739
18.51000,0.48000,0.99238,0.00762
18.53000,0.48000,0.98512,0.01488
18.55000,0.48000,0.99023,0.00977
18.57000,0.48000,0.98256,0.01744
18.59000,0.48000,0.99220,0.00780
18.61000,0.48000,0.98919,0.01080
18.63000,0.48000,0.99299,0.00701
18.65000,0.48000,0.98715,0.01285
18.67000,0.48000,0.98882,0.01118
18.69000,0.48000,0.98853,0.01147
18.71000,0.48000,0.99357,0.00643
18.73000,0.48000,0.98899,0.01101
18.75000,0.48000,0.99637,0.00363
18.77000,0.48000,0.98955,0.01045
18.79000,0.48000,0.99012,0.00988
18.81000,0.48000,0.99420,0.00580
18.83000,0.48000,0.99220,0.00780
18.85000,0.48000,0.99347,0.00653
18.87000,0.48000,0.99602,0.00398
18.89000,0.48000,0.99067,0.00933
18.91000,0.48000,0.99690,0.00310
18.93000,0.48000,0.99580,0.00420
18.95000,0.48000,0.99635,0.00365
18.97000,0.48000,0.99784,0.00216
18.99000,0.48000,0.99508,0.00492
19.01000,0.48000,0.99833,0.00167
19.03000,0.48000,0.99712,0.00288
19.05000,0.48000,0.99408,0.00592
19.07000,0.48000,0.99717,0.00283
19.09000,0.48000,0.99360,0.00640
19.11000,0.48000,0.99661,0.00339
19.13000,0.48000,0.99641,0.00359
19.15000,0.48000,0.99401,0.00599
19.17000,0.48000,0.99251,0.00749
19.19000,0.48000,0.99517,0.00483
19.21000,0.48000,0.98861,0.01139
19.23000,0.48000,0.99746,0.00254
19.25000,0.48000,0.98359,0.01641
19.27000,0.48000,0.99194,0.00806
19.29000,0.48000,0.97902,0.02098
19.31000,0.48000,0.97273,0.02727
19.33000,0.48000,0.97748,0.02252
19.35000,0.48000,0.96045,0.03955
19.37000,0.48000,0.97121,0.02879
19.39000,0.48000,0.97557,0.02443
19.41000,0.48000,0.96649,0.03351
19.43000,0.48000,0.98257,0.01743
19.45000,0.48000,0.96170,0.03830
19.47000,0.48000,0.96946,0.03054
19.49000,0.48000,0.95468,0.04532
19.51000,0.48000,0.93927,0.06073
19.53000,0.48000,0.97480,0.02520
19.55000,0.48000,0.96615,0.03385
19.57000,0.48000,0.94525,0.05475
19.59000,0.48000,0.96619,0.03381
19.61000,0.48000,0.94806,0.05194
19.63000,0.48000,0.97904,0.02096
19.65000,0.48000,0.93404,0.06596
19.67000,0.48000,0.93923,0.06077
19.69000,0.48000,0.96310,0.03690
19.71000,0.48000,0.98133,0.01867
19.73000,0.48000,0.97260,0.02740
19.75000,0.48000,0.98538,0.01462
19.77000,0.48000,0.96506,0.03494
19.79000,0.48000,0.99640,0.00360
19.81000,0.48000,0.95350,0.04650
19.83000,0.48000,0.95773,0.04227
19.85000,0.48000,0.88296,0.11704
19.87000,0.48000,0.89301,0.10699
19.89000,0.48000,0.87785,0.12215
19.91000,0.48000,0.75660,0.24340
19.93000,0.48000,0.86990,0.13010
19.95000,0.48000,0.79115,0.20885
19.97000,0.48000,0.80754,0.19246
19.99000,0.48000,0.54564,0.45436
20.01000,0.48000,0.85468,0.14532
20.03000,0.48000,0.55787,0.44213
20.05000,0.48000,0.69722,0.30278
20.07000,0.48000,0.26435,0.73565
20.09000,0.48000,0.62778,0.37222
20.11000,0.48000,0.22004,0.77996
20.13000,0.48000,0.16338,0.83662
20.15000,0.48000,0.04883,0.95117
20.17000,0.48000,0.22949,0.77051
20.19000,0.48000,0.02001,0.97999
20.21000,0.48000,0.01929,0.98071
20.23000,0.48000,0.00129,0.99871
20.25000,0.48000,0.00851,0.99149
20.27000,0.48000,0.00084,0.99916
20.29000,0.48000,0.00984,0.99016
20.31000,0.48000,0.00138,0.99862
20.33000,0.48000,0.01010,0.98990
20.35000,0.48000,0.00131,0.99869
20.37000,0.48000,0.01471,0.98529
20.39000,0.48000,0.00317,0.99683
20.41000,0.48000,0.01230,0.98770
20.43000,0.48000,0.00638,0.99362
20.45000,0.48000,0.02233,0.97767
20.47000,0.48000,0.00624,0.99376
20.49000,0.48000,0.01096,0.98904
20.51000,0.48000,0.00210,0.99790
20.53000,0.48000,0.02121,0.97879
20.55000,0.48000,0.00223,0.99777
20.57000,0.48000,0.01180,0.98820
20.59000,0.48000,0.00188,0.99812
20.61000,0.48000,0.00993,0.99007
20.63000,0.48000,0.00261,0.99739
20.65000,0.48000,0.00435,0.99565
20.67000,0.48000,0.00344,0.99656
20.69000,0.48000,0.00419,0.99581
20.71000,0.48000,0.00349,0.99651
20.73000,0.48000,0.00223,0.99777
20.75000,0.48000,0.00173,0.99827
20.77000,0.48000,0.00425,0.99575
20.79000,0.48000,0.00232,0.99768
20.81000,0.48000,0.00157,0.99843
20.83000,0.48000,0.00296,0.99704
20.85000,0.48000,0.00355,0.99645
20.87000,0.48000,0.00347,0.99653
20.89000,0.48000,0.00269,0.99731
20.91000,0.48000,0.00430,0.99570
20.93000,0.48000,0.00368,0.99632
20.95000,0.48000,0.00479,0.99521
20.97000,0.48000,0.00384,0.99616
20.99000,0.48000,0.00730,0.99270
21.01000,0.48000,0.00297,0.99703
21.03000,0.48000,0.00574,0.99426
21.05000,0.48000,0.00337,0.99663
21.07000,0.48000,0.01354,0.98646
21.09000,0.48000,0.00584,0.99416
21.11000,0.48000,0.01399,0.98601
21.13000,0.48000,0.00909,0.99091
21.15000,0.48000,0.02880,0.97120
21.17000,0.48000,0.00299,0.99701
21.19000,0.48000,0.00620,0.99380
21.21000,0.48000,0.00492,0.99508
21.23000,0.48000,0.00513,0.99487
21.25000,0.48000,0.00339,0.99661
21.27000,0.48000,0.00346,0.99654
21.29000,0.48000,0.00147,0.99853
21.31000,0.48000,0.00212,0.99788
21.33000,0.48000,0.00130,0.99870
21.35000,0.48000,0.00718,0.99282
21.37000,0.48000,0.00092,0.99908
21.39000,0.48000,0.00111,0.99889
21.41000,0.48000,0.00144,0.99856
21.43000,0.48000,0.00111,0.99889
21.45000,0.48000,0.00214,0.99786
21.47000,0.48000,0.00034,0.99966
21.49000,0.48000,0.00594,0.99406
21.51000,0.48000,0.00032,0.99968
21.53000,0.48000,0.00337,0.99663
21.55000,0.48000,0.00145,0.99855
21.57000,0.48000,0.00317,0.99683
21.59000,0.48000,0.00041,0.99959
21.61000,0.48000,0.00101,0.99899
21.63000,0.48000,0.00098,0.99902
21.65000,0.48000,0.00285,0.99715
21.67000,0.48000,0.00120,0.99880
21.69000,0.48000,0.00276,0.99724
21.71000,0.48000,0.00192,0.99808
21.73000,0.48000,0.00225,0.99775
21.75000,0.48000,0.00127,0.99873
21.77000,0.48000,0.00334,0.99666
21.79000,0.48000,0.00422,0.99578
21.81000,0.48000,0.00297,0.99703
21.83000,0.48000,0.00188,0.99812
21.85000,0.48000,0.00533,0.99467
21.87000,0.48000,0.00160,0.99840
21.89000,0.48000,0.00568,0.99432
21.91000,0.48000,0.00382,0.99618
21.93000,0.48000,0.00432,0.99568
21.95000,0.48000,0.00453,0.99547
21.97000,0.48000,0.00685,0.99315
21.99000,0.48000,0.00471,0.99529
22.01000,0.48000,0.00260,0.99740
22.03000,0.48000,0.00583,0.99417
22.05000,0.48000,0.00320,0.99680
22.07000,0.48000,0.00650,0.99350
22.09000,0.48000,0.00532,0.99468
22.11000,0.48000,0.01186,0.98814
22.13000,0.48000,0.00930,0.99070
22.15000,0.48000,0.00768,0.99232
22.17000,0.48000,0.00087,0.99913
22.19000,0.48000,0.00186,0.99814
22.21000,0.48000,0.00159,0.99841
22.23000,0.48000,0.00226,0.99774
22.25000,0.48000,0.00190,0.99810
22.27000,0.48000,0.00193,0.99807
22.29000,0.48000,0.00368,0.99632
22.31000,0.48000,0.00329,0.99671
22.33000,0.48000,0.00659,0.99341
22.35000,0.48000,0.00176,0.99824
22.37000,0.48000,0.00594,0.99406
22.39000,0.48000,0.00422,0.99578
22.41000,0.48000,0.02150,0.97850
22.43000,0.48000,0.01281,0.98719
22.45000,0.48000,0.01539,0.98461
22.47000,0.48000,0.03817,0.96183
22.49000,0.48000,0.06744,0.93256
22.51000,0.48000,0.08040,0.91960
22.53000,0.48000,0.05552,0.94448
22.55000,0.48000,0.07454,0.92546
22.57000,0.48000,0.14266,0.85734
22.59000,0.48000,0.16728,0.83272
22.61000,0.48000,0.23911,0.76089
22.63000,0.48000,0.29820,0.70180
22.65000,0.48000,0.24630,0.75370
22.67000,0.48000,0.63748,0.36252
22.69000,0.48000,0.44463,0.55537
22.71000,0.48000,0.94656,0.05344
22.73000,0.48000,0.93361,0.06639
22.75000,0.48000,0.99655,0.00345
22.77000,0.48000,0.99537,0.00463
22.79000,0.48000,0.99673,0.00327
22.81000,0.48000,0.99603,0.00397
22.83000,0.48000,0.99753,0.00247
22.85000,0.48000,0.99241,0.00759
22.87000,0.48000,0.99644,0.00356
22.89000,0.48000,0.99551,0.00449
22.91000,0.48000,0.98825,0.01175
22.93000,0.48000,0.99770,0.00230
22.95000,0.48000,0.99326,0.00674
22.97000,0.48000,0.99171,0.00829
22.99000,0.48000,0.99137,0.00863
23.01000,0.48000,0.98796,0.01204
23.03000,0.48000,0.98224,0.01776
23.05000,0.48000,0.98516,0.01484
23.07000,0.48000,0.99117,0.00883
23.09000,0.48000,0.97654,0.02346
23.11000,0.48000,0.98517,0.01483
23.13000,0.48000,0.98748,0.01252
23.15000,0.48000,0.99209,0.00791
23.17000,0.48000,0.98215,0.01785
23.19000,0.48000,0.98810,0.01190
23.21000,0.48000,0.95054,0.04946
23.23000,0.48000,0.98568,0.01432
23.25000,0.48000,0.93162,0.06838
23.27000,0.48000,0.99249,0.00751
23.29000,0.48000,0.85962,0.14038
23.31000,0.48000,0.98086,0.01914
23.33000,0.48000,0.87661,0.12339
23.35000,0.48000,0.99490,0.00510
23.37000,0.48000,0.96773,0.03227
23.39000,0.48000,0.99241,0.00759
23.41000,0.48000,0.93896,0.06104
23.43000,0.48000,0.99429,0.00571
23.45000,0.48000,0.97244,0.02756
23.47000,0.48000,0.99311,0.00689
23.49000,0.48000,0.95586,0.04414
23.51000,0.48000,0.98852,0.01148
23.53000,0.48000,0.98198,0.01802
23.55000,0.48000,0.99641,0.00359
23.57000,0.48000,0.96066,0.03934
23.59000,0.48000,0.99715,0.00285
23.61000,0.48000,0.99231,0.00769
23.63000,0.48000,0.99095,0.00905
23.65000,0.48000,0.96576,0.03424
23.67000,0.48000,0.99457,0.00543
23.69000,0.48000,0.98954,0.01046
23.71000,0.48000,0.99195,0.00805
23.73000,0.48000,0.99380,0.00620
23.75000,0.48000,0.99258,0.00742
23.77000,0.48000,0.99466,0.00534
23.79000,0.48000,0.99126,0.00874
23.81000,0.48000,0.99307,0.00693
23.83000,0.48000,0.99749,0.00251
23.85000,0.48000,0.99284,0.00716
23.87000,0.48000,0.99586,0.00414
23.89000,0.48000,0.99559,0.00441
23.91000,0.48000,0.99595,0.00405
23.93000,0.48000,0.99323,0.00677
23.95000,0.48000,0.99480,0.00520
23.97000,0.48000,0.98313,0.01687
23.99000,0.48000,0.99529,0.00471
24.01000,0.48000,0.99428,0.00572
24.03000,0.48000,0.99492,0.00508
24.05000,0.48000,0.98372,0.01628
24.07000,0.48000,0.99523,0.00477
24.09000,0.48000,0.99175,0.00825
24.11000,0.48000,0.98999,0.01001
24.13000,0.48000,0.98987,0.01013
24.15000,0.48000,0.99454,0.00546
24.17000,0.48000,0.98861,0.01139
24.19000,0.48000,0.99332,0.00668
24.21000,0.48000,0.97592,0.02408
24.23000,0.48000,0.99686,0.00314
24.25000,0.48000,0.99274,0.00726
24.27000,0.48000,0.99454,0.00546
24.29000,0.48000,0.98646,0.01354
24.31000,0.48000,0.99367,0.00633
24.33000,0.48000,0.98239,0.01761
24.35000,0.48000,0.99197,0.00803
24.37000,0.48000,0.96958,0.03042
24.39000,0.48000,0.99151,0.00849
24.41000,0.48000,0.98871,0.01129
24.43000,0.48000,0.99182,0.00818
24.45000,0.48000,0.97530,0.02470
24.47000,0.48000,0.99402,0.00598
24.49000,0.48000,0.98889,0.01111
24.51000,0.48000,0.98915,0.01085
24.53000,0.48000,0.98665,0.01335
24.55000,0.48000,0.97115,0.02885
24.57000,0.48000,0.97836,0.02164
24.59000,0.48000,0.98605,0.01395
24.61000,0.48000,0.98341,0.01659
24.63000,0.48000,0.98398,0.01602
24.65000,0.48000,0.98931,0.01069
24.67000,0.48000,0.98666,0.01334
24.69000,0.48000,0.98949,0.01051
24.71000,0.48000,0.99350,0.00650
24.73000,0.48000,0.99101,0.00899
24.75000,0.48000,0.99012,0.00988
24.77000,0.48000,0.96229,0.03771
24.79000,0.48000,0.99058,0.00942
24.81000,0.48000,0.98216,0.01784
24.83000,0.48000,0.99233,0.00767
24.85000,0.48000,0.99073,0.00927
24.87000,0.48000,0.99029,0.00971
24.89000,0.48000,0.98464,0.01536
24.91000,0.48000,0.98944,0.01056
24.93000,0.48000,0.98883,0.01117
24.95000,0.48000,0.98246,0.01754
24.97000,0.48000,0.97737,0.02263
24.99000,0.48000,0.97991,0.02009
25.01000,0.48000,0.99010,0.00990
25.03000,0.48000,0.98463,0.01537
25.05000,0.48000,0.98346,0.01654
25.07000,0.48000,0.98725,0.01275
