# Time (seconds),f0
0.0078125,931.0149536132812
0.0234375,931.0614624023438
0.0390625,931.0464477539062
0.0546875,931.047607421875
0.0703125,931.0462036132812
0.0859375,931.0565185546875
0.1015625,931.0474243164062
0.1171875,931.0564575195312
0.1328125,931.0436401367188
0.1484375,931.0642700195312
0.1640625,931.0497436523438
0.1796875,931.0368041992188
0.1953125,931.0556030273438
0.2109375,931.0579223632812
0.2265625,931.0385131835938
0.2421875,931.047607421875
0.2578125,931.044677734375
0.2734375,931.0512084960938
0.2890625,931.0557861328125
0.3046875,931.064208984375
0.3203125,931.047607421875
0.3359375,931.0399169921875
0.3515625,931.0407104492188
0.3671875,931.0463256835938
0.3828125,931.0481567382812
0.3984375,931.0463256835938
0.4140625,931.0453491210938
0.4296875,931.0458984375
0.4453125,931.0440673828125
0.4609375,931.0501098632812
0.4765625,931.0467529296875
0.4921875,931.0477905273438
0.5078125,931.0419921875
0.5234375,931.032470703125
0.5390625,931.0414428710938
0.5546875,931.0435791015625
0.5703125,931.0538940429688
0.5859375,931.0551147460938
0.6015625,931.0435180664062
0.6171875,931.0284423828125
0.6328125,931.0492553710938
0.6484375,931.0414428710938
0.6640625,931.0501098632812
0.6796875,931.0432739257812
0.6953125,931.0225830078125
0.7109375,931.0446166992188
0.7265625,931.0410766601562
0.7421875,931.0319213867188
0.7578125,931.0491943359375
0.7734375,931.0375366210938
0.7890625,931.0392456054688
0.8046875,931.0330200195312
0.8203125,931.030029296875
0.8359375,931.0343627929688
0.8515625,931.0396728515625
0.8671875,931.0389404296875
0.8828125,931.0464477539062
0.8984375,931.032470703125
0.9140625,931.0323486328125
0.9296875,931.0282592773438
0.9453125,931.0242919921875
0.9609375,931.0218505859375
0.9765625,931.0252075195312
0.9921875,931.0368041992188
1.0078125,931.021484375
1.0234375,931.0299072265625
1.0390625,931.0364379882812
1.0546875,931.0316772460938
1.0703125,931.0347290039062
1.0859375,931.0294799804688
1.1015625,931.0225830078125
1.1171875,931.0276489257812
1.1328125,931.0107421875
1.1484375,931.033203125
1.1640625,931.02685546875
1.1796875,931.0317993164062
1.1953125,931.0411376953125
1.2109375,931.014892578125
1.2265625,931.0316162109375
1.2421875,931.0210571289062
1.2578125,931.0210571289062
1.2734375,931.0399169921875
1.2890625,931.0288696289062
1.3046875,931.0446166992188
1.3203125,931.0323486328125
1.3359375,931.031005859375
1.3515625,931.0206298828125
1.3671875,931.0198974609375
1.3828125,931.0267944335938
1.3984375,931.031005859375
1.4140625,931.0318603515625
1.4296875,931.035888671875
1.4453125,931.0283203125
1.4609375,931.0360717773438
1.4765625,931.0270385742188
1.4921875,931.0319213867188
1.5078125,931.040771484375
1.5234375,931.0407104492188
1.5390625,931.0392456054688
1.5546875,931.0474853515625
1.5703125,931.0532836914062
1.5859375,931.0389404296875
1.6015625,931.0527954101562
1.6171875,931.0455322265625
1.6328125,931.0394287109375
1.6484375,931.0516967773438
1.6640625,931.053466796875
1.6796875,931.0462036132812
1.6953125,931.0784912109375
1.7109375,931.1356201171875
1.7265625,931.3674926757812
1.7421875,931.1417236328125
1.7578125,931.0867919921875
1.7734375,931.103271484375
1.7890625,931.1981811523438
1.8046875,931.0866088867188
1.8203125,931.06640625
1.8359375,931.3950805664062
1.8515625,931.6388549804688
1.8671875,931.8236694335938
1.8828125,931.6322631835938
1.8984375,931.6608276367188
1.9140625,931.5452270507812
1.9296875,931.5726318359375
1.9453125,931.470703125
1.9609375,931.5946044921875
1.9765625,931.3583984375
1.9921875,931.4309692382812
2.0078125,931.9249877929688
2.0234375,931.498046875
2.0390625,931.4141235351562
2.0546875,931.5728149414062
2.0703125,931.80224609375
2.0859375,931.3290405273438
2.1015625,931.4474487304688
2.1171875,932.0133666992188
2.1328125,931.490234375
2.1484375,931.6325073242188
2.1640625,931.3223876953125
2.1796875,931.6143798828125
2.1953125,931.7855834960938
2.2109375,931.567138671875
2.2265625,931.4813232421875
2.2421875,931.505615234375
2.2578125,931.4885864257812
2.2734375,931.5073852539062
2.2890625,931.3592529296875
2.3046875,931.3342895507812
2.3203125,931.4169311523438
2.3359375,931.6159057617188
2.3515625,931.6368408203125
2.3671875,931.5023193359375
2.3828125,931.4224243164062
2.3984375,931.4844970703125
2.4140625,931.6033325195312
2.4296875,931.571044921875
2.4453125,931.5360107421875
2.4609375,931.434814453125
2.4765625,931.663818359375
2.4921875,931.6477661132812
2.5078125,931.576171875
2.5234375,931.5001220703125
2.5390625,931.3630981445312
2.5546875,931.4291381835938
2.5703125,931.6116333007812
2.5859375,931.4821166992188
2.6015625,931.6846923828125
2.6171875,931.6168823242188
2.6328125,931.3623046875
2.6484375,931.3203735351562
2.6640625,931.4414672851562
2.6796875,931.440673828125
2.6953125,931.41015625
2.7109375,931.5215454101562
2.7265625,931.628173828125
2.7421875,931.9415893554688
2.7578125,931.6371459960938
2.7734375,931.6826171875
2.7890625,931.5516967773438
2.8046875,931.7720336914062
2.8203125,931.639892578125
2.8359375,931.6000366210938
2.8515625,931.3577270507812
2.8671875,931.3358154296875
2.8828125,931.2960205078125
2.8984375,931.330078125
2.9140625,931.25
2.9296875,931.3626098632812
2.9453125,931.3462524414062
2.9609375,931.2305297851562
2.9765625,931.275146484375
2.9921875,931.157470703125
3.0078125,931.0686645507812
3.0234375,931.1580810546875
3.0390625,931.046875
3.0546875,931.0912475585938
3.0703125,931.0553588867188
3.0859375,931.0869140625
3.1015625,931.0899658203125
3.1171875,931.1117553710938
3.1328125,931.089599609375
3.1484375,931.10888671875
3.1640625,931.0950317382812
3.1796875,931.1079711914062
3.1953125,931.0968627929688
3.2109375,931.1021728515625
3.2265625,931.0966186523438
3.2421875,931.0972290039062
3.2578125,931.0778198242188
3.2734375,931.0795288085938
3.2890625,931.0869140625
3.3046875,931.0906982421875
3.3203125,931.0908203125
3.3359375,931.084716796875
3.3515625,931.079345703125
3.3671875,931.1010131835938
3.3828125,931.0880737304688
3.3984375,931.0841674804688
3.4140625,931.0857543945312
3.4296875,931.0739135742188
3.4453125,931.0966186523438
3.4609375,931.0689086914062
3.4765625,931.0772705078125
3.4921875,931.091064453125
3.5078125,931.0555419921875
3.5234375,931.0840454101562
3.5390625,931.08154296875
3.5546875,931.0851440429688
3.5703125,931.0858154296875
3.5859375,931.0798950195312
3.6015625,931.0734252929688
3.6171875,931.0709228515625
3.6328125,931.0785522460938
3.6484375,931.0795288085938
3.6640625,931.0780029296875
3.6796875,931.0822143554688
3.6953125,931.0695190429688
3.7109375,931.0717163085938
3.7265625,931.0784301757812
3.7421875,931.0656127929688
3.7578125,931.089111328125
3.7734375,931.0735473632812
3.7890625,931.0662231445312
3.8046875,931.0646362304688
3.8203125,931.0823974609375
3.8359375,931.07373046875
3.8515625,931.0667724609375
3.8671875,931.067138671875
3.8828125,931.0689086914062
3.8984375,931.0703125
3.9140625,931.0670776367188
3.9296875,931.0433349609375
3.9453125,931.0650634765625
3.9609375,931.0597534179688
3.9765625,931.07177734375
3.9921875,931.0747680664062
4.0078125,931.0375366210938
4.0234375,931.053466796875
4.0390625,931.0528564453125
4.0546875,931.0435180664062
4.0703125,931.05419921875
4.0859375,931.0511474609375
4.1015625,931.037841796875
4.1171875,931.0369262695312
4.1328125,931.0374145507812
4.1484375,931.038330078125
4.1640625,931.0547485351562
4.1796875,931.0615234375
4.1953125,931.0485229492188
4.2109375,931.0534057617188
4.2265625,931.0397338867188
4.2421875,931.0623168945312
4.2578125,931.0387573242188
4.2734375,931.0388793945312
4.2890625,931.0380859375
4.3046875,931.0382080078125
4.3203125,931.0414428710938
4.3359375,931.0388793945312
4.3515625,931.0408935546875
4.3671875,931.0460815429688
4.3828125,931.03076171875
4.3984375,931.0401611328125
4.4140625,931.052490234375
4.4296875,931.0394897460938
4.4453125,931.0297241210938
4.4609375,931.020263671875
4.4765625,931.0390625
4.4921875,931.0419921875
4.5078125,931.0372314453125
4.5234375,931.0397338867188
4.5390625,931.043701171875
4.5546875,931.0399169921875
4.5703125,931.0240478515625
4.5859375,931.0397338867188
4.6015625,931.0405883789062
4.6171875,931.015380859375
4.6328125,931.0479736328125
4.6484375,931.0443725585938
4.6640625,931.03857421875
4.6796875,931.0574951171875
4.6953125,931.04833984375
4.7109375,931.0474243164062
4.7265625,931.0629272460938
4.7421875,931.101318359375
4.7578125,931.1630859375
4.7734375,931.1954345703125
4.7890625,931.313232421875
4.8046875,931.4153442382812
4.8203125,931.5726928710938
4.8359375,931.7938842773438
4.8515625,931.6417236328125
4.8671875,931.4572143554688
4.8828125,931.4241333007812
4.8984375,931.4570922851562
4.9140625,931.2830810546875
4.9296875,931.583984375
4.9453125,931.5726928710938
4.9609375,931.4827270507812
4.9765625,931.5355224609375
4.9921875,931.4305419921875
5.0078125,931.580078125
5.0234375,931.5701904296875
5.0390625,931.4523315429688
5.0546875,931.6298217773438
5.0703125,931.2880859375
5.0859375,931.49560546875
5.1015625,931.318359375
5.1171875,931.6032104492188
5.1328125,931.4757690429688
5.1484375,931.4435424804688
5.1640625,931.4752807617188
5.1796875,931.5901489257812
5.1953125,931.5906982421875
5.2109375,931.18896484375
5.2265625,931.5213012695312
5.2421875,931.3809814453125
5.2578125,931.5439453125
5.2734375,931.6519165039062
5.2890625,931.5148315429688
5.3046875,931.4568481445312
5.3203125,931.4520874023438
5.3359375,931.3314819335938
5.3515625,931.245849609375
5.3671875,931.5114135742188
5.3828125,931.6637573242188
5.3984375,931.4862060546875
5.4140625,931.5436401367188
5.4296875,931.843505859375
5.4453125,932.240966796875
5.4609375,931.8363647460938
5.4765625,931.6112060546875
5.4921875,931.4617919921875
5.5078125,931.6632690429688
5.5234375,931.6342163085938
5.5390625,932.0026245117188
5.5546875,931.515380859375
5.5703125,931.5333251953125
5.5859375,931.6340942382812
5.6015625,932.1349487304688
5.6171875,931.8362426757812
5.6328125,931.52294921875
5.6484375,931.4004516601562
5.6640625,931.7604370117188
5.6796875,932.0256958007812
5.6953125,931.8723754882812
5.7109375,931.5725708007812
5.7265625,931.7485961914062
5.7421875,931.8267822265625
5.7578125,931.8483276367188
5.7734375,931.75927734375
5.7890625,931.6712036132812
5.8046875,931.8773193359375
5.8203125,931.734130859375
5.8359375,931.4673461914062
5.8515625,931.560546875
5.8671875,931.6830444335938
5.8828125,931.5963745117188
5.8984375,931.9650268554688
5.9140625,931.4938354492188
5.9296875,931.8684692382812
5.9453125,931.6959838867188
5.9609375,931.6502075195312
5.9765625,931.5151977539062
5.9921875,931.6900634765625
6.0078125,931.5639038085938
6.0234375,931.462890625
6.0390625,931.66943359375
6.0546875,931.5161743164062
6.0703125,931.623046875
6.0859375,931.6017456054688
6.1015625,931.3603515625
6.1171875,931.5531616210938
6.1328125,931.4872436523438
6.1484375,931.4577026367188
6.1640625,931.3622436523438
6.1796875,931.5271606445312
6.1953125,931.3761596679688
6.2109375,931.289794921875
6.2265625,931.2589111328125
6.2421875,931.3518676757812
6.2578125,931.2960815429688
6.2734375,931.2813110351562
6.2890625,931.2774658203125
6.3046875,931.2283935546875
6.3203125,931.2379760742188
6.3359375,931.2286376953125
6.3515625,931.1865234375
6.3671875,931.184326171875
6.3828125,931.1671752929688
6.3984375,931.1390991210938
6.4140625,931.1453857421875
6.4296875,931.130126953125
6.4453125,931.128173828125
6.4609375,931.1137084960938
6.4765625,931.1270751953125
6.4921875,931.1292114257812
6.5078125,931.12109375
6.5234375,931.1317749023438
6.5390625,931.1287231445312
6.5546875,931.1130981445312
6.5703125,931.1167602539062
6.5859375,931.1135864257812
6.6015625,931.1065673828125
6.6171875,931.1163330078125
6.6328125,931.12060546875
6.6484375,931.1165161132812
6.6640625,931.10107421875
6.6796875,931.11865234375
6.6953125,931.1016845703125
6.7109375,931.088623046875
6.7265625,931.0829467773438
6.7421875,931.1002197265625
6.7578125,931.1144409179688
6.7734375,931.08544921875
6.7890625,931.0965576171875
6.8046875,931.0941162109375
6.8203125,931.10107421875
6.8359375,931.0874633789062
6.8515625,931.0894165039062
6.8671875,931.0831909179688
6.8828125,931.0904541015625
6.8984375,931.0823364257812
6.9140625,931.1109008789062
6.9296875,931.114501953125
6.9453125,931.0779418945312
6.9609375,931.0780029296875
6.9765625,931.082763671875
6.9921875,931.0902099609375
7.0078125,931.0870361328125
7.0234375,931.0731811523438
7.0390625,931.0736694335938
7.0546875,931.091064453125
7.0703125,931.0762329101562
7.0859375,931.0825805664062
7.1015625,931.0914916992188
7.1171875,931.0781860351562
7.1328125,931.0881958007812
7.1484375,931.0962524414062
7.1640625,931.0667114257812
7.1796875,931.0792236328125
7.1953125,931.0707397460938
7.2109375,931.0736694335938
7.2265625,931.073486328125
7.2421875,931.07763671875
7.2578125,931.0926513671875
7.2734375,931.0686645507812
7.2890625,931.0924072265625
7.3046875,931.086669921875
7.3203125,931.0665893554688
7.3359375,931.0855102539062
7.3515625,931.0682373046875
7.3671875,931.0795288085938
7.3828125,931.0809326171875
7.3984375,931.079345703125
7.4140625,931.0721435546875
7.4296875,931.0670166015625
7.4453125,931.0822143554688
7.4609375,931.077392578125
7.4765625,931.0801391601562
7.4921875,931.078125
7.5078125,931.0690307617188
7.5234375,931.0712890625
7.5390625,931.0579223632812
7.5546875,931.0723266601562
7.5703125,931.0830078125
7.5859375,931.0723266601562
7.6015625,931.0826416015625
7.6171875,931.061279296875
7.6328125,931.0692138671875
7.6484375,931.0695190429688
7.6640625,931.0704345703125
7.6796875,931.0802612304688
7.6953125,931.0723876953125
7.7109375,931.0721435546875
7.7265625,931.0648193359375
7.7421875,931.0930786132812
7.7578125,931.0806884765625
7.7734375,931.1524658203125
7.7890625,931.3196411132812
7.8046875,931.3050537109375
7.8203125,931.4130249023438
7.8359375,931.5262451171875
7.8515625,931.48779296875
7.8671875,931.3988647460938
7.8828125,931.4404296875
7.8984375,931.6742553710938
7.9140625,931.60693359375
7.9296875,931.5433349609375
7.9453125,932.1287231445312
7.9609375,931.814453125
7.9765625,931.8916015625
7.9921875,931.949951171875
8.0078125,931.9631958007812
8.0234375,931.6777954101562
8.0390625,932.2907104492188
8.0546875,932.2090454101562
8.0703125,932.02880859375
8.0859375,931.8792724609375
8.1015625,931.6278076171875
8.1171875,931.693359375
8.1328125,931.908935546875
8.1484375,931.8142700195312
8.1640625,931.8572387695312
8.1796875,931.8372192382812
8.1953125,932.0234375
8.2109375,931.5942993164062
8.2265625,932.3810424804688
8.2421875,931.8328857421875
8.2578125,931.75
8.2734375,932.212646484375
8.2890625,931.6333618164062
8.3046875,931.867919921875
8.3203125,931.73388671875
8.3359375,932.080810546875
8.3515625,932.1064453125
8.3671875,931.8988037109375
8.3828125,932.1572265625
8.3984375,931.6761474609375
8.4140625,931.7990112304688
8.4296875,931.9238891601562
8.4453125,931.6650390625
8.4609375,932.4644165039062
8.4765625,931.736328125
8.4921875,932.0304565429688
8.5078125,931.818115234375
8.5234375,932.0844116210938
8.5390625,931.8203735351562
8.5546875,931.6950073242188
8.5703125,931.8096923828125
8.5859375,931.6079711914062
8.6015625,932.0349731445312
8.6171875,931.7857055664062
8.6328125,931.5932006835938
8.6484375,931.6509399414062
8.6640625,931.8800659179688
8.6796875,931.9281616210938
8.6953125,931.6937255859375
8.7109375,931.6957397460938
8.7265625,931.728271484375
8.7421875,931.3681640625
8.7578125,931.6028442382812
8.7734375,931.4242553710938
8.7890625,931.9703979492188
8.8046875,931.46435546875
8.8203125,931.5055541992188
8.8359375,931.4650268554688
8.8515625,931.5587768554688
8.8671875,931.53662109375
8.8828125,931.4588012695312
8.8984375,931.5574951171875
8.9140625,931.3817138671875
8.9296875,931.6129760742188
8.9453125,931.671630859375
8.9609375,931.7378540039062
8.9765625,931.6967163085938
8.9921875,931.6541137695312
9.0078125,931.48974609375
9.0234375,931.695068359375
9.0390625,931.6046752929688
9.0546875,931.4852905273438
9.0703125,931.611328125
9.0859375,931.3203735351562
9.1015625,931.5397338867188
9.1171875,931.3561401367188
9.1328125,931.22998046875
9.1484375,931.4086303710938
9.1640625,931.3901977539062
9.1796875,931.301513671875
9.1953125,931.3344116210938
9.2109375,931.2305908203125
9.2265625,931.3896484375
9.2421875,931.4390258789062
9.2578125,931.3173828125
9.2734375,931.2542724609375
9.2890625,931.2432861328125
9.3046875,931.1923217773438
9.3203125,931.2269897460938
9.3359375,931.236083984375
9.3515625,931.2534790039062
9.3671875,931.2221069335938
9.3828125,931.1588134765625
9.3984375,931.1974487304688
9.4140625,931.1177368164062
9.4296875,931.15185546875
9.4453125,931.1401977539062
9.4609375,931.1396484375
9.4765625,931.1403198242188
9.4921875,931.1348266601562
9.5078125,931.123046875
9.5234375,931.1300048828125
9.5390625,931.1221923828125
9.5546875,931.1298217773438
9.5703125,931.1231079101562
9.5859375,931.122314453125
9.6015625,931.114990234375
9.6171875,931.1105346679688
9.6328125,931.1112060546875
9.6484375,931.1110229492188
9.6640625,931.108642578125
9.6796875,931.1043701171875
9.6953125,931.1030883789062
9.7109375,931.1013793945312
9.7265625,931.0928955078125
9.7421875,931.1145629882812
9.7578125,931.1099853515625
9.7734375,931.0962524414062
9.7890625,931.087158203125
9.8046875,931.0823974609375
9.8203125,931.1097412109375
9.8359375,931.0813598632812
9.8515625,931.10107421875
9.8671875,931.1066284179688
9.8828125,931.079345703125
9.8984375,931.0957641601562
9.9140625,931.0874633789062
9.9296875,931.0822143554688
9.9453125,931.1060791015625
9.9609375,931.0704345703125
9.9765625,931.0804443359375
9.9921875,931.079833984375
10.0078125,931.0689697265625
10.0234375,931.100830078125
10.0390625,931.0748291015625
10.0546875,931.0823974609375
10.0703125,931.0718383789062
10.0859375,931.0834350585938
10.1015625,931.0735473632812
10.1171875,931.0834350585938
10.1328125,931.058349609375
10.1484375,931.0887451171875
10.1640625,931.0774536132812
10.1796875,931.0771484375
10.1953125,931.077392578125
10.2109375,931.1007690429688
10.2265625,931.0853881835938
10.2421875,931.0743408203125
10.2578125,931.0801391601562
10.2734375,931.0750732421875
10.2890625,931.0787353515625
10.3046875,931.0647583007812
10.3203125,931.0980834960938
10.3359375,931.0963134765625
10.3515625,931.079345703125
10.3671875,931.0706176757812
10.3828125,931.0737915039062
10.3984375,931.0739135742188
10.4140625,931.055419921875
10.4296875,931.0669555664062
10.4453125,931.0859985351562
10.4609375,931.0721435546875
10.4765625,931.0751953125
10.4921875,931.0791015625
10.5078125,931.0838012695312
10.5234375,931.0680541992188
10.5390625,931.07568359375
10.5546875,931.0533447265625
10.5703125,931.0712890625
10.5859375,931.060302734375
10.6015625,931.0656127929688
10.6171875,931.0687255859375
10.6328125,931.0610961914062
10.6484375,931.0630493164062
10.6640625,931.0615234375
10.6796875,931.09130859375
10.6953125,931.1486206054688
10.7109375,931.1934814453125
10.7265625,931.28125
10.7421875,931.3499145507812
10.7578125,931.4595336914062
10.7734375,931.4637451171875
10.7890625,931.3955078125
10.8046875,931.3458862304688
10.8203125,931.6195678710938
10.8359375,931.6805419921875
10.8515625,931.7250366210938
10.8671875,931.81201171875
10.8828125,931.5834350585938
10.8984375,931.8458862304688
10.9140625,931.8384399414062
10.9296875,931.7103881835938
10.9453125,931.7377319335938
10.9609375,932.1846923828125
10.9765625,931.69921875
10.9921875,931.8904418945312
11.0078125,931.9817504882812
11.0234375,931.4830322265625
11.0390625,931.6875
11.0546875,932.1253051757812
11.0703125,931.8375854492188
11.0859375,932.0499877929688
11.1015625,931.4137573242188
11.1171875,931.8016357421875
11.1328125,932.0277099609375
11.1484375,932.39794921875
11.1640625,932.012451171875
11.1796875,931.6444091796875
11.1953125,932.2318725585938
11.2109375,932.13232421875
11.2265625,931.7539672851562
11.2421875,931.7326049804688
11.2578125,931.5944213867188
11.2734375,932.0164794921875
11.2890625,931.6139526367188
11.3046875,931.5031127929688
11.3203125,932.0210571289062
11.3359375,931.5368041992188
11.3515625,931.7265625
11.3671875,931.65625
11.3828125,931.92919921875
11.3984375,931.7841186523438
11.4140625,931.6580200195312
11.4296875,931.61865234375
11.4453125,931.8016357421875
11.4609375,931.5143432617188
11.4765625,931.7439575195312
11.4921875,931.819091796875
11.5078125,931.861083984375
11.5234375,931.677001953125
11.5390625,931.8954467773438
11.5546875,931.7935791015625
11.5703125,931.594970703125
11.5859375,931.8984375
11.6015625,931.4059448242188
11.6171875,931.4700317382812
11.6328125,931.6737060546875
11.6484375,931.5447998046875
11.6640625,931.6123046875
11.6796875,931.8577270507812
11.6953125,931.540283203125
11.7109375,931.6326904296875
11.7265625,931.3898315429688
11.7421875,931.5186767578125
11.7578125,931.6057739257812
11.7734375,931.3630981445312
11.7890625,931.5759887695312
11.8046875,931.6370239257812
11.8203125,931.50927734375
11.8359375,931.3099975585938
11.8515625,931.287109375
11.8671875,931.4177856445312
11.8828125,931.3245239257812
11.8984375,931.4061279296875
11.9140625,931.3323364257812
11.9296875,931.4668579101562
11.9453125,931.2938232421875
11.9609375,931.4462280273438
11.9765625,931.46240234375
11.9921875,931.4758911132812
12.0078125,931.3613891601562
12.0234375,931.416748046875
12.0390625,931.3184814453125
12.0546875,931.2081909179688
12.0703125,931.2701416015625
12.0859375,931.3822631835938
12.1015625,931.2893676757812
12.1171875,931.235595703125
12.1328125,931.3128051757812
12.1484375,931.2598876953125
12.1640625,931.1983642578125
12.1796875,931.1951904296875
12.1953125,931.259033203125
12.2109375,931.166015625
12.2265625,931.2025756835938
12.2421875,931.1887817382812
12.2578125,931.2250366210938
12.2734375,931.163818359375
12.2890625,931.161865234375
12.3046875,931.176513671875
12.3203125,931.1607666015625
12.3359375,931.137939453125
12.3515625,931.1282348632812
12.3671875,931.130126953125
12.3828125,931.1178588867188
12.3984375,931.1222534179688
12.4140625,931.110595703125
12.4296875,931.1095581054688
12.4453125,931.1038208007812
12.4609375,931.122802734375
12.4765625,931.098876953125
12.4921875,931.0862426757812
12.5078125,931.1110229492188
12.5234375,931.1094970703125
12.5390625,931.1058959960938
12.5546875,931.1013793945312
12.5703125,931.0901489257812
12.5859375,931.0990600585938
12.6015625,931.0921020507812
12.6171875,931.1026611328125
12.6328125,931.0935668945312
12.6484375,931.0987548828125
12.6640625,931.0675659179688
12.6796875,931.0889892578125
12.6953125,931.0880126953125
12.7109375,931.0825805664062
12.7265625,931.0918579101562
12.7421875,931.08544921875
12.7578125,931.0864868164062
12.7734375,931.0859375
12.7890625,931.0802001953125
12.8046875,931.0582885742188
12.8203125,931.0728759765625
12.8359375,931.0675048828125
12.8515625,931.0803833007812
12.8671875,931.0860595703125
12.8828125,931.0850830078125
12.8984375,931.0797729492188
12.9140625,931.0770263671875
12.9296875,931.0770263671875
12.9453125,931.067626953125
12.9609375,931.0831298828125
12.9765625,931.0940551757812
12.9921875,931.069091796875
13.0078125,931.06982421875
13.0234375,931.0825805664062
13.0390625,931.0824584960938
13.0546875,931.0811767578125
13.0703125,931.0645751953125
13.0859375,931.078125
13.1015625,931.0824584960938
13.1171875,931.0592041015625
13.1328125,931.0836791992188
13.1484375,931.0789794921875
13.1640625,931.0662841796875
13.1796875,931.05810546875
13.1953125,931.0829467773438
13.2109375,931.062255859375
13.2265625,931.0582885742188
13.2421875,931.0715942382812
13.2578125,931.0626831054688
13.2734375,931.0684814453125
13.2890625,931.0784301757812
13.3046875,931.0882568359375
13.3203125,931.0599975585938
13.3359375,931.085693359375
13.3515625,931.0836791992188
13.3671875,931.0653076171875
13.3828125,931.0840454101562
13.3984375,931.0606689453125
13.4140625,931.0614624023438
13.4296875,931.0594482421875
13.4453125,931.06005859375
13.4609375,931.0626220703125
13.4765625,931.0701904296875
13.4921875,931.0538330078125
13.5078125,931.0496826171875
13.5234375,931.0692138671875
13.5390625,931.1357421875
13.5546875,931.1652221679688
13.5703125,931.1011352539062
13.5859375,931.28466796875
13.6015625,931.2152709960938
13.6171875,931.3164672851562
13.6328125,931.3073120117188
13.6484375,931.6688232421875
13.6640625,931.5625610351562
13.6796875,931.9295043945312
13.6953125,931.6256713867188
13.7109375,932.3604736328125
13.7265625,931.768310546875
13.7421875,931.931640625
13.7578125,931.7709350585938
13.7734375,932.0523071289062
13.7890625,931.639892578125
13.8046875,931.6734008789062
13.8203125,931.4898071289062
13.8359375,931.4036254882812
13.8515625,931.6741943359375
13.8671875,931.6113891601562
13.8828125,931.6072998046875
13.8984375,932.11083984375
13.9140625,931.3657836914062
13.9296875,931.856689453125
13.9453125,931.6766357421875
13.9609375,931.6671752929688
13.9765625,931.9874267578125
13.9921875,931.5551147460938
14.0078125,931.5219116210938
14.0234375,931.6173706054688
14.0390625,931.4732666015625
14.0546875,931.5293579101562
14.0703125,931.76904296875
14.0859375,931.5400390625
14.1015625,931.3391723632812
14.1171875,931.5810546875
14.1328125,932.0167236328125
14.1484375,931.5274658203125
14.1640625,931.4617919921875
14.1796875,931.7647705078125
14.1953125,932.1183471679688
14.2109375,931.603515625
14.2265625,931.9545288085938
14.2421875,931.7005004882812
14.2578125,931.6605834960938
14.2734375,931.450439453125
14.2890625,931.7420043945312
14.3046875,931.6587524414062
14.3203125,931.7106323242188
14.3359375,931.6728515625
14.3515625,931.5475463867188
14.3671875,931.8375854492188
14.3828125,931.477294921875
14.3984375,931.6000366210938
14.4140625,931.3673706054688
14.4296875,931.4430541992188
14.4453125,931.599365234375
14.4609375,931.1837158203125
14.4765625,931.677734375
14.4921875,931.3558349609375
14.5078125,931.758544921875
14.5234375,931.678466796875
14.5390625,931.5625
14.5546875,931.5630493164062
14.5703125,931.6990356445312
14.5859375,931.5602416992188
14.6015625,931.5315551757812
14.6171875,931.5453491210938
14.6328125,931.5160522460938
14.6484375,931.3934326171875
14.6640625,931.32763671875
14.6796875,931.5531005859375
14.6953125,931.4401245117188
14.7109375,931.3641967773438
14.7265625,931.4584350585938
14.7421875,931.3324584960938
14.7578125,931.4320678710938
14.7734375,931.4032592773438
14.7890625,931.3600463867188
14.8046875,931.3600463867188
14.8203125,931.3365478515625
14.8359375,931.4133911132812
14.8515625,931.20654296875
14.8671875,931.2854614257812
14.8828125,931.1946411132812
14.8984375,931.1580810546875
14.9140625,931.1393432617188
14.9296875,931.13232421875
14.9453125,931.1276245117188
14.9609375,931.1212768554688
14.9765625,931.1055908203125
14.9921875,931.119873046875
15.0078125,931.1046752929688
15.0234375,931.1058959960938
15.0390625,931.1124877929688
15.0546875,931.0988159179688
15.0703125,931.1104736328125
15.0859375,931.11083984375
15.1015625,931.0977172851562
15.1171875,931.1019287109375
15.1328125,931.1013793945312
15.1484375,931.0989379882812
15.1640625,931.094970703125
15.1796875,931.0885009765625
15.1953125,931.1007690429688
15.2109375,931.09912109375
15.2265625,931.0978393554688
15.2421875,931.0985107421875
15.2578125,931.0903930664062
15.2734375,931.1091918945312
15.2890625,931.0979614257812
15.3046875,931.0908203125
15.3203125,931.0902709960938
15.3359375,931.0919189453125
15.3515625,931.0996704101562
15.3671875,931.0795288085938
15.3828125,931.0806274414062
15.3984375,931.078857421875
15.4140625,931.0849609375
15.4296875,931.086669921875
15.4453125,931.0770874023438
15.4609375,931.0802001953125
15.4765625,931.0849609375
15.4921875,931.0905151367188
15.5078125,931.0748901367188
15.5234375,931.0787353515625
15.5390625,931.0852661132812
15.5546875,931.0919189453125
15.5703125,931.0784912109375
15.5859375,931.079345703125
15.6015625,931.0809936523438
15.6171875,931.0823364257812
15.6328125,931.0809936523438
15.6484375,931.0842895507812
15.6640625,931.0818481445312
15.6796875,931.0823364257812
15.6953125,931.06005859375
15.7109375,931.0776977539062
15.7265625,931.0742797851562
15.7421875,931.075439453125
15.7578125,931.0709228515625
15.7734375,931.0855102539062
15.7890625,931.0810546875
15.8046875,931.0729370117188
15.8203125,931.0712280273438
15.8359375,931.055419921875
15.8515625,931.0825805664062
15.8671875,931.0709838867188
15.8828125,931.0676879882812
15.8984375,931.072998046875
15.9140625,931.0732421875
15.9296875,931.052734375
15.9453125,931.072021484375
15.9609375,931.0606689453125
15.9765625,931.0615234375
15.9921875,931.061279296875
16.0078125,931.0829467773438
16.0234375,931.0840454101562
16.0390625,931.060302734375
16.0546875,931.068359375
16.0703125,931.0719604492188
16.0859375,931.0551147460938
16.1015625,931.0983276367188
16.1171875,931.2567749023438
16.1328125,931.396240234375
16.1484375,931.852783203125
16.1640625,931.3782348632812
16.1796875,931.6102294921875
16.1953125,931.4298095703125
16.2109375,931.5827026367188
16.2265625,931.7562255859375
16.2421875,931.7576904296875
16.2578125,931.9829711914062
16.2734375,931.6734008789062
16.2890625,931.6614379882812
16.3046875,931.71435546875
16.3203125,931.5469360351562
16.3359375,931.5709838867188
16.3515625,931.5090942382812
16.3671875,931.5374755859375
16.3828125,931.647216796875
16.3984375,931.2623291015625
16.4140625,931.418701171875
16.4296875,931.3901977539062
16.4453125,931.5185546875
16.4609375,931.223388671875
16.4765625,931.2913208007812
16.4921875,931.1417236328125
16.5078125,931.1205444335938
16.5234375,931.3521118164062
16.5390625,931.3580322265625
16.5546875,931.16015625
16.5703125,931.1680297851562
16.5859375,931.3031005859375
16.6015625,931.2637329101562
16.6171875,931.20458984375
16.6328125,931.1870727539062
16.6484375,931.1399536132812
16.6640625,931.2328491210938
16.6796875,931.1239013671875
16.6953125,931.1710815429688
16.7109375,931.2608642578125
16.7265625,931.3338012695312
16.7421875,931.2268676757812
16.7578125,931.2260131835938
16.7734375,931.1573486328125
16.7890625,931.2782592773438
16.8046875,931.5553588867188
16.8203125,931.4746704101562
16.8359375,931.33154296875
16.8515625,931.4364013671875
16.8671875,931.516357421875
16.8828125,931.4751586914062
16.8984375,931.4575805664062
16.9140625,931.5542602539062
16.9296875,931.395751953125
16.9453125,931.459716796875
16.9609375,931.5587158203125
16.9765625,931.5068359375
16.9921875,931.56787109375
17.0078125,931.4691772460938
17.0234375,931.5391845703125
17.0390625,931.4127807617188
17.0546875,931.5010986328125
17.0703125,931.8064575195312
17.0859375,931.5289916992188
17.1015625,931.2981567382812
17.1171875,931.4200439453125
17.1328125,931.43359375
17.1484375,931.286865234375
17.1640625,931.5731201171875
17.1796875,931.416748046875
17.1953125,931.4744262695312
17.2109375,931.4883422851562
17.2265625,931.5254516601562
17.2421875,931.2437133789062
17.2578125,931.5426635742188
17.2734375,931.2680053710938
17.2890625,931.4749145507812
17.3046875,931.4267578125
17.3203125,931.4644165039062
17.3359375,931.4132690429688
17.3515625,931.3619384765625
17.3671875,931.2882690429688
17.3828125,931.3130493164062
17.3984375,931.1776123046875
17.4140625,931.2383422851562
17.4296875,931.2584838867188
17.4453125,931.1756591796875
17.4609375,931.1531982421875
17.4765625,931.1555786132812
17.4921875,931.1309814453125
17.5078125,931.1196899414062
17.5234375,931.1312866210938
17.5390625,931.1128540039062
17.5546875,931.1158447265625
17.5703125,931.1334838867188
17.5859375,931.137939453125
17.6015625,931.1039428710938
17.6171875,931.1105346679688
17.6328125,931.0985717773438
17.6484375,931.1036376953125
17.6640625,931.1021728515625
17.6796875,931.1058349609375
17.6953125,931.095458984375
17.7109375,931.0809326171875
17.7265625,931.0946044921875
17.7421875,931.0924072265625
17.7578125,931.092529296875
17.7734375,931.0943603515625
17.7890625,931.0899658203125
17.8046875,931.0921630859375
17.8203125,931.09521484375
17.8359375,931.087890625
17.8515625,931.0923461914062
17.8671875,931.1024780273438
17.8828125,931.0924072265625
17.8984375,931.0859375
17.9140625,931.0888671875
17.9296875,931.0919799804688
17.9453125,931.0897216796875
17.9609375,931.0859985351562
17.9765625,931.0906982421875
17.9921875,931.0813598632812
18.0078125,931.0874633789062
18.0234375,931.083984375
18.0390625,931.0828857421875
18.0546875,931.0709838867188
18.0703125,931.0883178710938
18.0859375,931.0889892578125
18.1015625,931.0865478515625
18.1171875,931.0669555664062
18.1328125,931.0805053710938
18.1484375,931.07763671875
18.1640625,931.0673217773438
18.1796875,931.0748901367188
18.1953125,931.0809326171875
18.2109375,931.090576171875
18.2265625,931.071533203125
18.2421875,931.0675048828125
18.2578125,931.0790405273438
18.2734375,931.0673217773438
18.2890625,931.0538940429688
18.3046875,931.0748291015625
18.3203125,931.086669921875
18.3359375,931.0628662109375
18.3515625,931.071044921875
18.3671875,931.061767578125
18.3828125,931.0609741210938
18.3984375,931.0609741210938
18.4140625,931.0717163085938
18.4296875,931.071044921875
18.4453125,931.0684814453125
18.4609375,931.0701904296875
18.4765625,931.0684204101562
18.4921875,931.0645141601562
18.5078125,931.0614624023438
18.5234375,931.0640258789062
18.5390625,931.0755004882812
18.5546875,931.0757446289062
18.5703125,931.0836791992188
18.5859375,931.1030883789062
18.6015625,931.1008911132812
18.6171875,931.1266479492188
18.6328125,931.1234130859375
18.6484375,931.1681518554688
18.6640625,931.15380859375
18.6796875,931.2261352539062
18.6953125,931.2844848632812
18.7109375,931.3301391601562
18.7265625,931.3449096679688
18.7421875,931.362060546875
18.7578125,931.3779296875
18.7734375,931.5615234375
18.7890625,931.6063842773438
18.8046875,931.6289672851562
18.8203125,931.5070190429688
18.8359375,931.7391967773438
18.8515625,931.594970703125
18.8671875,931.6611328125
18.8828125,931.885498046875
18.8984375,931.8063354492188
18.9140625,931.9468383789062
18.9296875,931.838623046875
18.9453125,931.6495361328125
18.9609375,931.5121459960938
18.9765625,931.7891845703125
18.9921875,931.6932373046875
19.0078125,931.5982055664062
19.0234375,931.8331909179688
19.0390625,931.8218383789062
19.0546875,931.8043823242188
19.0703125,931.6187133789062
19.0859375,931.5701293945312
19.1015625,931.6744995117188
19.1171875,931.6416015625
19.1328125,931.5294189453125
19.1484375,931.607421875
19.1640625,931.6920776367188
19.1796875,931.5218505859375
19.1953125,931.5267944335938
19.2109375,931.4827270507812
19.2265625,931.5357666015625
19.2421875,931.5142822265625
19.2578125,931.443359375
19.2734375,931.3862915039062
19.2890625,931.49365234375
19.3046875,931.4983520507812
19.3203125,931.46630859375
19.3359375,931.4439086914062
19.3515625,931.446533203125
19.3671875,931.4348754882812
19.3828125,931.4465942382812
19.3984375,931.372802734375
19.4140625,931.326904296875
19.4296875,931.3463134765625
19.4453125,931.307373046875
19.4609375,931.3449096679688
19.4765625,931.3409423828125
19.4921875,931.348876953125
19.5078125,931.4319458007812
19.5234375,931.3720092773438
19.5390625,931.3009033203125
19.5546875,931.3074951171875
19.5703125,931.3074951171875
19.5859375,931.2969970703125
19.6015625,931.263427734375
19.6171875,931.2647705078125
19.6328125,931.2632446289062
19.6484375,931.2540893554688
19.6640625,931.2603759765625
19.6796875,931.235107421875
19.6953125,931.263671875
19.7109375,931.237060546875
19.7265625,931.2396850585938
19.7421875,931.2229614257812
19.7578125,931.2210693359375
19.7734375,931.2291870117188
19.7890625,931.219970703125
19.8046875,931.2208862304688
19.8203125,931.230224609375
19.8359375,931.2134399414062
19.8515625,931.1951293945312
19.8671875,931.1842041015625
19.8828125,931.2056884765625
19.8984375,931.2069091796875
19.9140625,931.2325439453125
19.9296875,931.2132568359375
19.9453125,931.2130126953125
19.9609375,931.2162475585938
19.9765625,931.2026977539062
19.9921875,931.2051391601562
20.0078125,931.2060546875
20.0234375,931.2091674804688
20.0390625,931.2020874023438
20.0546875,931.2094116210938
20.0703125,931.2040405273438
20.0859375,931.205078125
20.1015625,931.202392578125
20.1171875,931.2124633789062
20.1328125,931.216064453125
20.1484375,931.2135620117188
20.1640625,931.215576171875
20.1796875,931.206787109375
20.1953125,931.2044067382812
20.2109375,931.2079467773438
20.2265625,931.2162475585938
20.2421875,931.210693359375
20.2578125,931.2127685546875
20.2734375,931.2055053710938
20.2890625,931.210205078125
20.3046875,931.2233276367188
20.3203125,931.198974609375
20.3359375,931.2061767578125
20.3515625,931.2150268554688
20.3671875,931.2054443359375
20.3828125,931.2177734375
20.3984375,931.222412109375
20.4140625,931.2142944335938
20.4296875,931.1971435546875
20.4453125,931.2068481445312
20.4609375,931.2120971679688
20.4765625,931.2123413085938
20.4921875,931.2093505859375
20.5078125,931.2151489257812
20.5234375,931.2233276367188
20.5390625,931.1948852539062
20.5546875,931.2056274414062
20.5703125,931.2145385742188
20.5859375,931.2059326171875
20.6015625,931.225341796875
20.6171875,931.1898803710938
20.6328125,931.2180786132812
20.6484375,931.2152709960938
20.6640625,931.21044921875
20.6796875,931.2066040039062
20.6953125,931.2158203125
20.7109375,931.19873046875
20.7265625,931.2133178710938
20.7421875,931.2308959960938
20.7578125,931.2052612304688
20.7734375,931.2124633789062
20.7890625,931.2132568359375
20.8046875,931.220703125
20.8203125,931.1865234375
20.8359375,931.2041015625
20.8515625,931.209716796875
20.8671875,931.2054443359375
20.8828125,931.208251953125
20.8984375,931.2075805664062
20.9140625,931.2070922851562
20.9296875,931.2119140625
20.9453125,931.2098999023438
20.9609375,931.206298828125
20.9765625,931.2032470703125
20.9921875,931.1954956054688
21.0078125,931.2032470703125
21.0234375,931.1942138671875
21.0390625,931.1917724609375
21.0546875,931.212646484375
21.0703125,931.2042846679688
21.0859375,931.1887817382812
21.1015625,931.1859741210938
21.1171875,931.2031860351562
21.1328125,931.2120971679688
21.1484375,931.2029418945312
21.1640625,931.202392578125
21.1796875,931.2045288085938
21.1953125,931.20263671875
21.2109375,931.204833984375
21.2265625,931.2001342773438
21.2421875,931.2034912109375
21.2578125,931.1934204101562
21.2734375,931.2003173828125
21.2890625,931.17333984375
21.3046875,931.1844482421875
21.3203125,931.1914672851562
21.3359375,931.2091674804688
21.3515625,931.1954956054688
21.3671875,931.1946411132812
21.3828125,931.20849609375
21.3984375,931.1934814453125
21.4140625,931.1903686523438
21.4296875,931.1979370117188
21.4453125,931.216064453125
21.4609375,931.1824951171875
21.4765625,931.201904296875
21.4921875,931.2091064453125
21.5078125,931.1923828125
21.5234375,931.198486328125
21.5390625,931.21630859375
21.5546875,931.1922607421875
21.5703125,931.217529296875
21.5859375,931.1975708007812
21.6015625,931.1932373046875
21.6171875,931.200439453125
21.6328125,931.201171875
21.6484375,931.1898193359375
21.6640625,931.198974609375
21.6796875,931.192138671875
21.6953125,931.1890258789062
21.7109375,931.1914672851562
21.7265625,931.2001953125
21.7421875,931.1875
21.7578125,931.2091064453125
21.7734375,931.1831665039062
21.7890625,931.1892700195312
21.8046875,931.1900024414062
21.8203125,931.18310546875
21.8359375,931.17578125
21.8515625,931.1828002929688
21.8671875,931.1917724609375
21.8828125,931.1884765625
21.8984375,931.1884765625
21.9140625,931.186767578125
21.9296875,931.1808471679688
21.9453125,931.1820678710938
21.9609375,931.182373046875
21.9765625,931.1998901367188
21.9921875,931.1836547851562
22.0078125,931.1862182617188
22.0234375,931.1990356445312
22.0390625,931.1761474609375
22.0546875,931.1846923828125
22.0703125,931.1871948242188
22.0859375,931.181640625
22.1015625,931.1755981445312
22.1171875,931.1758422851562
22.1328125,931.2102661132812
22.1484375,931.1755981445312
22.1640625,931.1846923828125
22.1796875,931.1838989257812
22.1953125,931.1900024414062
22.2109375,931.1907348632812
22.2265625,931.1853637695312
22.2421875,931.1798095703125
22.2578125,931.1727905273438
22.2734375,931.1858520507812
22.2890625,931.171630859375
22.3046875,931.1895751953125
22.3203125,931.1917114257812
22.3359375,931.1837158203125
22.3515625,931.1831665039062
22.3671875,931.1948852539062
22.3828125,931.2005004882812
22.3984375,931.1935424804688
22.4140625,931.1836547851562
22.4296875,931.174560546875
22.4453125,931.1838989257812
22.4609375,931.1876831054688
22.4765625,931.1759643554688
22.4921875,931.1822509765625
22.5078125,931.1785888671875
22.5234375,931.1871948242188
22.5390625,931.1903076171875
22.5546875,931.1817626953125
22.5703125,931.1837158203125
22.5859375,931.2005004882812
22.6015625,931.1821899414062
22.6171875,931.1808471679688
22.6328125,931.1940307617188
22.6484375,931.1672973632812
22.6640625,931.1618041992188
22.6796875,931.1900634765625
22.6953125,931.206787109375
22.7109375,931.2340698242188
22.7265625,931.2269897460938
22.7421875,931.2383422851562
22.7578125,931.2159423828125
22.7734375,931.221435546875
22.7890625,931.2232666015625
22.8046875,931.246826171875
22.8203125,931.2700805664062
22.8359375,931.3001098632812
22.8515625,931.365234375
22.8671875,931.2932739257812
22.8828125,931.4099731445312
22.8984375,931.4091186523438
22.9140625,931.4337158203125
22.9296875,931.3930053710938
22.9453125,931.4592895507812
22.9609375,931.454833984375
22.9765625,931.5012817382812
22.9921875,931.5104370117188
23.0078125,931.516845703125
23.0234375,931.3265380859375
23.0390625,931.4481201171875
23.0546875,931.5382690429688
23.0703125,931.5316162109375
23.0859375,931.6182861328125
23.1015625,931.5256958007812
23.1171875,931.4994506835938
23.1328125,931.5333862304688
23.1484375,931.4671630859375
23.1640625,931.4041137695312
23.1796875,931.4500732421875
23.1953125,931.4295654296875
23.2109375,931.474365234375
23.2265625,931.4883422851562
23.2421875,931.4139404296875
23.2578125,931.39453125
23.2734375,931.454345703125
23.2890625,931.4874877929688
23.3046875,931.4688720703125
23.3203125,931.4130859375
23.3359375,931.3732299804688
23.3515625,931.4236450195312
23.3671875,931.3716430664062
23.3828125,931.4435424804688
23.3984375,931.43359375
23.4140625,931.423828125
23.4296875,931.3839721679688
23.4453125,931.3641967773438
23.4609375,931.427001953125
23.4765625,931.3745727539062
23.4921875,931.4481811523438
23.5078125,931.3670654296875
23.5234375,931.3797607421875
23.5390625,931.3057861328125
23.5546875,931.305908203125
23.5703125,931.3212890625
23.5859375,931.3146362304688
23.6015625,931.3115234375
23.6171875,931.3095703125
23.6328125,931.2908325195312
23.6484375,931.2816162109375
23.6640625,931.2606201171875
23.6796875,931.306640625
23.6953125,931.284912109375
23.7109375,931.2882690429688
23.7265625,931.2830810546875
23.7421875,931.2791137695312
23.7578125,931.2764892578125
23.7734375,931.25732421875
23.7890625,931.2673950195312
23.8046875,931.2772216796875
23.8203125,931.2498779296875
23.8359375,931.2599487304688
23.8515625,931.2352294921875
23.8671875,931.2738037109375
23.8828125,931.2526245117188
23.8984375,931.2539672851562
23.9140625,931.2489013671875
23.9296875,931.2515258789062
23.9453125,931.2550048828125
23.9609375,931.2318725585938
23.9765625,931.2328491210938
23.9921875,931.2159423828125
24.0078125,931.2361450195312
24.0234375,931.2051391601562
24.0390625,931.215576171875
24.0546875,931.2151489257812
24.0703125,931.232177734375
24.0859375,931.2142944335938
24.1015625,931.22607421875
24.1171875,931.2191162109375
24.1328125,931.2228393554688
24.1484375,931.2294921875
24.1640625,931.2216186523438
24.1796875,931.2169799804688
24.1953125,931.229248046875
24.2109375,931.2174682617188
24.2265625,931.2106323242188
24.2421875,931.2202758789062
24.2578125,931.2235107421875
24.2734375,931.22998046875
24.2890625,931.2269287109375
24.3046875,931.2197265625
24.3203125,931.2191162109375
24.3359375,931.2449951171875
24.3515625,931.216064453125
24.3671875,931.2199096679688
24.3828125,931.2386474609375
24.3984375,931.2365112304688
24.4140625,931.2249755859375
24.4296875,931.2313232421875
24.4453125,931.2481079101562
24.4609375,931.2338256835938
24.4765625,931.2113647460938
24.4921875,931.2378540039062
24.5078125,931.2216796875
24.5234375,931.2218627929688
24.5390625,931.2266845703125
24.5546875,931.2191162109375
24.5703125,931.2139892578125
24.5859375,931.2243041992188
24.6015625,931.2335205078125
24.6171875,931.2228393554688
24.6328125,931.2138061523438
24.6484375,931.2286987304688
24.6640625,931.2216796875
24.6796875,931.2378540039062
24.6953125,931.2135620117188
24.7109375,931.22265625
24.7265625,931.2138061523438
24.7421875,931.2077026367188
24.7578125,931.2095336914062
24.7734375,931.2182006835938
24.7890625,931.2069091796875
24.8046875,931.2099609375
24.8203125,931.2293701171875
24.8359375,931.2149658203125
24.8515625,931.2173461914062
24.8671875,931.2133178710938
24.8828125,931.217529296875
24.8984375,931.2161254882812
24.9140625,931.2174682617188
24.9296875,931.20654296875
24.9453125,931.2056884765625
24.9609375,931.2111206054688
24.9765625,931.2173461914062
24.9921875,931.2139892578125
25.0078125,931.2138061523438
25.0234375,931.200439453125
25.0390625,931.1976928710938
25.0546875,931.2162475585938
25.0703125,931.2095336914062
25.0859375,931.1901245117188
25.1015625,931.1998291015625
25.1171875,931.2056884765625
25.1328125,931.2169189453125
25.1484375,931.2092895507812
25.1640625,931.200439453125
25.1796875,931.2037963867188
25.1953125,931.2000732421875
25.2109375,931.2152099609375
25.2265625,931.1985473632812
25.2421875,931.2024536132812
25.2578125,931.1973266601562
25.2734375,931.2064819335938
25.2890625,931.1942749023438
25.3046875,931.2030029296875
25.3203125,931.1964721679688
25.3359375,931.2156982421875
25.3515625,931.1979370117188
25.3671875,931.2153930664062
25.3828125,931.2080078125
25.3984375,931.2003784179688
25.4140625,931.2039794921875
25.4296875,931.2034912109375
25.4453125,931.2034912109375
25.4609375,931.2033081054688
25.4765625,931.2006225585938
25.4921875,931.2074584960938
25.5078125,931.198974609375
25.5234375,931.1934204101562
25.5390625,931.192138671875
25.5546875,931.2054443359375
25.5703125,931.1920776367188
25.5859375,931.1914672851562
25.6015625,931.2017211914062
25.6171875,931.1861572265625
25.6328125,931.205810546875
25.6484375,931.1968383789062
25.6640625,931.1823120117188
25.6796875,931.1971435546875
25.6953125,931.18896484375
25.7109375,931.1984252929688
25.7265625,931.1887817382812
25.7421875,931.203125
25.7578125,931.1901245117188
25.7734375,931.1859741210938
25.7890625,931.1819458007812
25.8046875,931.1803588867188
25.8203125,931.189453125
25.8359375,931.1864624023438
25.8515625,931.1965942382812
25.8671875,931.1865234375
25.8828125,931.1956176757812
25.8984375,931.1781616210938
25.9140625,931.1934204101562
25.9296875,931.1937866210938
25.9453125,931.19482421875
25.9609375,931.1893310546875
25.9765625,931.1856079101562
25.9921875,931.18359375
26.0078125,931.1926879882812
26.0234375,931.1967163085938
26.0390625,931.1820678710938
26.0546875,931.193359375
26.0703125,931.1890258789062
26.0859375,931.1851196289062
26.1015625,931.2036743164062
26.1171875,931.1817626953125
26.1328125,931.1856689453125
26.1484375,931.1905517578125
26.1640625,931.1771850585938
26.1796875,931.1834716796875
26.1953125,931.1846923828125
26.2109375,931.181640625
26.2265625,931.1957397460938
26.2421875,931.1842041015625
26.2578125,931.190185546875
26.2734375,931.192138671875
26.2890625,931.1852416992188
26.3046875,931.191162109375
26.3203125,931.1840209960938
26.3359375,931.1878051757812
26.3515625,931.195068359375
26.3671875,931.1974487304688
26.3828125,931.1881713867188
26.3984375,931.17578125
26.4140625,931.1808471679688
26.4296875,931.1903686523438
26.4453125,931.20458984375
26.4609375,931.1968383789062
26.4765625,931.1976318359375
26.4921875,931.1856079101562
26.5078125,931.1979370117188
26.5234375,931.210205078125
26.5390625,931.1806030273438
26.5546875,931.1964111328125
26.5703125,931.1845092773438
26.5859375,931.1862182617188
26.6015625,931.1886596679688
26.6171875,931.1895141601562
26.6328125,931.1842651367188
26.6484375,931.1775512695312
26.6640625,931.1781616210938
26.6796875,931.197021484375
26.6953125,931.1884765625
26.7109375,931.1847534179688
26.7265625,931.1931762695312
26.7421875,931.1909790039062
26.7578125,931.1996459960938
26.7734375,931.1992797851562
26.7890625,931.2034912109375
26.8046875,931.2048950195312
26.8203125,931.1964721679688
26.8359375,931.2138061523438
26.8515625,931.2067260742188
26.8671875,931.2063598632812
26.8828125,931.239501953125
26.8984375,931.2520141601562
26.9140625,931.23974609375
26.9296875,931.2559204101562
26.9453125,931.2403564453125
26.9609375,931.2997436523438
26.9765625,931.3226928710938
26.9921875,931.2971801757812
27.0078125,931.29052734375
27.0234375,931.2620239257812
27.0390625,931.2766723632812
27.0546875,931.2536010742188
27.0703125,931.2767944335938
27.0859375,931.3517456054688
27.1015625,931.34716796875
27.1171875,931.35546875
27.1328125,931.4323120117188
27.1484375,931.2769165039062
27.1640625,931.2775268554688
27.1796875,931.3028564453125
27.1953125,931.2738037109375
27.2109375,931.3649291992188
27.2265625,931.3926391601562
27.2421875,931.3092651367188
27.2578125,931.3424072265625
27.2734375,931.3836669921875
27.2890625,931.3427734375
27.3046875,931.3720703125
27.3203125,931.48974609375
27.3359375,931.378173828125
27.3515625,931.3323974609375
27.3671875,931.31982421875
27.3828125,931.4298095703125
27.3984375,931.4030151367188
27.4140625,931.459716796875
27.4296875,931.4122924804688
27.4453125,931.3682861328125
27.4609375,931.4279174804688
27.4765625,931.4317016601562
27.4921875,931.4154663085938
27.5078125,931.4036254882812
27.5234375,931.4111328125
27.5390625,931.453125
27.5546875,931.4408569335938
27.5703125,931.4492797851562
27.5859375,931.4526977539062
27.6015625,931.4807739257812
27.6171875,931.4736328125
27.6328125,931.4669799804688
27.6484375,931.3681640625
27.6640625,931.4165649414062
27.6796875,931.3719482421875
27.6953125,931.3017578125
27.7109375,931.399169921875
27.7265625,931.3408203125
27.7421875,931.3248291015625
27.7578125,931.3328857421875
27.7734375,931.286376953125
27.7890625,931.313720703125
27.8046875,931.2857666015625
27.8203125,931.2775268554688
27.8359375,931.2686767578125
27.8515625,931.3233642578125
27.8671875,931.288330078125
27.8828125,931.2706298828125
27.8984375,931.23046875
27.9140625,931.2321166992188
27.9296875,931.2440185546875
27.9453125,931.2447509765625
27.9609375,931.2466430664062
27.9765625,931.2319946289062
27.9921875,931.225341796875
28.0078125,931.2332763671875
28.0234375,931.2088012695312
28.0390625,931.216796875
28.0546875,931.2244873046875
28.0703125,931.2237548828125
28.0859375,931.2299194335938
28.1015625,931.216552734375
28.1171875,931.220703125
28.1328125,931.2063598632812
28.1484375,931.2286987304688
28.1640625,931.2094116210938
28.1796875,931.2078857421875
28.1953125,931.2153930664062
28.2109375,931.2166748046875
28.2265625,931.221923828125
28.2421875,931.214111328125
28.2578125,931.2267456054688
28.2734375,931.2157592773438
28.2890625,931.2249755859375
28.3046875,931.2113647460938
28.3203125,931.224609375
28.3359375,931.2184448242188
28.3515625,931.224365234375
28.3671875,931.2376098632812
28.3828125,931.2286987304688
28.3984375,931.2158203125
28.4140625,931.2385864257812
28.4296875,931.2453002929688
28.4453125,931.2208862304688
28.4609375,931.2225341796875
28.4765625,931.2243041992188
28.4921875,931.2074584960938
28.5078125,931.2307739257812
28.5234375,931.2567749023438
28.5390625,931.2230834960938
28.5546875,931.2267456054688
28.5703125,931.2409057617188
28.5859375,931.2311401367188
28.6015625,931.2379760742188
28.6171875,931.2205810546875
28.6328125,931.227783203125
28.6484375,931.2230224609375
28.6640625,931.2285766601562
28.6796875,931.2360229492188
28.6953125,931.2294921875
28.7109375,931.2241821289062
28.7265625,931.23974609375
28.7421875,931.2215576171875
28.7578125,931.2249145507812
28.7734375,931.243408203125
28.7890625,931.232177734375
28.8046875,931.2413940429688
28.8203125,931.2403564453125
28.8359375,931.224365234375
28.8515625,931.2423706054688
28.8671875,931.2396850585938
28.8828125,931.2350463867188
28.8984375,931.2212524414062
28.9140625,931.2262573242188
28.9296875,931.2313842773438
28.9453125,931.222412109375
28.9609375,931.2227172851562
28.9765625,931.2110595703125
28.9921875,931.2313232421875
29.0078125,931.220458984375
29.0234375,931.2325439453125
29.0390625,931.2317504882812
29.0546875,931.2346801757812
29.0703125,931.2257080078125
29.0859375,931.2192993164062
29.1015625,931.2307739257812
29.1171875,931.2257690429688
29.1328125,931.2264404296875
29.1484375,931.221435546875
29.1640625,931.2260131835938
29.1796875,931.2269897460938
29.1953125,931.2291259765625
29.2109375,931.2159423828125
29.2265625,931.2130126953125
29.2421875,931.2219848632812
29.2578125,931.2174072265625
29.2734375,931.221435546875
29.2890625,931.2180786132812
29.3046875,931.2330322265625
29.3203125,931.2210693359375
29.3359375,931.227294921875
29.3515625,931.2132568359375
29.3671875,931.2200317382812
29.3828125,931.2251586914062
29.3984375,931.220703125
29.4140625,931.210693359375
29.4296875,931.2216796875
29.4453125,931.2092895507812
29.4609375,931.22216796875
29.4765625,931.2114868164062
29.4921875,931.2223510742188
29.5078125,931.2107543945312
29.5234375,931.2112426757812
29.5390625,931.20849609375
29.5546875,931.2271118164062
29.5703125,931.2120361328125
29.5859375,931.2069091796875
29.6015625,931.1926879882812
29.6171875,931.2091674804688
29.6328125,931.2091064453125
29.6484375,931.2123413085938
29.6640625,931.208251953125
29.6796875,931.1981201171875
29.6953125,931.2072143554688
29.7109375,931.20263671875
29.7265625,931.2023315429688
29.7421875,931.1985473632812
29.7578125,931.197265625
29.7734375,931.1824951171875
29.7890625,931.1820678710938
29.8046875,931.1887817382812
29.8203125,931.1981201171875
29.8359375,931.1930541992188
29.8515625,931.1915893554688
29.8671875,931.177490234375
29.8828125,931.1737060546875
29.8984375,931.1810913085938
29.9140625,931.1756591796875
29.9296875,931.1766357421875
29.9453125,931.1790161132812
29.9609375,931.1931762695312
29.9765625,931.1939086914062
29.9921875,931.179443359375
30.0078125,931.1896362304688
30.0234375,931.192138671875
30.0390625,931.1917724609375
30.0546875,931.1907348632812
30.0703125,931.1873779296875
30.0859375,931.1984252929688
30.1015625,931.2025756835938
30.1171875,931.1973876953125
30.1328125,931.2022705078125
30.1484375,931.189453125
30.1640625,931.1859741210938
30.1796875,931.194091796875
30.1953125,931.189453125
30.2109375,931.1854248046875
30.2265625,931.2025756835938
30.2421875,931.1948852539062
30.2578125,931.1887817382812
30.2734375,931.21435546875
30.2890625,931.5422973632812
30.3046875,931.8154296875
30.3203125,931.7508544921875
30.3359375,931.8399047851562
30.3515625,932.1787109375
30.3671875,932.1131591796875
30.3828125,932.7122192382812
30.3984375,932.9403076171875
30.4140625,932.8524780273438
30.4296875,933.5669555664062
30.4453125,933.176513671875
30.4609375,933.1967163085938
30.4765625,933.2021484375
30.4921875,933.3343505859375
30.5078125,933.1007690429688
30.5234375,932.9840698242188
30.5390625,933.2330932617188
30.5546875,932.904296875
30.5703125,932.661865234375
30.5859375,933.0879516601562
30.6015625,932.4236450195312
30.6171875,932.9066772460938
30.6328125,932.5874633789062
30.6484375,932.6519165039062
30.6640625,932.6854248046875
30.6796875,932.4948120117188
30.6953125,932.7479248046875
30.7109375,932.8421630859375
30.7265625,933.5084838867188
30.7421875,933.2117919921875
30.7578125,932.6219482421875
30.7734375,933.1166381835938
30.7890625,933.5126953125
30.8046875,933.3603515625
30.8203125,933.7984008789062
30.8359375,933.1176147460938
30.8515625,933.2752075195312
30.8671875,933.5372314453125
30.8828125,933.388671875
30.8984375,932.9752197265625
30.9140625,933.6917114257812
30.9296875,932.9769287109375
30.9453125,933.1092529296875
30.9609375,933.3008422851562
30.9765625,932.5625
30.9921875,932.658935546875
31.0078125,933.026611328125
31.0234375,933.0151977539062
31.0390625,932.513671875
31.0546875,932.9055786132812
31.0703125,932.6275634765625
31.0859375,932.7862548828125
31.1015625,932.2417602539062
31.1171875,932.5009765625
31.1328125,932.5045166015625
31.1484375,932.369873046875
31.1640625,932.2376098632812
31.1796875,932.2759399414062
31.1953125,932.2601318359375
31.2109375,932.2272338867188
31.2265625,931.9718627929688
31.2421875,932.2321166992188
31.2578125,932.0767822265625
31.2734375,932.0994873046875
31.2890625,932.0822143554688
31.3046875,932.1434936523438
31.3203125,931.9186401367188
31.3359375,931.478271484375
31.3515625,931.7338256835938
31.3671875,931.41162109375
31.3828125,931.82373046875
31.3984375,931.4772338867188
31.4140625,931.62255859375
31.4296875,931.3004760742188
31.4453125,931.511474609375
31.4609375,931.6119995117188
31.4765625,931.380859375
31.4921875,931.443359375
31.5078125,931.4141845703125
31.5234375,931.4072265625
31.5390625,931.3688354492188
31.5546875,931.5944213867188
31.5703125,931.6307373046875
31.5859375,931.59765625
31.6015625,931.7630004882812
31.6171875,931.6799926757812
31.6328125,931.601318359375
31.6484375,931.3185424804688
31.6640625,931.763671875
31.6796875,931.5658569335938
31.6953125,931.58935546875
31.7109375,931.3565673828125
31.7265625,931.350341796875
31.7421875,931.2717895507812
31.7578125,931.2015380859375
31.7734375,931.1801147460938
31.7890625,931.1773071289062
31.8046875,931.1751098632812
31.8203125,931.1932373046875
31.8359375,931.1799926757812
31.8515625,931.1665649414062
31.8671875,931.1829223632812
31.8828125,931.1812133789062
31.8984375,931.1819458007812
31.9140625,931.1630249023438
31.9296875,931.1696166992188
31.9453125,931.1539916992188
31.9609375,931.1566162109375
31.9765625,931.1607055664062
31.9921875,931.1607666015625
32.0078125,931.1903686523438
32.0234375,931.1632690429688
32.0390625,931.1538696289062
32.0546875,931.14599609375
32.0703125,931.1571044921875
32.0859375,931.1577758789062
32.1015625,931.1460571289062
32.1171875,931.140380859375
32.1328125,931.1536254882812
32.1484375,931.1553955078125
32.1640625,931.1613159179688
32.1796875,931.1534423828125
32.1953125,931.1481323242188
32.2109375,931.145263671875
32.2265625,931.1557006835938
32.2421875,931.1470947265625
32.2578125,931.1531982421875
32.2734375,931.1538696289062
32.2890625,931.1568603515625
32.3046875,931.1619873046875
32.3203125,931.1627807617188
32.3359375,931.1465454101562
32.3515625,931.1451416015625
32.3671875,931.1505126953125
32.3828125,931.1470947265625
32.3984375,931.149658203125
32.4140625,931.1353149414062
32.4296875,931.1323852539062
32.4453125,931.1456909179688
32.4609375,931.147705078125
32.4765625,931.1423950195312
32.4921875,931.1284790039062
32.5078125,931.141357421875
32.5234375,931.13037109375
32.5390625,931.1217041015625
32.5546875,931.1233520507812
32.5703125,931.138427734375
32.5859375,931.1349487304688
32.6015625,931.1406860351562
32.6171875,931.1358642578125
32.6328125,931.155517578125
32.6484375,931.1409912109375
32.6640625,931.1539916992188
32.6796875,931.141357421875
32.6953125,931.1420288085938
32.7109375,931.148193359375
32.7265625,931.1485595703125
32.7421875,931.1699829101562
32.7578125,931.1768798828125
32.7734375,931.1488037109375
32.7890625,931.1625366210938
32.8046875,931.2467041015625
32.8203125,931.7784423828125
32.8359375,931.9938354492188
32.8515625,932.5332641601562
32.8671875,932.153564453125
32.8828125,933.068115234375
32.8984375,932.6958618164062
32.9140625,932.2999877929688
32.9296875,932.69140625
32.9453125,933.5684814453125
32.9609375,932.6883544921875
32.9765625,932.7453002929688
32.9921875,933.5003662109375
33.0078125,933.5567016601562
33.0234375,933.7030029296875
33.0390625,932.4202270507812
33.0546875,933.880615234375
33.0703125,933.3468017578125
33.0859375,934.1231079101562
33.1015625,933.377685546875
33.1171875,933.520263671875
33.1328125,932.364990234375
33.1484375,933.6602172851562
33.1640625,933.8390502929688
33.1796875,933.6119995117188
33.1953125,933.7695922851562
33.2109375,932.6181640625
33.2265625,933.013427734375
33.2421875,933.5281982421875
33.2578125,933.2774658203125
33.2734375,933.8234252929688
33.2890625,933.370849609375
33.3046875,933.1788330078125
33.3203125,932.7796630859375
33.3359375,933.3413696289062
33.3515625,932.969482421875
33.3671875,933.0768432617188
33.3828125,932.5803833007812
33.3984375,932.6284790039062
33.4140625,932.667236328125
33.4296875,933.0465698242188
33.4453125,932.8782348632812
33.4609375,932.6903686523438
33.4765625,932.6260986328125
33.4921875,932.9345703125
33.5078125,932.6878051757812
33.5234375,932.504638671875
33.5390625,932.2891845703125
33.5546875,932.4373779296875
33.5703125,932.4185180664062
33.5859375,932.2581787109375
33.6015625,932.46826171875
33.6171875,932.5045166015625
33.6328125,932.3358154296875
33.6484375,932.3186645507812
33.6640625,932.0435180664062
33.6796875,932.0511474609375
33.6953125,932.1142578125
33.7109375,932.029296875
33.7265625,932.0486450195312
33.7421875,932.0978393554688
33.7578125,931.9964599609375
33.7734375,932.031005859375
33.7890625,931.953857421875
33.8046875,931.9351196289062
33.8203125,931.7672729492188
33.8359375,932.1866455078125
33.8515625,931.3844604492188
33.8671875,931.2581176757812
33.8828125,931.4456787109375
33.8984375,931.2427978515625
33.9140625,931.2885131835938
33.9296875,931.3327026367188
33.9453125,931.299560546875
33.9609375,931.324951171875
33.9765625,931.3944091796875
33.9921875,931.3116455078125
34.0078125,931.2381591796875
34.0234375,931.3790893554688
34.0390625,931.32421875
34.0546875,931.270263671875
34.0703125,931.2838134765625
34.0859375,931.2168579101562
34.1015625,931.2631225585938
34.1171875,931.3003540039062
34.1328125,931.1998901367188
34.1484375,931.2687377929688
34.1640625,931.234375
34.1796875,931.239990234375
34.1953125,931.2034912109375
34.2109375,931.2456665039062
34.2265625,931.2162475585938
34.2421875,931.2462768554688
34.2578125,931.2083129882812
34.2734375,931.1971435546875
34.2890625,931.2003784179688
34.3046875,931.18310546875
34.3203125,931.184814453125
34.3359375,931.1839599609375
34.3515625,931.1900024414062
34.3671875,931.19287109375
34.3828125,931.1619873046875
34.3984375,931.1781616210938
34.4140625,931.1741943359375
34.4296875,931.1734008789062
34.4453125,931.1691284179688
34.4609375,931.1619873046875
34.4765625,931.1426391601562
34.4921875,931.1478881835938
34.5078125,931.1376953125
34.5234375,931.13232421875
34.5390625,931.1376342773438
34.5546875,931.1373291015625
34.5703125,931.1367797851562
34.5859375,931.1331176757812
34.6015625,931.1197509765625
34.6171875,931.1326904296875
34.6328125,931.1362915039062
34.6484375,931.1245727539062
34.6640625,931.13037109375
34.6796875,931.1260986328125
34.6953125,931.1220703125
34.7109375,931.133544921875
34.7265625,931.1278076171875
34.7421875,931.1212158203125
34.7578125,931.1166381835938
34.7734375,931.1300048828125
34.7890625,931.1102294921875
34.8046875,931.1214599609375
34.8203125,931.1307373046875
34.8359375,931.12646484375
34.8515625,931.1260986328125
34.8671875,931.1370239257812
34.8828125,931.1297607421875
34.8984375,931.129638671875
34.9140625,931.12646484375
34.9296875,931.12646484375
34.9453125,931.1199951171875
34.9609375,931.1234130859375
34.9765625,931.130859375
34.9921875,931.12646484375
35.0078125,931.1297607421875
35.0234375,931.1226196289062
35.0390625,931.1200561523438
35.0546875,931.1214599609375
35.0703125,931.1270751953125
35.0859375,931.1287231445312
35.1015625,931.1248168945312
35.1171875,931.132080078125
35.1328125,931.1071166992188
35.1484375,931.1294555664062
35.1640625,931.1276245117188
35.1796875,931.1173095703125
35.1953125,931.1172485351562
35.2109375,931.11474609375
35.2265625,931.1119384765625
35.2421875,931.118408203125
35.2578125,931.1143798828125
35.2734375,931.1239013671875
35.2890625,931.1259155273438
35.3046875,931.1181640625
35.3203125,931.11669921875
35.3359375,931.1063232421875
35.3515625,931.1187133789062
35.3671875,931.1138305664062
35.3828125,931.096923828125
35.3984375,931.1173095703125
35.4140625,931.100341796875
35.4296875,931.1234130859375
35.4453125,931.1007080078125
35.4609375,931.1105346679688
35.4765625,931.1242065429688
35.4921875,931.1163940429688
35.5078125,931.1234130859375
35.5234375,931.1091918945312
35.5390625,931.1739501953125
35.5546875,931.1615600585938
35.5703125,931.141845703125
35.5859375,931.153076171875
35.6015625,931.1710815429688
35.6171875,931.1862182617188
35.6328125,931.1862182617188
35.6484375,931.1551513671875
35.6640625,931.1803588867188
35.6796875,931.2393798828125
35.6953125,931.1671142578125
35.7109375,931.1998901367188
35.7265625,931.2274169921875
35.7421875,931.2135620117188
35.7578125,931.2161254882812
35.7734375,931.2762451171875
35.7890625,931.2589111328125
35.8046875,931.2626953125
35.8203125,931.2757568359375
35.8359375,931.3948974609375
35.8515625,931.4375
35.8671875,931.5095825195312
35.8828125,931.4080810546875
35.8984375,931.4662475585938
35.9140625,931.440673828125
35.9296875,931.4920654296875
35.9453125,931.5059204101562
35.9609375,931.5458984375
35.9765625,931.3555908203125
35.9921875,931.5560913085938
36.0078125,931.4103393554688
36.0234375,931.5071411132812
36.0390625,931.4900512695312
36.0546875,931.4025268554688
36.0703125,931.4228515625
36.0859375,931.3556518554688
36.1015625,931.37109375
36.1171875,931.3740234375
36.1328125,931.4149169921875
36.1484375,931.4829711914062
36.1640625,931.3722534179688
36.1796875,931.4481201171875
36.1953125,931.4610595703125
36.2109375,931.513671875
36.2265625,931.4344482421875
36.2421875,931.5948486328125
36.2578125,931.4718017578125
36.2734375,931.3963012695312
36.2890625,931.4900512695312
36.3046875,931.704345703125
36.3203125,931.6844482421875
36.3359375,931.6133422851562
36.3515625,931.5922241210938
36.3671875,931.5762939453125
36.3828125,931.514404296875
36.3984375,931.7194213867188
36.4140625,931.6780395507812
36.4296875,931.4719848632812
36.4453125,931.5603637695312
36.4609375,931.6004638671875
36.4765625,931.74609375
36.4921875,931.467529296875
36.5078125,931.6782836914062
36.5234375,931.6915283203125
36.5390625,931.6534423828125
36.5546875,931.5740966796875
36.5703125,931.6593627929688
36.5859375,931.598388671875
36.6015625,931.3959350585938
36.6171875,931.4508666992188
36.6328125,931.6553955078125
36.6484375,931.5811767578125
36.6640625,931.3463134765625
36.6796875,931.4642944335938
36.6953125,931.4478149414062
36.7109375,931.3973999023438
36.7265625,931.2965698242188
36.7421875,931.369140625
36.7578125,931.4185791015625
36.7734375,931.3529663085938
36.7890625,931.3471069335938
36.8046875,931.3923950195312
36.8203125,931.3654174804688
36.8359375,931.3311767578125
36.8515625,931.4247436523438
36.8671875,931.3390502929688
36.8828125,931.3137817382812
36.8984375,931.3256225585938
36.9140625,931.4033203125
36.9296875,931.3013916015625
36.9453125,931.3146362304688
36.9609375,931.3243408203125
36.9765625,931.282958984375
36.9921875,931.272216796875
37.0078125,931.2677001953125
37.0234375,931.2762451171875
37.0390625,931.2601318359375
37.0546875,931.2606201171875
37.0703125,931.2685546875
37.0859375,931.2635498046875
37.1015625,931.2550659179688
37.1171875,931.2212524414062
37.1328125,931.2168579101562
37.1484375,931.2085571289062
37.1640625,931.1887817382812
37.1796875,931.1848754882812
37.1953125,931.1775512695312
37.2109375,931.1836547851562
37.2265625,931.1766967773438
37.2421875,931.1831665039062
37.2578125,931.162841796875
37.2734375,931.1769409179688
37.2890625,931.1614379882812
37.3046875,931.1544189453125
37.3203125,931.16943359375
37.3359375,931.1650390625
37.3515625,931.1554565429688
37.3671875,931.15380859375
37.3828125,931.1578979492188
37.3984375,931.135986328125
37.4140625,931.1436767578125
37.4296875,931.1348876953125
37.4453125,931.1473388671875
37.4609375,931.141845703125
37.4765625,931.13232421875
37.4921875,931.1325073242188
37.5078125,931.1561279296875
37.5234375,931.1328125
37.5390625,931.1524658203125
37.5546875,931.13818359375
37.5703125,931.1326904296875
37.5859375,931.1513671875
37.6015625,931.1427612304688
37.6171875,931.1289672851562
37.6328125,931.1360473632812
37.6484375,931.1326293945312
37.6640625,931.1300048828125
37.6796875,931.1397705078125
37.6953125,931.125732421875
37.7109375,931.1198120117188
37.7265625,931.127685546875
37.7421875,931.1149291992188
37.7578125,931.1158447265625
37.7734375,931.1192626953125
37.7890625,931.12890625
37.8046875,931.1160888671875
37.8203125,931.1283569335938
37.8359375,931.11083984375
37.8515625,931.1293334960938
37.8671875,931.1209106445312
37.8828125,931.10107421875
37.8984375,931.1011352539062
37.9140625,931.0963134765625
37.9296875,931.1017456054688
37.9453125,931.1524658203125
37.9609375,931.1926879882812
37.9765625,931.2586669921875
37.9921875,931.4149169921875
38.0078125,931.4688110351562
38.0234375,931.9398193359375
38.0390625,931.5963134765625
38.0546875,931.9075317382812
38.0703125,932.1220703125
38.0859375,932.095458984375
38.1015625,931.9624633789062
38.1171875,932.0308227539062
38.1328125,931.8599243164062
38.1484375,931.8240966796875
38.1640625,931.8544311523438
38.1796875,932.2105102539062
38.1953125,932.0746459960938
38.2109375,932.2308959960938
38.2265625,931.990966796875
38.2421875,931.9659423828125
38.2578125,931.7290649414062
38.2734375,931.421875
38.2890625,931.4271850585938
38.3046875,931.4942626953125
38.3203125,931.485107421875
38.3359375,931.7254638671875
38.3515625,931.6903076171875
38.3671875,931.2891235351562
38.3828125,931.416748046875
38.3984375,931.2698974609375
38.4140625,931.3525390625
38.4296875,931.2568359375
38.4453125,931.2967529296875
38.4609375,931.3700561523438
38.4765625,931.2423706054688
38.4921875,931.2495727539062
38.5078125,931.2850341796875
38.5234375,931.2952270507812
38.5390625,931.2942504882812
38.5546875,931.2741088867188
38.5703125,931.2594604492188
38.5859375,931.2742919921875
38.6015625,931.1912231445312
38.6171875,931.2017822265625
38.6328125,931.190185546875
38.6484375,931.212646484375
38.6640625,931.2433471679688
38.6796875,931.3012084960938
38.6953125,931.2463989257812
38.7109375,931.256591796875
38.7265625,931.2755737304688
38.7421875,931.2146606445312
38.7578125,931.282470703125
38.7734375,931.21240234375
38.7890625,931.4190673828125
38.8046875,931.3042602539062
38.8203125,931.2667236328125
38.8359375,931.2269287109375
38.8515625,931.1974487304688
38.8671875,931.1889038085938
38.8828125,931.1878662109375
38.8984375,931.1719360351562
38.9140625,931.1885986328125
38.9296875,931.1699829101562
38.9453125,931.1672973632812
38.9609375,931.1857299804688
38.9765625,931.1608276367188
38.9921875,931.1515502929688
39.0078125,931.1505737304688
39.0234375,931.1466064453125
39.0390625,931.1439819335938
39.0546875,931.1588745117188
39.0703125,931.1395263671875
39.0859375,931.1378784179688
39.1015625,931.1370849609375
39.1171875,931.12841796875
39.1328125,931.1568603515625
39.1484375,931.1320190429688
39.1640625,931.1231689453125
39.1796875,931.1412353515625
39.1953125,931.1409301757812
39.2109375,931.1420288085938
39.2265625,931.1279296875
39.2421875,931.1318359375
39.2578125,931.1367797851562
39.2734375,931.1328735351562
39.2890625,931.1268310546875
39.3046875,931.1102294921875
39.3203125,931.1266479492188
39.3359375,931.1235961914062
39.3515625,931.1273803710938
39.3671875,931.1340942382812
39.3828125,931.1222534179688
39.3984375,931.117919921875
39.4140625,931.1141357421875
39.4296875,931.125
39.4453125,931.1083374023438
39.4609375,931.1235961914062
39.4765625,931.125
39.4921875,931.1038208007812
39.5078125,931.1448974609375
39.5234375,931.192138671875
39.5390625,931.17919921875
39.5546875,931.249267578125
39.5703125,931.3310546875
39.5859375,931.2871704101562
39.6015625,931.4505004882812
39.6171875,931.572265625
39.6328125,931.5400390625
39.6484375,931.9844970703125
39.6640625,931.987548828125
39.6796875,931.8564453125
39.6953125,931.8287353515625
39.7109375,932.042724609375
39.7265625,932.2069091796875
39.7421875,932.3588256835938
39.7578125,932.0361328125
39.7734375,931.9464721679688
39.7890625,932.2333984375
39.8046875,932.1461791992188
39.8203125,931.8524169921875
39.8359375,931.8073120117188
39.8515625,931.78857421875
39.8671875,931.7108154296875
39.8828125,932.0241088867188
39.8984375,931.7910766601562
39.9140625,931.7023315429688
39.9296875,931.8033447265625
39.9453125,931.8628540039062
39.9609375,931.7180786132812
39.9765625,931.8731079101562
39.9921875,931.8595581054688
40.0078125,931.8986206054688
40.0234375,932.0140380859375
40.0390625,931.7933959960938
40.0546875,931.7424926757812
40.0703125,931.6245727539062
40.0859375,931.7880249023438
40.1015625,931.5735473632812
40.1171875,931.7344970703125
40.1328125,931.519287109375
40.1484375,931.4027099609375
40.1640625,931.4091186523438
40.1796875,931.446044921875
40.1953125,931.4396362304688
40.2109375,931.301513671875
40.2265625,931.2606811523438
40.2421875,931.4301147460938
40.2578125,931.2987060546875
40.2734375,931.2718505859375
40.2890625,931.2274780273438
40.3046875,931.2941284179688
40.3203125,931.2347412109375
40.3359375,931.268798828125
40.3515625,931.227783203125
40.3671875,931.2186279296875
40.3828125,931.2199096679688
40.3984375,931.2152709960938
40.4140625,931.2152709960938
40.4296875,931.2034301757812
40.4453125,931.1935424804688
40.4609375,931.2080078125
40.4765625,931.1824951171875
40.4921875,931.1828002929688
40.5078125,931.1740112304688
40.5234375,931.1678466796875
40.5390625,931.1764526367188
40.5546875,931.16943359375
40.5703125,931.1749267578125
40.5859375,931.1646728515625
40.6015625,931.1649169921875
40.6171875,931.1600341796875
40.6328125,931.1708374023438
40.6484375,931.1732788085938
40.6640625,931.170654296875
40.6796875,931.1537475585938
40.6953125,931.14990234375
40.7109375,931.1716918945312
40.7265625,931.149658203125
40.7421875,931.1432495117188
40.7578125,931.1537475585938
40.7734375,931.1490478515625
40.7890625,931.1434326171875
40.8046875,931.1456909179688
40.8203125,931.1534423828125
40.8359375,931.1438598632812
40.8515625,931.1521606445312
40.8671875,931.1349487304688
40.8828125,931.1298217773438
40.8984375,931.1373901367188
40.9140625,931.1412353515625
40.9296875,931.1541748046875
40.9453125,931.1510620117188
40.9609375,931.1485595703125
40.9765625,931.1384887695312
40.9921875,931.1476440429688
41.0078125,931.14208984375
41.0234375,931.1445922851562
41.0390625,931.133544921875
41.0546875,931.1312255859375
41.0703125,931.1360473632812
41.0859375,931.1389770507812
41.1015625,931.1392211914062
41.1171875,931.1421508789062
41.1328125,931.138671875
41.1484375,931.1275024414062
41.1640625,931.1419067382812
41.1796875,931.1423950195312
41.1953125,931.1309204101562
41.2109375,931.1915283203125
41.2265625,931.1527709960938
41.2421875,931.2964477539062
41.2578125,931.2660522460938
41.2734375,931.488037109375
41.2890625,931.6512451171875
41.3046875,932.0928955078125
41.3203125,932.0250854492188
41.3359375,931.969970703125
41.3515625,932.2869262695312
41.3671875,931.7958984375
41.3828125,931.9785766601562
41.3984375,931.7254638671875
41.4140625,932.1823120117188
41.4296875,931.80078125
41.4453125,932.257568359375
41.4609375,931.9395751953125
41.4765625,931.8043823242188
41.4921875,932.0489501953125
41.5078125,931.875732421875
41.5234375,932.5889892578125
41.5390625,933.0355224609375
41.5546875,932.1837768554688
41.5703125,932.2235107421875
41.5859375,932.14990234375
41.6015625,931.7672729492188
41.6171875,932.2299194335938
41.6328125,932.5868530273438
41.6484375,932.1474609375
41.6640625,931.7833862304688
41.6796875,931.6722412109375
41.6953125,932.2925415039062
41.7109375,931.8583374023438
41.7265625,931.7076416015625
41.7421875,931.7012329101562
41.7578125,931.718017578125
41.7734375,931.8943481445312
41.7890625,931.5146484375
41.8046875,931.3988037109375
41.8203125,931.5518798828125
41.8359375,931.5435180664062
41.8515625,931.639892578125
41.8671875,931.5961303710938
41.8828125,931.5633544921875
41.8984375,931.6982421875
41.9140625,931.6188354492188
41.9296875,931.4800415039062
41.9453125,931.4292602539062
41.9609375,931.5285034179688
41.9765625,931.3541259765625
41.9921875,931.3338623046875
42.0078125,931.2777709960938
42.0234375,931.2296752929688
42.0390625,931.2311401367188
42.0546875,931.1884155273438
42.0703125,931.1680908203125
42.0859375,931.173583984375
42.1015625,931.1788330078125
42.1171875,931.166015625
42.1328125,931.1761474609375
42.1484375,931.17724609375
42.1640625,931.1649169921875
42.1796875,931.1652221679688
42.1953125,931.1470947265625
42.2109375,931.153564453125
42.2265625,931.1471557617188
42.2421875,931.1449584960938
42.2578125,931.1615600585938
42.2734375,931.1685791015625
42.2890625,931.1536254882812
42.3046875,931.1683349609375
42.3203125,931.1465454101562
42.3359375,931.1448364257812
42.3515625,931.1454467773438
42.3671875,931.1500854492188
42.3828125,931.1546020507812
42.3984375,931.1495971679688
42.4140625,931.1430053710938
42.4296875,931.1404418945312
42.4453125,931.130859375
42.4609375,931.1439819335938
42.4765625,931.1443481445312
42.4921875,931.1351318359375
42.5078125,931.1240234375
42.5234375,931.135986328125
42.5390625,931.1317138671875
42.5546875,931.1360473632812
42.5703125,931.1259155273438
42.5859375,931.1332397460938
42.6015625,931.1303100585938
42.6171875,931.1312866210938
42.6328125,931.1438598632812
42.6484375,931.1248168945312
42.6640625,931.1204223632812
42.6796875,931.125
42.6953125,931.1380004882812
42.7109375,931.2134399414062
42.7265625,931.3237915039062
42.7421875,932.1293334960938
42.7578125,932.2198486328125
42.7734375,932.4595336914062
42.7890625,932.57177734375
42.8046875,932.31591796875
42.8203125,933.3170166015625
42.8359375,933.3502197265625
42.8515625,932.5753173828125
42.8671875,932.1603393554688
42.8828125,932.7821044921875
42.8984375,932.9220581054688
42.9140625,933.0680541992188
42.9296875,932.4282836914062
42.9453125,932.5055541992188
42.9609375,932.5770263671875
42.9765625,932.953857421875
42.9921875,932.574951171875
43.0078125,932.5436401367188
43.0234375,932.7484130859375
43.0390625,932.9805297851562
43.0546875,933.0372924804688
43.0703125,933.0873413085938
43.0859375,932.6661987304688
43.1015625,933.6643676757812
43.1171875,932.7765502929688
43.1328125,933.0057373046875
43.1484375,932.7409057617188
43.1640625,932.5455322265625
43.1796875,932.2999267578125
43.1953125,932.6632690429688
43.2109375,932.3474731445312
43.2265625,932.42919921875
43.2421875,932.4073486328125
43.2578125,932.2551879882812
43.2734375,932.2333374023438
43.2890625,932.0341796875
43.3046875,932.2918701171875
43.3203125,932.2844848632812
43.3359375,932.379638671875
43.3515625,932.003173828125
43.3671875,932.0399780273438
43.3828125,932.1568603515625
43.3984375,931.9326171875
43.4140625,931.9503173828125
43.4296875,932.2034912109375
43.4453125,932.0352783203125
43.4609375,931.9225463867188
43.4765625,931.7095947265625
43.4921875,931.683349609375
43.5078125,931.7105102539062
43.5234375,931.5062866210938
43.5390625,931.6558227539062
43.5546875,931.4064331054688
43.5703125,931.3703002929688
43.5859375,931.28271484375
43.6015625,931.255615234375
43.6171875,931.2863159179688
43.6328125,931.275146484375
43.6484375,931.240234375
43.6640625,931.2474975585938
43.6796875,931.2241821289062
43.6953125,931.2341918945312
43.7109375,931.1930541992188
43.7265625,931.1976928710938
43.7421875,931.1807861328125
43.7578125,931.1675415039062
43.7734375,931.1578979492188
43.7890625,931.1639404296875
43.8046875,931.1596069335938
43.8203125,931.1524047851562
43.8359375,931.1417236328125
43.8515625,931.1502075195312
43.8671875,931.15185546875
43.8828125,931.1525268554688
43.8984375,931.1517944335938
43.9140625,931.13427734375
43.9296875,931.1447143554688
43.9453125,931.137939453125
43.9609375,931.1300048828125
43.9765625,931.1329345703125
43.9921875,931.1407470703125
44.0078125,931.134521484375
44.0234375,931.1453857421875
44.0390625,931.135498046875
44.0546875,931.135986328125
44.0703125,931.1387329101562
44.0859375,931.1445922851562
44.1015625,931.1404418945312
44.1171875,931.1264038085938
44.1328125,931.1370849609375
44.1484375,931.1314086914062
44.1640625,931.1471557617188
44.1796875,931.1398315429688
44.1953125,931.1353149414062
44.2109375,931.1439819335938
44.2265625,931.1470336914062
44.2421875,931.1450805664062
44.2578125,931.1370849609375
44.2734375,931.1430053710938
44.2890625,931.1344604492188
44.3046875,931.1300659179688
44.3203125,931.1235961914062
44.3359375,931.1344604492188
44.3515625,931.1361694335938
44.3671875,931.11083984375
44.3828125,931.1436767578125
44.3984375,931.1421508789062
44.4140625,931.1385498046875
44.4296875,931.1404418945312
44.4453125,931.116455078125
44.4609375,931.1381225585938
44.4765625,931.1271362304688
44.4921875,931.13232421875
44.5078125,931.1170043945312
44.5234375,931.1326293945312
44.5390625,931.1323852539062
44.5546875,931.1331176757812
44.5703125,931.128173828125
44.5859375,931.1275024414062
44.6015625,931.1398315429688
44.6171875,931.1348266601562
44.6328125,931.1250610351562
44.6484375,931.1320190429688
44.6640625,931.1412353515625
44.6796875,931.1098022460938
44.6953125,931.1314697265625
44.7109375,931.13037109375
44.7265625,931.1275024414062
44.7421875,931.1319580078125
44.7578125,931.1217651367188
44.7734375,931.1411743164062
44.7890625,931.12841796875
44.8046875,931.1219482421875
