# Time (seconds),f0
0.0078125,953.2545166015625
0.0234375,953.1934814453125
0.0390625,953.1781616210938
0.0546875,953.1895751953125
0.0703125,953.1981811523438
0.0859375,953.1906127929688
0.1015625,953.1945190429688
0.1171875,953.181640625
0.1328125,953.1944580078125
0.1484375,953.1981811523438
0.1640625,953.197021484375
0.1796875,953.1917724609375
0.1953125,953.1851196289062
0.2109375,953.1851196289062
0.2265625,953.2078857421875
0.2421875,953.1976928710938
0.2578125,953.1883544921875
0.2734375,953.1982421875
0.2890625,953.1873168945312
0.3046875,953.1895141601562
0.3203125,953.2015991210938
0.3359375,953.20263671875
0.3515625,953.1995849609375
0.3671875,953.189208984375
0.3828125,953.189208984375
0.3984375,953.1946411132812
0.4140625,953.1976928710938
0.4296875,953.2091674804688
0.4453125,953.202880859375
0.4609375,953.19287109375
0.4765625,953.2079467773438
0.4921875,953.196533203125
0.5078125,953.1953735351562
0.5234375,953.18701171875
0.5390625,953.1802368164062
0.5546875,953.1983642578125
0.5703125,953.1895141601562
0.5859375,953.1936645507812
0.6015625,953.1956787109375
0.6171875,953.1940307617188
0.6328125,953.1995849609375
0.6484375,953.20068359375
0.6640625,953.2013549804688
0.6796875,953.1904296875
0.6953125,953.1998291015625
0.7109375,953.2003173828125
0.7265625,953.19677734375
0.7421875,953.1901245117188
0.7578125,953.2009887695312
0.7734375,953.1892700195312
0.7890625,953.1905517578125
0.8046875,953.1851196289062
0.8203125,953.1908569335938
0.8359375,953.2015380859375
0.8515625,953.20068359375
0.8671875,953.19091796875
0.8828125,953.2001342773438
0.8984375,953.2046508789062
0.9140625,953.1827392578125
0.9296875,953.2020263671875
0.9453125,953.1970825195312
0.9609375,953.1981201171875
0.9765625,953.191162109375
0.9921875,953.1971435546875
1.0078125,953.2012939453125
1.0234375,953.1871948242188
1.0390625,953.1965942382812
1.0546875,953.2013549804688
1.0703125,953.1923828125
1.0859375,953.1957397460938
1.1015625,953.1965942382812
1.1171875,953.2001953125
1.1328125,953.188720703125
1.1484375,953.1976928710938
1.1640625,953.1911010742188
1.1796875,953.1961669921875
1.1953125,953.1912841796875
1.2109375,953.1981811523438
1.2265625,953.1883544921875
1.2421875,953.1959838867188
1.2578125,953.1932373046875
1.2734375,953.1970825195312
1.2890625,953.200439453125
1.3046875,953.1965942382812
1.3203125,953.1906127929688
1.3359375,953.1944580078125
1.3515625,953.1906127929688
1.3671875,953.197265625
1.3828125,953.1817016601562
1.3984375,953.1974487304688
1.4140625,953.190185546875
1.4296875,953.198974609375
1.4453125,953.1892700195312
1.4609375,953.192138671875
1.4765625,953.188232421875
1.4921875,953.1981811523438
1.5078125,953.197265625
1.5234375,953.198974609375
1.5390625,953.1959228515625
1.5546875,953.2012329101562
1.5703125,953.2083129882812
1.5859375,953.2317504882812
1.6015625,953.281005859375
1.6171875,953.3162231445312
1.6328125,953.3013305664062
1.6484375,953.3720703125
1.6640625,953.3716430664062
1.6796875,953.3895874023438
1.6953125,953.4384765625
1.7109375,953.4093017578125
1.7265625,953.4607543945312
1.7421875,953.4782104492188
1.7578125,953.4595947265625
1.7734375,953.5067749023438
1.7890625,953.4918823242188
1.8046875,953.4474487304688
1.8203125,953.4588012695312
1.8359375,953.5213623046875
1.8515625,953.55029296875
1.8671875,953.5165405273438
1.8828125,953.5357666015625
1.8984375,953.5590209960938
1.9140625,953.4520874023438
1.9296875,953.4192504882812
1.9453125,953.5048217773438
1.9609375,953.5416870117188
1.9765625,953.6323852539062
1.9921875,953.5225830078125
2.0078125,953.5545043945312
2.0234375,953.5787353515625
2.0390625,953.628173828125
2.0546875,953.4776611328125
2.0703125,953.5396728515625
2.0859375,953.4859008789062
2.1015625,953.5348510742188
2.1171875,953.5489501953125
2.1328125,953.5595703125
2.1484375,953.5712280273438
2.1640625,953.6196899414062
2.1796875,953.4277954101562
2.1953125,953.4669189453125
2.2109375,953.397705078125
2.2265625,953.4509887695312
2.2421875,953.4375
2.2578125,953.442626953125
2.2734375,953.4931030273438
2.2890625,953.392578125
2.3046875,953.5081176757812
2.3203125,953.4216918945312
2.3359375,953.448974609375
2.3515625,953.4732055664062
2.3671875,953.3909301757812
2.3828125,953.4386596679688
2.3984375,953.4302978515625
2.4140625,953.3892211914062
2.4296875,953.3345336914062
2.4453125,953.360107421875
2.4609375,953.3346557617188
2.4765625,953.344482421875
2.4921875,953.3154296875
2.5078125,953.3150024414062
2.5234375,953.3234252929688
2.5390625,953.3151245117188
2.5546875,953.31640625
2.5703125,953.3442993164062
2.5859375,953.3239135742188
2.6015625,953.30615234375
2.6171875,953.3309326171875
2.6328125,953.3095092773438
2.6484375,953.3009033203125
2.6640625,953.31640625
2.6796875,953.3092041015625
2.6953125,953.3219604492188
2.7109375,953.3302612304688
2.7265625,953.3189086914062
2.7421875,953.3218383789062
2.7578125,953.3131713867188
2.7734375,953.313720703125
2.7890625,953.3143310546875
2.8046875,953.29638671875
2.8203125,953.3203735351562
2.8359375,953.3226318359375
2.8515625,953.3208618164062
2.8671875,953.3212280273438
2.8828125,953.3173217773438
2.8984375,953.3013916015625
2.9140625,953.3129272460938
2.9296875,953.3070678710938
2.9453125,953.30419921875
2.9609375,953.3107299804688
2.9765625,953.3002319335938
2.9921875,953.28857421875
3.0078125,953.3014526367188
3.0234375,953.2944946289062
3.0390625,953.300537109375
3.0546875,953.3242797851562
3.0703125,953.3008422851562
3.0859375,953.2706909179688
3.1015625,953.2964477539062
3.1171875,953.2759399414062
3.1328125,953.29296875
3.1484375,953.2969360351562
3.1640625,953.2888793945312
3.1796875,953.2943725585938
3.1953125,953.290771484375
3.2109375,953.3008422851562
3.2265625,953.2999267578125
3.2421875,953.3002319335938
3.2578125,953.3167724609375
3.2734375,953.289794921875
3.2890625,953.2907104492188
3.3046875,953.3214721679688
3.3203125,953.3203125
3.3359375,953.3033447265625
3.3515625,953.2953491210938
3.3671875,953.2963256835938
3.3828125,953.2958984375
3.3984375,953.2919311523438
3.4140625,953.2853393554688
3.4296875,953.3128662109375
3.4453125,953.298828125
3.4609375,953.2928466796875
3.4765625,953.30615234375
3.4921875,953.2858276367188
3.5078125,953.2911376953125
3.5234375,953.2897338867188
3.5390625,953.2802124023438
3.5546875,953.2927856445312
3.5703125,953.292724609375
3.5859375,953.2893676757812
3.6015625,953.305908203125
3.6171875,953.28662109375
3.6328125,953.2872924804688
3.6484375,953.310302734375
3.6640625,953.27734375
3.6796875,953.283203125
3.6953125,953.28662109375
3.7109375,953.2848510742188
3.7265625,953.281005859375
3.7421875,953.2915649414062
3.7578125,953.2991333007812
3.7734375,953.3365478515625
3.7890625,953.3312377929688
3.8046875,953.3206176757812
3.8203125,953.3501586914062
3.8359375,953.4057006835938
3.8515625,953.4520874023438
3.8671875,953.5028686523438
3.8828125,953.4329223632812
3.8984375,953.5023193359375
3.9140625,953.4864501953125
3.9296875,953.4749145507812
3.9453125,953.5813598632812
3.9609375,953.51123046875
3.9765625,953.49951171875
3.9921875,953.482177734375
4.0078125,953.43896484375
4.0234375,953.5415649414062
4.0390625,953.5760498046875
4.0546875,953.5499877929688
4.0703125,953.4312133789062
4.0859375,953.4679565429688
4.1015625,953.5288696289062
4.1171875,953.5980834960938
4.1328125,953.6212768554688
4.1484375,953.5490112304688
4.1640625,953.5606689453125
4.1796875,953.5122680664062
4.1953125,953.6206665039062
4.2109375,953.5516967773438
4.2265625,953.5693359375
4.2421875,953.4771728515625
4.2578125,953.5298461914062
4.2734375,953.5326538085938
4.2890625,953.44482421875
4.3046875,953.3906860351562
4.3203125,953.528076171875
4.3359375,953.4476318359375
4.3515625,953.4202270507812
4.3671875,953.4165649414062
4.3828125,953.4105834960938
4.3984375,953.3518676757812
4.4140625,953.3696899414062
4.4296875,953.4041748046875
4.4453125,953.4185791015625
4.4609375,953.390625
4.4765625,953.3705444335938
4.4921875,953.3820190429688
4.5078125,953.3314819335938
4.5234375,953.33349609375
4.5390625,953.363037109375
4.5546875,953.348876953125
4.5703125,953.3745727539062
4.5859375,953.366943359375
4.6015625,953.337158203125
4.6171875,953.33544921875
4.6328125,953.3499145507812
4.6484375,953.3190307617188
4.6640625,953.315185546875
4.6796875,953.3055419921875
4.6953125,953.337890625
4.7109375,953.3026123046875
4.7265625,953.3146362304688
4.7421875,953.3150634765625
4.7578125,953.3154296875
4.7734375,953.3203735351562
4.7890625,953.3076171875
4.8046875,953.3046875
4.8203125,953.3053588867188
4.8359375,953.3114013671875
4.8515625,953.3071899414062
4.8671875,953.3031005859375
4.8828125,953.3027954101562
4.8984375,953.3038940429688
4.9140625,953.309814453125
4.9296875,953.2814331054688
4.9453125,953.30029296875
4.9609375,953.3095703125
4.9765625,953.2949829101562
4.9921875,953.2994384765625
5.0078125,953.300048828125
5.0234375,953.2944946289062
5.0390625,953.3068237304688
5.0546875,953.3010864257812
5.0703125,953.292236328125
5.0859375,953.288330078125
5.1015625,953.2954711914062
5.1171875,953.2988891601562
5.1328125,953.2883911132812
5.1484375,953.2941284179688
5.1640625,953.2843627929688
5.1796875,953.2893676757812
5.1953125,953.292724609375
5.2109375,953.2841796875
5.2265625,953.2802124023438
5.2421875,953.2849731445312
5.2578125,953.2942504882812
5.2734375,953.2763061523438
5.2890625,953.2833862304688
5.3046875,953.2860107421875
5.3203125,953.2841796875
5.3359375,953.2816162109375
5.3515625,953.2760009765625
5.3671875,953.2586669921875
5.3828125,953.2684326171875
5.3984375,953.2584228515625
5.4140625,953.2699584960938
5.4296875,953.2643432617188
5.4453125,953.2783203125
5.4609375,953.2649536132812
5.4765625,953.2658081054688
5.4921875,953.254638671875
5.5078125,953.2603759765625
5.5234375,953.2571411132812
5.5390625,953.2500610351562
5.5546875,953.2674560546875
5.5703125,953.2571411132812
5.5859375,953.2619018554688
5.6015625,953.255859375
5.6171875,953.287109375
5.6328125,953.2583618164062
5.6484375,953.2587890625
5.6640625,953.26123046875
5.6796875,953.2593383789062
5.6953125,953.2560424804688
5.7109375,953.259033203125
5.7265625,953.2406005859375
5.7421875,953.2749633789062
5.7578125,953.2544555664062
5.7734375,953.2604370117188
5.7890625,953.255859375
5.8046875,953.2511596679688
5.8203125,953.256591796875
5.8359375,953.259521484375
5.8515625,953.2692260742188
5.8671875,953.2620849609375
5.8828125,953.2578125
5.8984375,953.2570190429688
5.9140625,953.2481689453125
5.9296875,953.2579345703125
5.9453125,953.2473754882812
5.9609375,953.2440185546875
5.9765625,953.258544921875
5.9921875,953.2342529296875
6.0078125,953.2481689453125
6.0234375,953.246826171875
6.0390625,953.2520751953125
6.0546875,953.2520141601562
6.0703125,953.2649536132812
6.0859375,953.257568359375
6.1015625,953.2415161132812
6.1171875,953.227783203125
6.1328125,953.2405395507812
6.1484375,953.2360229492188
6.1640625,953.2327270507812
6.1796875,953.2459106445312
6.1953125,953.2385864257812
6.2109375,953.2550659179688
6.2265625,953.2399291992188
6.2421875,953.2433471679688
6.2578125,953.2548828125
6.2734375,953.2485961914062
6.2890625,953.2294311523438
6.3046875,953.2523803710938
6.3203125,953.2354736328125
6.3359375,953.2511596679688
6.3515625,953.2268676757812
6.3671875,953.2610473632812
6.3828125,953.2498779296875
6.3984375,953.2491455078125
6.4140625,953.3096923828125
6.4296875,953.3348388671875
6.4453125,953.4009399414062
6.4609375,953.444091796875
6.4765625,953.5126953125
6.4921875,953.4359741210938
6.5078125,953.5324096679688
6.5234375,953.4397583007812
6.5390625,953.6942749023438
6.5546875,953.5050659179688
6.5703125,953.6231689453125
6.5859375,953.594970703125
6.6015625,953.7251586914062
6.6171875,953.5662841796875
6.6328125,953.6652221679688
6.6484375,953.4959106445312
6.6640625,953.3961791992188
6.6796875,953.3800048828125
6.6953125,953.4323120117188
6.7109375,953.399658203125
6.7265625,953.4613037109375
6.7421875,953.3968505859375
6.7578125,953.3958129882812
6.7734375,953.4208984375
6.7890625,953.3846435546875
6.8046875,953.401611328125
6.8203125,953.4124145507812
6.8359375,953.3596801757812
6.8515625,953.408203125
6.8671875,953.3967895507812
6.8828125,953.395263671875
6.8984375,953.4241333007812
6.9140625,953.3642578125
6.9296875,953.3630981445312
6.9453125,953.4808349609375
6.9609375,953.3628540039062
6.9765625,953.346923828125
6.9921875,953.3485107421875
7.0078125,953.357177734375
7.0234375,953.3698120117188
7.0390625,953.3197631835938
7.0546875,953.3351440429688
7.0703125,953.3326416015625
7.0859375,953.333251953125
7.1015625,953.32568359375
7.1171875,953.3311767578125
7.1328125,953.3031005859375
7.1484375,953.3276977539062
7.1640625,953.3271484375
7.1796875,953.3229370117188
7.1953125,953.2984008789062
7.2109375,953.3089599609375
7.2265625,953.29296875
7.2421875,953.2973022460938
7.2578125,953.29248046875
7.2734375,953.2977905273438
7.2890625,953.303466796875
7.3046875,953.2857666015625
7.3203125,953.2736206054688
7.3359375,953.2672729492188
7.3515625,953.2738647460938
7.3671875,953.271484375
7.3828125,953.2840576171875
7.3984375,953.2579956054688
7.4140625,953.2625732421875
7.4296875,953.2661743164062
7.4453125,953.270263671875
7.4609375,953.2625732421875
7.4765625,953.2680053710938
7.4921875,953.2910766601562
7.5078125,953.2672729492188
7.5234375,953.2679443359375
7.5390625,953.261474609375
7.5546875,953.2682495117188
7.5703125,953.25
7.5859375,953.2868041992188
7.6015625,953.2542114257812
7.6171875,953.2620239257812
7.6328125,953.2603149414062
7.6484375,953.24951171875
7.6640625,953.268310546875
7.6796875,953.2589111328125
7.6953125,953.273193359375
7.7109375,953.2614135742188
7.7265625,953.2653198242188
7.7421875,953.2425537109375
7.7578125,953.2544555664062
7.7734375,953.2430419921875
7.7890625,953.2537841796875
7.8046875,953.2623901367188
7.8203125,953.2758178710938
7.8359375,953.2581787109375
7.8515625,953.258544921875
7.8671875,953.251953125
7.8828125,953.2512817382812
7.8984375,953.245849609375
7.9140625,953.2467651367188
7.9296875,953.240966796875
7.9453125,953.2396850585938
7.9609375,953.253173828125
7.9765625,953.2413940429688
7.9921875,953.24951171875
8.0078125,953.2444458007812
8.0234375,953.2547607421875
8.0390625,953.2555541992188
8.0546875,953.2550048828125
8.0703125,953.233154296875
8.0859375,953.244140625
8.1015625,953.2459106445312
8.1171875,953.2595825195312
8.1328125,953.247314453125
8.1484375,953.23583984375
8.1640625,953.2454223632812
8.1796875,953.2393798828125
8.1953125,953.2424926757812
8.2109375,953.233642578125
8.2265625,953.2384643554688
8.2421875,953.2399291992188
8.2578125,953.2406616210938
8.2734375,953.2258911132812
8.2890625,953.2310791015625
8.3046875,953.2333374023438
8.3203125,953.2431640625
8.3359375,953.2322387695312
8.3515625,953.2427368164062
8.3671875,953.2383422851562
8.3828125,953.2257080078125
8.3984375,953.2329711914062
8.4140625,953.231689453125
8.4296875,953.2347412109375
8.4453125,953.2322387695312
8.4609375,953.2430419921875
8.4765625,953.2470703125
8.4921875,953.2423095703125
8.5078125,953.2453002929688
8.5234375,953.2615356445312
8.5390625,953.3341064453125
8.5546875,953.3355102539062
8.5703125,953.3713989257812
8.5859375,953.364990234375
8.6015625,953.4448852539062
8.6171875,953.4300537109375
8.6328125,953.451904296875
8.6484375,953.4750366210938
8.6640625,953.5045166015625
8.6796875,953.4900512695312
8.6953125,953.4231567382812
8.7109375,953.5070190429688
8.7265625,953.4838256835938
8.7421875,953.5773315429688
8.7578125,953.6674194335938
8.7734375,953.4652099609375
8.7890625,953.6557006835938
8.8046875,953.5267944335938
8.8203125,953.6113891601562
8.8359375,953.5792846679688
8.8515625,953.5045166015625
8.8671875,953.5364379882812
8.8828125,953.4669799804688
8.8984375,953.4647216796875
8.9140625,953.5910034179688
8.9296875,953.551513671875
8.9453125,953.5580444335938
8.9609375,953.5655517578125
8.9765625,953.4609985351562
8.9921875,953.612060546875
9.0078125,953.518310546875
9.0234375,953.6380004882812
9.0390625,953.5635986328125
9.0546875,953.5862426757812
9.0703125,953.4911499023438
9.0859375,953.5565185546875
9.1015625,953.5407104492188
9.1171875,953.426513671875
9.1328125,953.53466796875
9.1484375,953.4539794921875
9.1640625,953.4620361328125
9.1796875,953.4482421875
9.1953125,953.4982299804688
9.2109375,953.4188842773438
9.2265625,953.4905395507812
9.2421875,953.427490234375
9.2578125,953.3817138671875
9.2734375,953.3712768554688
9.2890625,953.38427734375
9.3046875,953.375
9.3203125,953.3615112304688
9.3359375,953.3532104492188
9.3515625,953.3525390625
9.3671875,953.3477172851562
9.3828125,953.3426513671875
9.3984375,953.3385620117188
9.4140625,953.3162231445312
9.4296875,953.329345703125
9.4453125,953.3131103515625
9.4609375,953.3057861328125
9.4765625,953.311279296875
9.4921875,953.2992553710938
9.5078125,953.2930297851562
9.5234375,953.305419921875
9.5390625,953.3150024414062
9.5546875,953.3148803710938
9.5703125,953.3123168945312
9.5859375,953.308349609375
9.6015625,953.3134155273438
9.6171875,953.2962036132812
9.6328125,953.3161010742188
9.6484375,953.2984008789062
9.6640625,953.2886352539062
9.6796875,953.3110961914062
9.6953125,953.3070068359375
9.7109375,953.2888793945312
9.7265625,953.2857666015625
9.7421875,953.2835693359375
9.7578125,953.2843627929688
9.7734375,953.2989501953125
9.7890625,953.2838134765625
9.8046875,953.2830810546875
9.8203125,953.2830810546875
9.8359375,953.2952270507812
9.8515625,953.2816772460938
9.8671875,953.278564453125
9.8828125,953.2807006835938
9.8984375,953.2733154296875
9.9140625,953.2832641601562
9.9296875,953.292236328125
9.9453125,953.2672729492188
9.9609375,953.2949829101562
9.9765625,953.2921142578125
9.9921875,953.2862548828125
10.0078125,953.2611694335938
10.0234375,953.2827758789062
10.0390625,953.2715454101562
10.0546875,953.2723388671875
10.0703125,953.2715454101562
10.0859375,953.2816162109375
10.1015625,953.2694091796875
10.1171875,953.275146484375
10.1328125,953.2706298828125
10.1484375,953.2726440429688
10.1640625,953.2640380859375
10.1796875,953.2658081054688
10.1953125,953.2811279296875
10.2109375,953.2771606445312
10.2265625,953.288330078125
10.2421875,953.2681884765625
10.2578125,953.2625732421875
10.2734375,953.2693481445312
10.2890625,953.2601928710938
10.3046875,953.2515258789062
10.3203125,953.2569580078125
10.3359375,953.2562866210938
10.3515625,953.25146484375
10.3671875,953.2548828125
10.3828125,953.262451171875
10.3984375,953.2445068359375
10.4140625,953.2512817382812
10.4296875,953.251220703125
10.4453125,953.2438354492188
10.4609375,953.2400512695312
10.4765625,953.2505493164062
10.4921875,953.2603149414062
10.5078125,953.2545166015625
10.5234375,953.2495727539062
10.5390625,953.2481689453125
10.5546875,953.2567749023438
10.5703125,953.25732421875
10.5859375,953.2439575195312
10.6015625,953.257568359375
10.6171875,953.3385620117188
10.6328125,953.3635864257812
10.6484375,953.382080078125
10.6640625,953.4461669921875
10.6796875,953.491455078125
10.6953125,953.5658569335938
10.7109375,953.5575561523438
10.7265625,953.6250610351562
10.7421875,953.555908203125
10.7578125,953.7007446289062
10.7734375,953.7228393554688
10.7890625,953.6591186523438
10.8046875,953.6658935546875
10.8203125,953.6097412109375
10.8359375,953.8555908203125
10.8515625,953.7860107421875
10.8671875,953.7593383789062
10.8828125,953.833740234375
10.8984375,953.5880126953125
10.9140625,953.73046875
10.9296875,953.7378540039062
10.9453125,953.7161254882812
10.9609375,953.7840576171875
10.9765625,953.8693237304688
10.9921875,953.8209228515625
11.0078125,953.7953491210938
11.0234375,953.7265625
11.0390625,953.6721801757812
11.0546875,953.546630859375
11.0703125,953.564453125
11.0859375,953.6697998046875
11.1015625,953.5942993164062
11.1171875,953.6189575195312
11.1328125,953.6351928710938
11.1484375,953.5382080078125
11.1640625,953.5569458007812
11.1796875,953.5366821289062
11.1953125,953.5150756835938
11.2109375,953.503173828125
11.2265625,953.5421142578125
11.2421875,953.4584350585938
11.2578125,953.4434204101562
11.2734375,953.3984375
11.2890625,953.4418334960938
11.3046875,953.4022216796875
11.3203125,953.3909301757812
11.3359375,953.3743286132812
11.3515625,953.3677978515625
11.3671875,953.3564453125
11.3828125,953.3497314453125
11.3984375,953.3274536132812
11.4140625,953.3360595703125
11.4296875,953.3159790039062
11.4453125,953.3201904296875
11.4609375,953.3109741210938
11.4765625,953.3192749023438
11.4921875,953.2994995117188
11.5078125,953.3251342773438
11.5234375,953.31640625
11.5390625,953.3045043945312
11.5546875,953.3053588867188
11.5703125,953.31787109375
11.5859375,953.3123168945312
11.6015625,953.3075561523438
11.6171875,953.3069458007812
11.6328125,953.2972412109375
11.6484375,953.3244018554688
11.6640625,953.3167114257812
11.6796875,953.3021850585938
11.6953125,953.3027954101562
11.7109375,953.3024291992188
11.7265625,953.2919311523438
11.7421875,953.2974853515625
11.7578125,953.2952270507812
11.7734375,953.3111572265625
11.7890625,953.3025512695312
11.8046875,953.303955078125
11.8203125,953.3178100585938
11.8359375,953.30029296875
11.8515625,953.2874145507812
11.8671875,953.2970581054688
11.8828125,953.296142578125
11.8984375,953.2987060546875
11.9140625,953.3218383789062
11.9296875,953.3262939453125
11.9453125,953.3125610351562
11.9609375,953.3176879882812
11.9765625,953.31396484375
11.9921875,953.2850341796875
12.0078125,953.2987060546875
12.0234375,953.3001098632812
12.0390625,953.286865234375
12.0546875,953.3087768554688
12.0703125,953.29833984375
12.0859375,953.3041381835938
12.1015625,953.3079223632812
12.1171875,953.2885131835938
12.1328125,953.2832641601562
12.1484375,953.2993774414062
12.1640625,953.2952270507812
12.1796875,953.3071899414062
12.1953125,953.2946166992188
12.2109375,953.2874755859375
12.2265625,953.2897338867188
12.2421875,953.3048706054688
12.2578125,953.2862548828125
12.2734375,953.3031616210938
12.2890625,953.2979736328125
12.3046875,953.2854614257812
12.3203125,953.2866821289062
12.3359375,953.2962036132812
12.3515625,953.2760620117188
12.3671875,953.2833251953125
12.3828125,953.2807006835938
12.3984375,953.290283203125
12.4140625,953.2892456054688
12.4296875,953.2950439453125
12.4453125,953.295654296875
12.4609375,953.2804565429688
12.4765625,953.2778930664062
12.4921875,953.2874145507812
12.5078125,953.2967529296875
12.5234375,953.2866821289062
12.5390625,953.2977294921875
12.5546875,953.2875366210938
12.5703125,953.280029296875
12.5859375,953.2852783203125
12.6015625,953.2813110351562
12.6171875,953.29443359375
12.6328125,953.2993774414062
12.6484375,953.37841796875
12.6640625,953.3950805664062
12.6796875,953.42578125
12.6953125,953.4553833007812
12.7109375,953.46044921875
12.7265625,953.4899291992188
12.7421875,953.5396728515625
12.7578125,953.5184326171875
12.7734375,953.5929565429688
12.7890625,953.5603637695312
12.8046875,953.5762329101562
12.8203125,953.6032104492188
12.8359375,953.5425415039062
12.8515625,953.49755859375
12.8671875,953.6301879882812
12.8828125,953.6714477539062
12.8984375,953.67138671875
12.9140625,953.6819458007812
12.9296875,953.6930541992188
12.9453125,953.7271728515625
12.9609375,953.691162109375
12.9765625,953.7286376953125
12.9921875,953.675537109375
13.0078125,953.684814453125
13.0234375,953.7310180664062
13.0390625,953.6240234375
13.0546875,953.6958618164062
13.0703125,953.6637573242188
13.0859375,953.75146484375
13.1015625,953.6094970703125
13.1171875,953.6261596679688
13.1328125,953.6091918945312
13.1484375,953.67529296875
13.1640625,953.6105346679688
13.1796875,953.6727905273438
13.1953125,953.625732421875
13.2109375,953.6195068359375
13.2265625,953.618408203125
13.2421875,953.578857421875
13.2578125,953.4945068359375
13.2734375,953.4852294921875
13.2890625,953.4205322265625
13.3046875,953.4750366210938
13.3203125,953.4894409179688
13.3359375,953.4051513671875
13.3515625,953.4418334960938
13.3671875,953.3677368164062
13.3828125,953.3546752929688
13.3984375,953.35107421875
13.4140625,953.3344116210938
13.4296875,953.3421630859375
13.4453125,953.3422241210938
13.4609375,953.3368530273438
13.4765625,953.3433227539062
13.4921875,953.331298828125
13.5078125,953.3577270507812
13.5234375,953.3572998046875
13.5390625,953.3518676757812
13.5546875,953.3611450195312
13.5703125,953.3429565429688
13.5859375,953.3490600585938
13.6015625,953.352294921875
13.6171875,953.3482666015625
13.6328125,953.3578491210938
13.6484375,953.333984375
13.6640625,953.3298950195312
13.6796875,953.3358154296875
13.6953125,953.324951171875
13.7109375,953.352294921875
13.7265625,953.3352661132812
13.7421875,953.3477172851562
13.7578125,953.3543701171875
13.7734375,953.335205078125
13.7890625,953.3486328125
13.8046875,953.342529296875
13.8203125,953.3295288085938
13.8359375,953.344970703125
13.8515625,953.3278198242188
13.8671875,953.3412475585938
13.8828125,953.322021484375
13.8984375,953.3320922851562
13.9140625,953.3307495117188
13.9296875,953.3284912109375
13.9453125,953.3453979492188
13.9609375,953.3297729492188
13.9765625,953.3389892578125
13.9921875,953.32421875
14.0078125,953.3328857421875
14.0234375,953.3406982421875
14.0390625,953.344482421875
14.0546875,953.34765625
14.0703125,953.3360595703125
14.0859375,953.3463745117188
14.1015625,953.3422241210938
14.1171875,953.3374633789062
14.1328125,953.3385009765625
14.1484375,953.3326416015625
14.1640625,953.3343505859375
14.1796875,953.3405151367188
14.1953125,953.3305053710938
14.2109375,953.3296508789062
14.2265625,953.3259887695312
14.2421875,953.3233642578125
14.2578125,953.3368530273438
14.2734375,953.3153076171875
14.2890625,953.32373046875
14.3046875,953.3190307617188
14.3203125,953.3356323242188
14.3359375,953.3359985351562
14.3515625,953.3283081054688
14.3671875,953.3349609375
14.3828125,953.3283081054688
14.3984375,953.3239135742188
14.4140625,953.3301391601562
14.4296875,953.322998046875
14.4453125,953.3399658203125
14.4609375,953.3223266601562
14.4765625,953.3268432617188
14.4921875,953.3262939453125
14.5078125,953.3276977539062
14.5234375,953.3297729492188
14.5390625,953.3206787109375
14.5546875,953.3294067382812
14.5703125,953.3233642578125
14.5859375,953.3195190429688
14.6015625,953.3094482421875
14.6171875,953.3193359375
14.6328125,953.3201904296875
14.6484375,953.305419921875
14.6640625,953.3220825195312
14.6796875,953.369140625
14.6953125,953.3779296875
14.7109375,953.4243774414062
14.7265625,953.4959716796875
14.7421875,953.5493774414062
14.7578125,953.4644165039062
14.7734375,953.4984130859375
14.7890625,953.5772705078125
14.8046875,953.5548706054688
14.8203125,953.6138305664062
14.8359375,953.6283569335938
14.8515625,953.5889892578125
14.8671875,953.7404174804688
14.8828125,953.7919921875
14.8984375,953.6268310546875
14.9140625,953.6886596679688
14.9296875,953.5160522460938
14.9453125,953.70068359375
14.9609375,953.6582641601562
14.9765625,953.4444580078125
14.9921875,953.5094604492188
15.0078125,953.4766235351562
15.0234375,953.695068359375
15.0390625,953.580078125
15.0546875,953.5110473632812
15.0703125,953.5614624023438
15.0859375,953.5573120117188
15.1015625,953.5498046875
15.1171875,953.5472412109375
15.1328125,953.50537109375
15.1484375,953.5416259765625
15.1640625,953.473388671875
15.1796875,953.522705078125
15.1953125,953.452880859375
15.2109375,953.4338989257812
15.2265625,953.3953857421875
15.2421875,953.3688354492188
15.2578125,953.4450073242188
15.2734375,953.4547729492188
15.2890625,953.4224243164062
15.3046875,953.444580078125
15.3203125,953.3884887695312
15.3359375,953.3720703125
15.3515625,953.3798217773438
15.3671875,953.3594970703125
15.3828125,953.3424072265625
15.3984375,953.3460083007812
15.4140625,953.350830078125
15.4296875,953.3365478515625
15.4453125,953.3242797851562
15.4609375,953.3309326171875
15.4765625,953.3619995117188
15.4921875,953.3323364257812
15.5078125,953.3092651367188
15.5234375,953.302001953125
15.5390625,953.30029296875
15.5546875,953.3284301757812
15.5703125,953.3285522460938
15.5859375,953.3311767578125
15.6015625,953.3287963867188
15.6171875,953.314208984375
15.6328125,953.3125610351562
15.6484375,953.29833984375
15.6640625,953.3175048828125
15.6796875,953.3289794921875
15.6953125,953.3218383789062
15.7109375,953.3329467773438
15.7265625,953.3154296875
15.7421875,953.3167724609375
15.7578125,953.3172607421875
15.7734375,953.3046875
15.7890625,953.3282470703125
15.8046875,953.3212890625
15.8203125,953.3209228515625
15.8359375,953.3011474609375
15.8515625,953.298828125
15.8671875,953.3311767578125
15.8828125,953.3267211914062
15.8984375,953.3180541992188
15.9140625,953.3048706054688
15.9296875,953.3172607421875
15.9453125,953.3043823242188
15.9609375,953.3172607421875
15.9765625,953.3228149414062
15.9921875,953.3167114257812
16.0078125,953.3125610351562
16.0234375,953.3218383789062
16.0390625,953.2899780273438
16.0546875,953.30810546875
16.0703125,953.3162841796875
16.0859375,953.3123168945312
16.1015625,953.32373046875
16.1171875,953.2998046875
16.1328125,953.316162109375
16.1484375,953.3005981445312
16.1640625,953.3115234375
16.1796875,953.3169555664062
16.1953125,953.3125
16.2109375,953.321533203125
16.2265625,953.31640625
16.2421875,953.31591796875
16.2578125,953.3129272460938
16.2734375,953.2971801757812
16.2890625,953.322021484375
16.3046875,953.3087158203125
16.3203125,953.3131103515625
16.3359375,953.3167724609375
16.3515625,953.3145141601562
16.3671875,953.2914428710938
16.3828125,953.2852172851562
16.3984375,953.3111572265625
16.4140625,953.2997436523438
16.4296875,953.291015625
16.4453125,953.2821655273438
16.4609375,953.3192749023438
16.4765625,953.2889404296875
16.4921875,953.2954711914062
16.5078125,953.3063354492188
16.5234375,953.3009643554688
16.5390625,953.2883911132812
16.5546875,953.286865234375
16.5703125,953.282470703125
16.5859375,953.2954711914062
16.6015625,953.29443359375
16.6171875,953.2889404296875
16.6328125,953.2997436523438
16.6484375,953.3050537109375
16.6640625,953.302490234375
16.6796875,953.3023071289062
16.6953125,953.2864379882812
16.7109375,953.292724609375
16.7265625,953.3168334960938
16.7421875,953.321044921875
16.7578125,953.4383544921875
16.7734375,953.4672241210938
16.7890625,953.4256591796875
16.8046875,953.390625
16.8203125,953.382080078125
16.8359375,953.4147338867188
16.8515625,953.5427856445312
16.8671875,953.4631958007812
16.8828125,953.4307861328125
16.8984375,953.524658203125
16.9140625,953.4866333007812
16.9296875,953.6027221679688
16.9453125,953.5281982421875
16.9609375,953.6035766601562
16.9765625,953.5618286132812
16.9921875,953.71630859375
17.0078125,953.5449829101562
17.0234375,953.60693359375
17.0390625,953.6886596679688
17.0546875,953.6981811523438
17.0703125,953.8493041992188
17.0859375,953.7517700195312
17.1015625,953.6844482421875
17.1171875,953.841552734375
17.1328125,953.5927734375
17.1484375,953.7420043945312
17.1640625,953.6652221679688
17.1796875,953.6444091796875
17.1953125,953.7491455078125
17.2109375,953.7178955078125
17.2265625,953.8372192382812
17.2421875,953.6401977539062
17.2578125,953.6832885742188
17.2734375,953.6239624023438
17.2890625,953.6382446289062
17.3046875,953.7313232421875
17.3203125,953.542236328125
17.3359375,953.6126098632812
17.3515625,953.60693359375
17.3671875,953.60498046875
17.3828125,953.5499267578125
17.3984375,953.5546875
17.4140625,953.5294189453125
17.4296875,953.5601196289062
17.4453125,953.4728393554688
17.4609375,953.5474853515625
17.4765625,953.4677124023438
17.4921875,953.4577026367188
17.5078125,953.4107055664062
17.5234375,953.4395751953125
17.5390625,953.4469604492188
17.5546875,953.4091796875
17.5703125,953.39794921875
17.5859375,953.3834228515625
17.6015625,953.3546752929688
17.6171875,953.3460083007812
17.6328125,953.3597412109375
17.6484375,953.359130859375
17.6640625,953.3600463867188
17.6796875,953.3465576171875
17.6953125,953.3471069335938
17.7109375,953.3494262695312
17.7265625,953.3493041992188
17.7421875,953.3477783203125
17.7578125,953.3731689453125
17.7734375,953.3631591796875
17.7890625,953.3460693359375
17.8046875,953.341552734375
17.8203125,953.3634643554688
17.8359375,953.3532104492188
17.8515625,953.3314819335938
17.8671875,953.3387451171875
17.8828125,953.3568725585938
17.8984375,953.3623046875
17.9140625,953.3546142578125
17.9296875,953.3482055664062
17.9453125,953.3477783203125
17.9609375,953.3353881835938
17.9765625,953.3458251953125
17.9921875,953.3497924804688
18.0078125,953.3414916992188
18.0234375,953.3483276367188
18.0390625,953.3331298828125
18.0546875,953.3253784179688
18.0703125,953.350830078125
18.0859375,953.3427124023438
18.1015625,953.3510131835938
18.1171875,953.3497924804688
18.1328125,953.35302734375
18.1484375,953.3262329101562
18.1640625,953.3358154296875
18.1796875,953.3349609375
18.1953125,953.316162109375
18.2109375,953.3416137695312
18.2265625,953.3134765625
18.2421875,953.3173217773438
18.2578125,953.3193359375
18.2734375,953.3309936523438
18.2890625,953.33544921875
18.3046875,953.3419799804688
18.3203125,953.3223876953125
18.3359375,953.3235473632812
18.3515625,953.3292236328125
18.3671875,953.3434448242188
18.3828125,953.3207397460938
18.3984375,953.3348388671875
18.4140625,953.3214111328125
18.4296875,953.3203735351562
18.4453125,953.3380737304688
18.4609375,953.3323974609375
18.4765625,953.3362426757812
18.4921875,953.3430786132812
18.5078125,953.3145141601562
18.5234375,953.3421630859375
18.5390625,953.334716796875
18.5546875,953.3290405273438
18.5703125,953.3161010742188
18.5859375,953.3187866210938
18.6015625,953.3242797851562
18.6171875,953.3324584960938
18.6328125,953.3272705078125
18.6484375,953.3267822265625
18.6640625,953.3239135742188
18.6796875,953.3309326171875
18.6953125,953.3268432617188
18.7109375,953.3274536132812
18.7265625,953.326171875
18.7421875,953.3377685546875
18.7578125,953.3294067382812
18.7734375,953.3245239257812
18.7890625,953.3231201171875
18.8046875,953.3282470703125
18.8203125,953.335693359375
18.8359375,953.3287963867188
18.8515625,953.3215942382812
18.8671875,953.2997436523438
18.8828125,953.3287353515625
18.8984375,953.3270874023438
18.9140625,953.3351440429688
18.9296875,953.3342895507812
18.9453125,953.3251342773438
18.9609375,953.3338012695312
18.9765625,953.4080200195312
18.9921875,953.61474609375
19.0078125,953.5864868164062
19.0234375,953.6032104492188
19.0390625,953.7092895507812
19.0546875,953.6157836914062
19.0703125,953.8037109375
19.0859375,953.8106079101562
19.1015625,953.8555297851562
19.1171875,953.6901245117188
19.1328125,953.56982421875
19.1484375,953.587646484375
19.1640625,953.8595581054688
19.1796875,953.7044067382812
19.1953125,953.7899780273438
19.2109375,953.7444458007812
19.2265625,953.7739868164062
19.2421875,953.63818359375
19.2578125,953.65771484375
19.2734375,953.6854248046875
19.2890625,953.7001953125
19.3046875,953.674560546875
19.3203125,953.6528930664062
19.3359375,953.57958984375
19.3515625,953.5899658203125
19.3671875,953.599365234375
19.3828125,953.5899658203125
19.3984375,953.57373046875
19.4140625,953.5431518554688
19.4296875,953.615966796875
19.4453125,953.7437133789062
19.4609375,953.7799682617188
19.4765625,953.7077026367188
19.4921875,953.591796875
19.5078125,953.5980834960938
19.5234375,953.5851440429688
19.5390625,953.5767211914062
19.5546875,953.583984375
19.5703125,953.5302734375
19.5859375,953.5231323242188
19.6015625,953.6080932617188
19.6171875,953.5623779296875
19.6328125,953.625
19.6484375,953.6106567382812
19.6640625,953.510986328125
19.6796875,953.3949584960938
19.6953125,953.4715576171875
19.7109375,953.5343017578125
19.7265625,953.4359130859375
19.7421875,953.3960571289062
19.7578125,953.3919067382812
19.7734375,953.356689453125
19.7890625,953.4287109375
19.8046875,953.4026489257812
19.8203125,953.3706665039062
19.8359375,953.3954467773438
19.8515625,953.397216796875
19.8671875,953.3478393554688
19.8828125,953.358642578125
19.8984375,953.3480224609375
19.9140625,953.3428955078125
19.9296875,953.3468017578125
19.9453125,953.3479614257812
19.9609375,953.3435668945312
19.9765625,953.35107421875
19.9921875,953.3528442382812
20.0078125,953.3419799804688
20.0234375,953.3522338867188
20.0390625,953.345458984375
20.0546875,953.3482055664062
20.0703125,953.3580322265625
20.0859375,953.3460083007812
20.1015625,953.3391723632812
20.1171875,953.361328125
20.1328125,953.3526611328125
20.1484375,953.3435668945312
20.1640625,953.3550415039062
20.1796875,953.3444213867188
20.1953125,953.33935546875
20.2109375,953.3385009765625
20.2265625,953.3412475585938
20.2421875,953.3468627929688
20.2578125,953.3441772460938
20.2734375,953.3452758789062
20.2890625,953.3403930664062
20.3046875,953.3480224609375
20.3203125,953.3482055664062
20.3359375,953.3497314453125
20.3515625,953.3225708007812
20.3671875,953.3394165039062
20.3828125,953.3280029296875
20.3984375,953.3485717773438
20.4140625,953.3416137695312
20.4296875,953.3419189453125
20.4453125,953.3482666015625
20.4609375,953.3538208007812
20.4765625,953.3317260742188
20.4921875,953.3387451171875
20.5078125,953.3468017578125
20.5234375,953.3283081054688
20.5390625,953.3508911132812
20.5546875,953.3267211914062
20.5703125,953.3449096679688
20.5859375,953.3510131835938
20.6015625,953.330078125
20.6171875,953.3446655273438
20.6328125,953.3615112304688
20.6484375,953.3458862304688
20.6640625,953.3295288085938
20.6796875,953.3411254882812
20.6953125,953.3406982421875
20.7109375,953.3150634765625
20.7265625,953.3394165039062
20.7421875,953.3402099609375
20.7578125,953.320068359375
20.7734375,953.3382568359375
20.7890625,953.3273315429688
20.8046875,953.3189086914062
20.8203125,953.3345336914062
20.8359375,953.3148193359375
20.8515625,953.3292236328125
20.8671875,953.3439331054688
20.8828125,953.3473510742188
20.8984375,953.3164672851562
20.9140625,953.3441162109375
20.9296875,953.3260498046875
20.9453125,953.3363647460938
20.9609375,953.3461303710938
20.9765625,953.3405151367188
20.9921875,953.322265625
21.0078125,953.3273315429688
21.0234375,953.3265991210938
21.0390625,953.3321533203125
21.0546875,953.298095703125
21.0703125,953.3292846679688
21.0859375,953.330078125
21.1015625,953.329833984375
21.1171875,953.3411254882812
21.1328125,953.3474731445312
21.1484375,953.3483276367188
21.1640625,953.3538818359375
21.1796875,953.36328125
21.1953125,953.3588256835938
21.2109375,953.3297729492188
21.2265625,953.362548828125
21.2421875,953.344482421875
21.2578125,953.298583984375
21.2734375,953.289794921875
21.2890625,953.3352661132812
21.3046875,953.322021484375
21.3203125,953.3234252929688
21.3359375,953.294677734375
21.3515625,953.33544921875
21.3671875,953.291015625
21.3828125,953.319091796875
21.3984375,953.3033447265625
21.4140625,953.33203125
21.4296875,953.3267822265625
21.4453125,953.3406982421875
21.4609375,953.3092041015625
21.4765625,953.3698120117188
21.4921875,953.3449096679688
21.5078125,953.3301391601562
21.5234375,953.3811645507812
21.5390625,953.320068359375
21.5546875,953.3597412109375
21.5703125,953.3773803710938
21.5859375,953.317626953125
21.6015625,953.3173828125
21.6171875,953.3187866210938
21.6328125,953.3176879882812
21.6484375,953.3253173828125
21.6640625,953.3868408203125
21.6796875,953.3448486328125
21.6953125,953.3544921875
21.7109375,953.43505859375
21.7265625,953.3955078125
21.7421875,953.5023803710938
21.7578125,953.37646484375
21.7734375,953.3558349609375
21.7890625,953.409912109375
21.8046875,953.4177856445312
21.8203125,953.340576171875
21.8359375,953.4064331054688
21.8515625,953.386474609375
21.8671875,953.3978881835938
21.8828125,953.3751220703125
21.8984375,953.4592895507812
21.9140625,953.4827880859375
21.9296875,953.5161743164062
21.9453125,953.443115234375
21.9609375,953.3869018554688
21.9765625,953.3474731445312
21.9921875,953.3280029296875
22.0078125,953.3111572265625
22.0234375,953.332763671875
22.0390625,953.3280029296875
22.0546875,953.3201904296875
22.0703125,953.3403930664062
22.0859375,953.322021484375
22.1015625,953.292236328125
22.1171875,953.3235473632812
22.1328125,953.3184814453125
22.1484375,953.30419921875
22.1640625,953.321044921875
22.1796875,953.3224487304688
22.1953125,953.311767578125
22.2109375,953.3114013671875
22.2265625,953.3059692382812
22.2421875,953.3038940429688
22.2578125,953.2869873046875
22.2734375,953.3193359375
22.2890625,953.2969360351562
22.3046875,953.2962036132812
22.3203125,953.2942504882812
22.3359375,953.282958984375
22.3515625,953.2985229492188
22.3671875,953.29443359375
22.3828125,953.288330078125
22.3984375,953.2967529296875
22.4140625,953.3060913085938
22.4296875,953.2760009765625
22.4453125,953.29052734375
22.4609375,953.2813720703125
22.4765625,953.3008422851562
22.4921875,953.294921875
22.5078125,953.2939453125
22.5234375,953.2848510742188
22.5390625,953.28857421875
22.5546875,953.294677734375
22.5703125,953.2827758789062
22.5859375,953.2935180664062
22.6015625,953.28271484375
22.6171875,953.2919921875
22.6328125,953.2935180664062
22.6484375,953.2760620117188
22.6640625,953.303955078125
22.6796875,953.3003540039062
22.6953125,953.2860717773438
22.7109375,953.2764892578125
22.7265625,953.2724609375
22.7421875,953.2816162109375
22.7578125,953.2844848632812
22.7734375,953.2782592773438
22.7890625,953.2796630859375
22.8046875,953.2734375
22.8203125,953.2823486328125
22.8359375,953.2819213867188
22.8515625,953.2914428710938
22.8671875,953.26953125
22.8828125,953.2762451171875
22.8984375,953.2672729492188
22.9140625,953.2704467773438
22.9296875,953.2774658203125
22.9453125,953.3168334960938
22.9609375,953.3313598632812
22.9765625,953.3905029296875
22.9921875,953.4444580078125
23.0078125,953.4275512695312
23.0234375,953.4322509765625
23.0390625,953.541748046875
23.0546875,953.5404663085938
23.0703125,953.578125
23.0859375,953.5408325195312
23.1015625,953.5523071289062
23.1171875,953.6444091796875
23.1328125,953.4541015625
23.1484375,953.5961303710938
23.1640625,953.4948120117188
23.1796875,953.490966796875
23.1953125,953.4699096679688
23.2109375,953.5628051757812
23.2265625,953.5106201171875
23.2421875,953.5780029296875
23.2578125,953.5687866210938
23.2734375,953.4715576171875
23.2890625,953.5265502929688
23.3046875,953.5493774414062
23.3203125,953.5809936523438
23.3359375,953.6072387695312
23.3515625,953.616455078125
23.3671875,953.6800537109375
23.3828125,953.704833984375
23.3984375,953.6303100585938
23.4140625,953.61865234375
23.4296875,953.522705078125
23.4453125,953.6049194335938
23.4609375,953.625732421875
23.4765625,953.5528564453125
23.4921875,953.5951538085938
23.5078125,953.6080932617188
23.5234375,953.5770874023438
23.5390625,953.6181640625
23.5546875,953.6315307617188
23.5703125,953.6722412109375
23.5859375,953.5923461914062
23.6015625,953.58349609375
23.6171875,953.537841796875
23.6328125,953.6683349609375
23.6484375,953.5479736328125
23.6640625,953.5278930664062
23.6796875,953.56640625
23.6953125,953.491455078125
23.7109375,953.4602661132812
23.7265625,953.6019897460938
23.7421875,953.4127197265625
23.7578125,953.5133666992188
23.7734375,953.4855346679688
23.7890625,953.4727783203125
23.8046875,953.4978637695312
23.8203125,953.452392578125
23.8359375,953.4368286132812
23.8515625,953.393798828125
23.8671875,953.3899536132812
23.8828125,953.3690185546875
23.8984375,953.3557739257812
23.9140625,953.3599853515625
23.9296875,953.3494262695312
23.9453125,953.3412475585938
23.9609375,953.3374633789062
23.9765625,953.3513793945312
23.9921875,953.3366088867188
24.0078125,953.3404541015625
24.0234375,953.3363037109375
24.0390625,953.3407592773438
24.0546875,953.33984375
24.0703125,953.3396606445312
24.0859375,953.3482055664062
24.1015625,953.3264770507812
24.1171875,953.3436279296875
24.1328125,953.326904296875
24.1484375,953.32421875
24.1640625,953.3306884765625
24.1796875,953.3240966796875
24.1953125,953.3187866210938
24.2109375,953.3270874023438
24.2265625,953.314208984375
24.2421875,953.3292846679688
24.2578125,953.3184814453125
24.2734375,953.32373046875
24.2890625,953.3121948242188
24.3046875,953.3130493164062
24.3203125,953.3092651367188
24.3359375,953.3168334960938
24.3515625,953.3089599609375
24.3671875,953.3250732421875
24.3828125,953.3082885742188
24.3984375,953.3190307617188
24.4140625,953.3109741210938
24.4296875,953.2952880859375
24.4453125,953.3224487304688
24.4609375,953.3111572265625
24.4765625,953.3056640625
24.4921875,953.3005981445312
24.5078125,953.3203735351562
24.5234375,953.3106079101562
24.5390625,953.3126220703125
24.5546875,953.3041381835938
24.5703125,953.307861328125
24.5859375,953.3032836914062
24.6015625,953.3019409179688
24.6171875,953.3065185546875
24.6328125,953.294921875
24.6484375,953.300537109375
24.6640625,953.30419921875
24.6796875,953.3031616210938
24.6953125,953.3053588867188
24.7109375,953.3004760742188
24.7265625,953.2969360351562
24.7421875,953.2962036132812
24.7578125,953.2962036132812
24.7734375,953.2963256835938
24.7890625,953.2852783203125
24.8046875,953.285888671875
24.8203125,953.2848510742188
24.8359375,953.3037109375
24.8515625,953.300537109375
24.8671875,953.2969970703125
24.8828125,953.2852172851562
24.8984375,953.3028564453125
24.9140625,953.311279296875
24.9296875,953.408203125
24.9453125,953.3839721679688
24.9609375,953.412109375
24.9765625,953.4229736328125
24.9921875,953.4364624023438
25.0078125,953.5055541992188
25.0234375,953.4974975585938
25.0390625,953.6710205078125
25.0546875,953.5684814453125
25.0703125,953.7025756835938
25.0859375,953.762939453125
25.1015625,953.6491088867188
25.1171875,953.7350463867188
25.1328125,953.6590576171875
25.1484375,953.7022705078125
25.1640625,953.8190307617188
25.1796875,953.7063598632812
25.1953125,953.6389770507812
25.2109375,953.7138061523438
25.2265625,953.8134155273438
25.2421875,953.6831665039062
25.2578125,953.6906127929688
25.2734375,953.784912109375
25.2890625,953.7267456054688
25.3046875,953.7155151367188
25.3203125,953.7307739257812
25.3359375,953.697021484375
25.3515625,953.6791381835938
25.3671875,953.6395874023438
25.3828125,953.693115234375
25.3984375,953.8607788085938
25.4140625,953.6221923828125
25.4296875,953.7344360351562
25.4453125,953.7420043945312
25.4609375,953.6495971679688
25.4765625,953.6390991210938
25.4921875,953.6272583007812
25.5078125,953.6450805664062
25.5234375,953.6762084960938
25.5390625,953.6331176757812
25.5546875,953.7040405273438
25.5703125,953.6178588867188
25.5859375,953.6466064453125
25.6015625,953.6294555664062
25.6171875,953.6109008789062
25.6328125,953.565185546875
25.6484375,953.5698852539062
25.6640625,953.55224609375
25.6796875,953.6292114257812
25.6953125,953.58203125
25.7109375,953.552001953125
25.7265625,953.6052856445312
25.7421875,953.5798950195312
25.7578125,953.6075439453125
25.7734375,953.5316772460938
25.7890625,953.537841796875
25.8046875,953.48828125
25.8203125,953.490966796875
25.8359375,953.4652099609375
25.8515625,953.3947143554688
25.8671875,953.3574829101562
25.8828125,953.3475341796875
25.8984375,953.3521728515625
25.9140625,953.337646484375
25.9296875,953.3539428710938
25.9453125,953.366455078125
25.9609375,953.3555297851562
25.9765625,953.3392944335938
25.9921875,953.3494262695312
26.0078125,953.3442993164062
26.0234375,953.3364868164062
26.0390625,953.3377075195312
26.0546875,953.3438110351562
26.0703125,953.3331909179688
26.0859375,953.3419189453125
26.1015625,953.3427124023438
26.1171875,953.3477172851562
26.1328125,953.3325805664062
26.1484375,953.3471069335938
26.1640625,953.337890625
26.1796875,953.3334350585938
26.1953125,953.3330078125
26.2109375,953.3364868164062
26.2265625,953.3482055664062
26.2421875,953.3314819335938
26.2578125,953.3468017578125
26.2734375,953.3298950195312
26.2890625,953.3295288085938
26.3046875,953.337890625
26.3203125,953.3319091796875
26.3359375,953.34521484375
26.3515625,953.3265991210938
26.3671875,953.340576171875
26.3828125,953.3536987304688
26.3984375,953.3402709960938
26.4140625,953.3387451171875
26.4296875,953.3334350585938
26.4453125,953.3226318359375
26.4609375,953.3318481445312
26.4765625,953.3200073242188
26.4921875,953.3342895507812
26.5078125,953.335693359375
26.5234375,953.331787109375
26.5390625,953.3335571289062
26.5546875,953.3402709960938
26.5703125,953.338623046875
26.5859375,953.3275756835938
26.6015625,953.337646484375
26.6171875,953.3265380859375
26.6328125,953.331787109375
26.6484375,953.31982421875
26.6640625,953.325927734375
26.6796875,953.32763671875
26.6953125,953.3209228515625
26.7109375,953.3267822265625
26.7265625,953.3333129882812
26.7421875,953.3117065429688
26.7578125,953.3214111328125
26.7734375,953.3101196289062
26.7890625,953.3104248046875
26.8046875,953.3081665039062
26.8203125,953.3145141601562
26.8359375,953.3125
26.8515625,953.3839111328125
26.8671875,953.3873901367188
26.8828125,953.4699096679688
26.8984375,953.4964599609375
26.9140625,953.4674682617188
26.9296875,953.4086303710938
26.9453125,953.5338134765625
26.9609375,953.5411987304688
26.9765625,953.5534057617188
26.9921875,953.5888671875
27.0078125,953.573974609375
27.0234375,953.6174926757812
27.0390625,953.602783203125
27.0546875,953.5576171875
27.0703125,953.6090698242188
27.0859375,953.7192993164062
27.1015625,953.6007690429688
27.1171875,953.6663208007812
27.1328125,953.734130859375
27.1484375,953.7620239257812
27.1640625,953.773193359375
27.1796875,953.7035522460938
27.1953125,953.6502075195312
27.2109375,953.744140625
27.2265625,953.71484375
27.2421875,953.6434326171875
27.2578125,953.66357421875
27.2734375,953.52685546875
27.2890625,953.7565307617188
27.3046875,953.7398071289062
27.3203125,953.7516479492188
27.3359375,953.768310546875
27.3515625,953.62255859375
27.3671875,953.59765625
27.3828125,953.751220703125
27.3984375,953.6978149414062
27.4140625,953.5428466796875
27.4296875,953.5698852539062
27.4453125,953.6728515625
27.4609375,953.639892578125
27.4765625,953.5942993164062
27.4921875,953.5756225585938
27.5078125,953.6196899414062
27.5234375,953.5861206054688
27.5390625,953.6410522460938
27.5546875,953.6250610351562
27.5703125,953.498779296875
27.5859375,953.5711669921875
27.6015625,953.591796875
27.6171875,953.637451171875
27.6328125,953.516357421875
27.6484375,953.5742797851562
27.6640625,953.5642700195312
27.6796875,953.5369262695312
27.6953125,953.5318603515625
27.7109375,953.4699096679688
27.7265625,953.4862060546875
27.7421875,953.4297485351562
27.7578125,953.385986328125
27.7734375,953.3578491210938
27.7890625,953.3716430664062
27.8046875,953.371826171875
27.8203125,953.3765258789062
27.8359375,953.3737182617188
27.8515625,953.3631591796875
27.8671875,953.3594970703125
27.8828125,953.3591918945312
27.8984375,953.3575439453125
27.9140625,953.3656005859375
27.9296875,953.3490600585938
27.9453125,953.3600463867188
27.9609375,953.3811645507812
27.9765625,953.3541870117188
27.9921875,953.3482666015625
28.0078125,953.3555297851562
28.0234375,953.346435546875
28.0390625,953.3500366210938
28.0546875,953.3585815429688
28.0703125,953.3462524414062
28.0859375,953.3533935546875
28.1015625,953.345458984375
28.1171875,953.358154296875
28.1328125,953.3611450195312
28.1484375,953.3444213867188
28.1640625,953.3443603515625
28.1796875,953.3390502929688
28.1953125,953.3443603515625
28.2109375,953.3639526367188
28.2265625,953.347412109375
28.2421875,953.3441162109375
28.2578125,953.3479614257812
28.2734375,953.3466796875
28.2890625,953.3507690429688
28.3046875,953.3442993164062
28.3203125,953.3443603515625
28.3359375,953.33544921875
28.3515625,953.3380126953125
28.3671875,953.3505859375
28.3828125,953.3302001953125
28.3984375,953.3292236328125
28.4140625,953.3599243164062
28.4296875,953.33935546875
28.4453125,953.3507690429688
28.4609375,953.3298950195312
28.4765625,953.3349609375
28.4921875,953.3430786132812
28.5078125,953.3490600585938
28.5234375,953.3485717773438
28.5390625,953.3411254882812
28.5546875,953.3340454101562
28.5703125,953.3340454101562
28.5859375,953.3342895507812
28.6015625,953.3304443359375
28.6171875,953.3480834960938
28.6328125,953.3320922851562
28.6484375,953.33740234375
28.6640625,953.3375854492188
28.6796875,953.3220825195312
28.6953125,953.3299560546875
28.7109375,953.3513793945312
28.7265625,953.342529296875
28.7421875,953.3365478515625
28.7578125,953.3253784179688
28.7734375,953.3207397460938
28.7890625,953.330078125
28.8046875,953.3329467773438
28.8203125,953.3566284179688
28.8359375,953.3532104492188
28.8515625,953.3557739257812
28.8671875,953.3512573242188
28.8828125,953.346923828125
28.8984375,953.3662109375
28.9140625,953.384765625
28.9296875,953.4169311523438
28.9453125,953.3944091796875
28.9609375,953.4341430664062
28.9765625,953.41552734375
28.9921875,953.4911499023438
29.0078125,953.4459838867188
29.0234375,953.47998046875
29.0390625,953.4356079101562
29.0546875,953.5009765625
29.0703125,953.5426635742188
29.0859375,953.5005493164062
29.1015625,953.3887939453125
29.1171875,953.4811401367188
29.1328125,953.5523071289062
29.1484375,953.5355224609375
29.1640625,953.5535888671875
29.1796875,953.4498291015625
29.1953125,953.515625
29.2109375,953.4515991210938
29.2265625,953.452880859375
29.2421875,953.473388671875
29.2578125,953.4302368164062
29.2734375,953.4238891601562
29.2890625,953.466796875
29.3046875,953.4422607421875
29.3203125,953.41552734375
29.3359375,953.4557495117188
29.3515625,953.5089111328125
29.3671875,953.3963012695312
29.3828125,953.432373046875
29.3984375,953.3927612304688
29.4140625,953.4559326171875
29.4296875,953.3963012695312
29.4453125,953.4495239257812
29.4609375,953.4266967773438
29.4765625,953.389404296875
29.4921875,953.4461669921875
29.5078125,953.3546752929688
29.5234375,953.4118041992188
29.5390625,953.426513671875
29.5546875,953.4188232421875
29.5703125,953.4105224609375
29.5859375,953.3469848632812
29.6015625,953.3580322265625
29.6171875,953.3610229492188
29.6328125,953.379638671875
29.6484375,953.3887939453125
29.6640625,953.3761596679688
29.6796875,953.36669921875
29.6953125,953.3848876953125
29.7109375,953.3750610351562
29.7265625,953.366455078125
29.7421875,953.3663940429688
29.7578125,953.3680419921875
29.7734375,953.3551635742188
29.7890625,953.3783569335938
29.8046875,953.3619384765625
29.8203125,953.3638305664062
29.8359375,953.3735961914062
29.8515625,953.3695068359375
29.8671875,953.372314453125
29.8828125,953.3563842773438
29.8984375,953.3663330078125
29.9140625,953.3568725585938
29.9296875,953.3684692382812
29.9453125,953.361328125
29.9609375,953.3693237304688
29.9765625,953.3756713867188
29.9921875,953.3753662109375
30.0078125,953.3638305664062
30.0234375,953.37255859375
30.0390625,953.3704223632812
30.0546875,953.3641357421875
30.0703125,953.3663330078125
30.0859375,953.3603515625
30.1015625,953.3602905273438
30.1171875,953.3634033203125
30.1328125,953.3634033203125
30.1484375,953.3653564453125
30.1640625,953.3557739257812
30.1796875,953.37060546875
30.1953125,953.3525390625
30.2109375,953.3605346679688
30.2265625,953.36669921875
30.2421875,953.3572998046875
30.2578125,953.3702392578125
30.2734375,953.3826904296875
30.2890625,953.373779296875
30.3046875,953.358642578125
30.3203125,953.3646850585938
30.3359375,953.3604736328125
30.3515625,953.3697509765625
30.3671875,953.3583374023438
30.3828125,953.3692626953125
30.3984375,953.3780517578125
30.4140625,953.3773803710938
30.4296875,953.3674926757812
30.4453125,953.364501953125
30.4609375,953.3663940429688
30.4765625,953.3609008789062
30.4921875,953.3724975585938
30.5078125,953.3767700195312
30.5234375,953.3694458007812
30.5390625,953.3687133789062
30.5546875,953.3675537109375
30.5703125,953.3599853515625
30.5859375,953.372314453125
30.6015625,953.3792114257812
30.6171875,953.3724975585938
30.6328125,953.3558959960938
30.6484375,953.3501586914062
30.6640625,953.3787231445312
30.6796875,953.3687133789062
30.6953125,953.3818359375
30.7109375,953.3743286132812
30.7265625,953.3488159179688
30.7421875,953.378173828125
30.7578125,953.3756103515625
30.7734375,953.360595703125
30.7890625,953.3758544921875
30.8046875,953.3675537109375
30.8203125,953.3676147460938
30.8359375,953.3585205078125
30.8515625,953.3736572265625
30.8671875,953.3630981445312
30.8828125,953.3731079101562
30.8984375,953.3653564453125
30.9140625,953.374755859375
30.9296875,953.3723754882812
30.9453125,953.4009399414062
30.9609375,953.341552734375
30.9765625,953.3693237304688
30.9921875,953.3617553710938
31.0078125,953.4058227539062
31.0234375,953.3709106445312
31.0390625,953.3617553710938
31.0546875,953.3285522460938
31.0703125,953.3671875
31.0859375,953.32568359375
31.1015625,953.3572387695312
31.1171875,953.388427734375
31.1328125,953.3873291015625
31.1484375,953.356689453125
31.1640625,953.3929443359375
31.1796875,953.3463745117188
31.1953125,953.368408203125
31.2109375,953.3929443359375
31.2265625,953.3502197265625
31.2421875,953.3637084960938
31.2578125,953.3762817382812
31.2734375,953.3561401367188
31.2890625,953.3643798828125
31.3046875,953.3396606445312
31.3203125,953.4058227539062
31.3359375,953.3414916992188
31.3515625,953.3619995117188
31.3671875,953.357177734375
31.3828125,953.3452758789062
31.3984375,953.3427124023438
31.4140625,953.3809814453125
31.4296875,953.3617553710938
31.4453125,953.3475341796875
31.4609375,953.3693237304688
31.4765625,953.3538208007812
31.4921875,953.375732421875
31.5078125,953.3619995117188
31.5234375,953.3443603515625
31.5390625,953.3634033203125
31.5546875,953.37841796875
31.5703125,953.3844604492188
31.5859375,953.3619995117188
31.6015625,953.3579711914062
31.6171875,953.3634643554688
31.6328125,953.3815307617188
31.6484375,953.3648071289062
31.6640625,953.3781127929688
31.6796875,953.3651123046875
31.6953125,953.3778686523438
31.7109375,953.3599853515625
31.7265625,953.373779296875
31.7421875,953.3538208007812
31.7578125,953.3637084960938
31.7734375,953.368408203125
31.7890625,953.375732421875
31.8046875,953.3535766601562
31.8203125,953.365234375
31.8359375,953.3703002929688
31.8515625,953.361083984375
31.8671875,953.3524169921875
31.8828125,953.3743286132812
31.8984375,953.3533935546875
31.9140625,953.372314453125
31.9296875,953.3695068359375
31.9453125,953.3694458007812
31.9609375,953.3585815429688
31.9765625,953.3651123046875
31.9921875,953.3521728515625
32.0078125,953.3569946289062
32.0234375,953.3694458007812
32.0390625,953.3521728515625
32.0546875,953.3688354492188
32.0703125,953.362548828125
32.0859375,953.3624877929688
32.1015625,953.36083984375
32.1171875,953.3663940429688
32.1328125,953.3490600585938
32.1484375,953.3734130859375
32.1640625,953.3783569335938
32.1796875,953.3694458007812
32.1953125,953.372314453125
